New coordinate list:

[-199, 98, 410]
[-199, 98, 409]
[-199, 98, 409]
[-199, 98, 408]
[-199, 98, 407]
[-199, 98, 406]
[-199, 98, 406]
[-199, 98, 405]
[-199, 98, 404]
[-199, 98, 403]
[-199, 98, 403]
[-199, 98, 402]
[-199, 98, 401]
[-200, 99, 400]
[-200, 99, 400]
[-200, 99, 399]
[-200, 99, 398]
[-200, 99, 397]
[-200, 99, 397]
[-200, 99, 396]
[-200, 99, 395]
[-200, 99, 394]
[-200, 99, 394]
[-200, 100, 393]
[-201, 100, 392]
[-201, 100, 391]
[-201, 100, 391]
[-201, 100, 390]
[-201, 100, 389]
[-201, 100, 388]
[-201, 101, 387]
[-202, 101, 387]
[-202, 101, 386]
[-202, 101, 385]
[-202, 101, 384]
[-202, 101, 384]
[-202, 102, 383]
[-202, 102, 382]
[-203, 102, 381]
[-203, 102, 380]
[-203, 103, 380]
[-203, 103, 379]
[-203, 103, 378]
[-203, 103, 377]
[-204, 103, 377]
[-204, 104, 376]
[-204, 104, 375]
[-204, 104, 374]
[-204, 104, 374]
[-205, 105, 373]
[-205, 105, 372]
[-205, 105, 371]
[-205, 105, 370]
[-205, 106, 370]
[-206, 106, 369]
[-206, 106, 368]
[-206, 107, 367]
[-206, 107, 367]
[-207, 107, 366]
[-207, 107, 365]
[-207, 108, 364]
[-207, 108, 364]
[-207, 108, 363]
[-208, 109, 362]
[-208, 109, 361]
[-208, 109, 361]
[-208, 110, 360]
[-209, 110, 359]
[-209, 110, 358]
[-209, 111, 358]
[-209, 111, 357]
[-210, 111, 356]
[-210, 112, 355]
[-210, 112, 355]
[-210, 112, 354]
[-211, 113, 353]
[-211, 113, 352]
[-211, 113, 352]
[-212, 114, 351]
[-212, 114, 350]
[-212, 115, 349]
[-212, 115, 349]
[-213, 115, 348]
[-213, 116, 347]
[-213, 116, 347]
[-214, 116, 346]
[-214, 117, 345]
[-214, 117, 345]
[-215, 118, 344]
[-215, 118, 343]
[-215, 118, 342]
[-216, 119, 342]
[-216, 119, 341]
[-216, 120, 340]
[-217, 120, 340]
[-217, 121, 339]
[-218, 121, 338]
[-218, 121, 338]
[-218, 122, 337]
[-219, 122, 336]
[-219, 123, 336]
[-220, 123, 335]
[-220, 124, 334]
[-221, 124, 333]
[-221, 125, 333]
[-222, 125, 332]
[-222, 126, 331]
[-223, 126, 331]
[-223, 127, 330]
[-223, 127, 329]
[-224, 128, 329]
[-224, 128, 328]
[-225, 129, 328]
[-225, 129, 327]
[-226, 130, 326]
[-227, 130, 326]
[-228, 130, 326]
[-229, 130, 326]
[-230, 130, 326]
[-231, 130, 326]
[-232, 131, 326]
[-233, 131, 326]
[-234, 131, 326]
[-235, 131, 326]
[-236, 131, 326]
[-237, 131, 326]
[-238, 132, 326]
[-239, 132, 326]
[-240, 132, 326]
[-241, 132, 326]
[-242, 132, 326]
[-243, 132, 326]
[-244, 133, 326]
[-245, 133, 326]
[-246, 133, 326]
[-247, 133, 326]
[-248, 133, 326]
[-249, 134, 326]
[-250, 134, 326]
[-251, 134, 326]
[-252, 134, 326]
[-253, 134, 326]
[-254, 134, 326]
[-255, 135, 326]
[-256, 135, 326]
[-257, 135, 326]
[-258, 135, 326]
[-259, 135, 326]
[-260, 135, 326]
[-261, 136, 326]
[-262, 136, 326]
[-263, 136, 326]
[-264, 136, 326]
[-265, 136, 326]
[-266, 137, 326]
[-267, 137, 326]
[-268, 137, 326]
[-269, 137, 326]
[-270, 137, 326]
[-271, 137, 326]
[-272, 138, 326]
[-273, 138, 326]
[-274, 138, 326]
[-275, 138, 326]
[-276, 138, 326]
[-277, 138, 326]
[-278, 139, 326]
[-279, 139, 326]
[-280, 139, 326]
[-281, 139, 326]
[-282, 139, 326]
[-283, 140, 326]
[-284, 140, 326]
[-285, 140, 326]
[-286, 140, 326]
[-287, 140, 326]
[-288, 140, 326]
[-289, 141, 326]
[-290, 141, 326]
[-291, 141, 326]
[-292, 141, 326]
[-293, 141, 326]
[-294, 141, 326]
[-295, 142, 326]
[-296, 142, 326]
[-297, 142, 326]
[-298, 142, 326]
[-299, 142, 326]
[-300, 143, 326]
[-301, 143, 326]
[-302, 143, 326]
[-303, 143, 326]
[-304, 143, 326]
[-305, 143, 326]
[-306, 144, 326]
[-307, 144, 326]
[-308, 144, 326]
[-309, 144, 326]
[-310, 144, 326]
[-311, 144, 326]
[-312, 145, 326]
[-313, 145, 326]
[-314, 145, 326]
[-315, 145, 326]
[-316, 145, 326]
[-317, 146, 326]
[-318, 146, 325]
[-319, 146, 324]
[-320, 146, 324]
[-321, 146, 323]
[-322, 146, 322]
[-323, 146, 322]
[-323, 146, 321]
[-324, 146, 320]
[-325, 146, 320]
[-326, 146, 319]
[-326, 146, 318]
[-327, 146, 318]
[-327, 146, 317]
[-328, 146, 316]
[-328, 146, 316]
[-328, 146, 315]
[-328, 146, 314]
[-329, 146, 314]
[-328, 146, 313]
[-328, 146, 312]
[-328, 146, 312]
[-328, 146, 311]
[-327, 146, 310]
[-327, 146, 310]
[-326, 146, 309]
[-326, 146, 308]
[-325, 146, 308]
[-324, 146, 307]
[-323, 146, 306]
[-323, 146, 306]
[-322, 146, 305]
[-321, 146, 304]
[-320, 146, 304]
[-319, 146, 303]
[-318, 146, 302]
[-317, 146, 302]
[-316, 146, 302]
[-315, 146, 302]
[-314, 146, 302]
[-313, 146, 302]
[-312, 147, 302]
[-311, 147, 302]
[-310, 147, 302]
[-309, 147, 302]
[-308, 147, 302]
[-307, 148, 302]
[-306, 148, 302]
[-305, 148, 302]
[-304, 148, 302]
[-303, 148, 302]
[-302, 149, 302]
[-301, 149, 302]
[-300, 149, 302]
[-299, 149, 302]
[-298, 149, 302]
[-297, 150, 302]
[-296, 150, 302]
[-295, 150, 302]
[-294, 150, 302]
[-293, 150, 302]
[-292, 151, 302]
[-291, 151, 302]
[-290, 151, 302]
[-289, 151, 302]
[-288, 151, 302]
[-287, 152, 302]
[-286, 152, 302]
[-285, 152, 302]
[-284, 152, 302]
[-283, 152, 302]
[-282, 153, 302]
[-281, 153, 302]
[-280, 153, 302]
[-279, 153, 302]
[-278, 153, 302]
[-277, 154, 302]
[-276, 154, 302]
[-275, 154, 302]
[-274, 154, 302]
[-273, 155, 302]
[-272, 155, 302]
[-271, 155, 302]
[-270, 155, 302]
[-269, 155, 302]
[-268, 156, 302]
[-267, 156, 302]
[-266, 156, 302]
[-265, 156, 302]
[-264, 156, 302]
[-263, 157, 302]
[-262, 157, 302]
[-261, 157, 302]
[-260, 157, 302]
[-259, 157, 302]
[-258, 158, 302]
[-257, 158, 302]
[-256, 158, 302]
[-255, 158, 302]
[-254, 158, 302]
[-253, 159, 302]
[-252, 159, 302]
[-251, 159, 302]
[-250, 159, 302]
[-249, 159, 302]
[-248, 160, 302]
[-247, 160, 302]
[-246, 160, 302]
[-245, 160, 302]
[-244, 160, 302]
[-243, 161, 302]
[-242, 161, 302]
[-241, 161, 302]
[-240, 161, 302]
[-239, 161, 302]
[-238, 162, 302]
[-237, 162, 302]
[-236, 162, 302]
[-235, 162, 302]
[-234, 163, 302]
[-232, 163, 302]
[-231, 163, 303]
[-230, 163, 304]
[-229, 163, 304]
[-229, 163, 305]
[-228, 163, 306]
[-227, 163, 306]
[-226, 163, 307]
[-225, 163, 308]
[-225, 163, 308]
[-224, 163, 309]
[-224, 163, 310]
[-224, 163, 310]
[-224, 163, 311]
[-224, 163, 312]
[-224, 163, 312]
[-224, 163, 313]
[-224, 163, 314]
[-224, 163, 314]
[-225, 163, 315]
[-225, 163, 316]
[-226, 163, 316]
[-227, 163, 317]
[-228, 163, 318]
[-229, 163, 318]
[-229, 163, 319]
[-230, 163, 320]
[-231, 163, 320]
[-232, 163, 321]
[-234, 163, 322]
[-235, 163, 322]
[-236, 163, 322]
[-237, 163, 322]
[-238, 163, 322]
[-239, 164, 322]
[-240, 164, 322]
[-241, 164, 322]
[-242, 164, 322]
[-243, 164, 322]
[-244, 165, 322]
[-245, 165, 322]
[-246, 165, 322]
[-247, 165, 322]
[-248, 165, 322]
[-249, 166, 322]
[-250, 166, 322]
[-251, 166, 322]
[-252, 166, 322]
[-253, 166, 322]
[-254, 167, 322]
[-255, 167, 322]
[-256, 167, 322]
[-257, 167, 322]
[-258, 167, 322]
[-259, 168, 322]
[-260, 168, 322]
[-261, 168, 322]
[-262, 168, 322]
[-263, 168, 322]
[-264, 169, 322]
[-265, 169, 322]
[-266, 169, 322]
[-267, 169, 322]
[-268, 169, 322]
[-269, 170, 322]
[-270, 170, 322]
[-271, 170, 322]
[-272, 170, 322]
[-273, 170, 322]
[-274, 171, 322]
[-275, 171, 322]
[-276, 171, 322]
[-277, 171, 322]
[-278, 172, 322]
[-279, 172, 322]
[-280, 172, 322]
[-281, 172, 322]
[-282, 172, 322]
[-283, 173, 322]
[-284, 173, 322]
[-285, 173, 322]
[-286, 173, 322]
[-287, 173, 322]
[-288, 174, 322]
[-289, 174, 322]
[-290, 174, 322]
[-291, 174, 322]
[-292, 174, 322]
[-293, 175, 322]
[-294, 175, 322]
[-295, 175, 322]
[-296, 175, 322]
[-297, 175, 322]
[-298, 176, 322]
[-299, 176, 322]
[-300, 176, 322]
[-301, 176, 322]
[-302, 176, 322]
[-303, 177, 322]
[-304, 177, 322]
[-305, 177, 322]
[-306, 177, 322]
[-307, 177, 322]
[-308, 178, 322]
[-309, 178, 322]
[-310, 178, 322]
[-311, 178, 322]
[-312, 178, 322]
[-313, 179, 322]
[-314, 179, 322]
[-315, 179, 322]
[-316, 179, 322]
[-317, 180, 322]
[-318, 180, 322]
[-319, 180, 323]
[-320, 180, 324]
[-321, 180, 324]
[-322, 180, 325]
[-322, 180, 326]
[-323, 180, 326]
[-324, 180, 327]
[-325, 180, 328]
[-325, 180, 328]
[-326, 180, 329]
[-326, 180, 330]
[-326, 180, 330]
[-326, 180, 331]
[-327, 180, 332]
[-326, 180, 332]
[-326, 180, 333]
[-326, 180, 334]
[-326, 180, 334]
[-325, 180, 335]
[-325, 180, 336]
[-324, 180, 336]
[-323, 180, 337]
[-322, 180, 338]
[-322, 180, 338]
[-321, 180, 339]
[-320, 180, 340]
[-319, 180, 340]
[-318, 180, 341]
[-317, 180, 342]
[-316, 180, 342]
[-315, 180, 342]
[-314, 180, 342]
[-313, 180, 342]
[-312, 181, 342]
[-311, 181, 342]
[-310, 181, 342]
[-309, 181, 342]
[-308, 181, 342]
[-307, 182, 342]
[-306, 182, 342]
[-305, 182, 342]
[-304, 182, 342]
[-303, 182, 342]
[-302, 183, 342]
[-301, 183, 342]
[-300, 183, 342]
[-299, 183, 342]
[-298, 183, 342]
[-297, 184, 342]
[-296, 184, 342]
[-295, 184, 342]
[-294, 184, 342]
[-293, 184, 342]
[-292, 185, 342]
[-291, 185, 342]
[-290, 185, 342]
[-289, 185, 342]
[-288, 185, 342]
[-287, 186, 342]
[-286, 186, 342]
[-285, 186, 342]
[-284, 186, 342]
[-283, 186, 342]
[-282, 187, 342]
[-281, 187, 342]
[-280, 187, 342]
[-279, 187, 342]
[-278, 187, 342]
[-277, 188, 342]
[-276, 188, 342]
[-275, 188, 342]
[-274, 188, 342]
[-273, 189, 342]
[-272, 189, 342]
[-271, 189, 342]
[-270, 189, 342]
[-269, 189, 342]
[-268, 190, 342]
[-267, 190, 342]
[-266, 190, 342]
[-265, 190, 342]
[-264, 190, 342]
[-263, 191, 342]
[-262, 191, 342]
[-261, 191, 342]
[-260, 191, 342]
[-259, 191, 342]
[-258, 192, 342]
[-257, 192, 342]
[-256, 192, 342]
[-255, 192, 342]
[-254, 192, 342]
[-253, 193, 342]
[-252, 193, 342]
[-251, 193, 342]
[-250, 193, 342]
[-249, 193, 342]
[-248, 194, 342]
[-247, 194, 342]
[-246, 194, 342]
[-245, 194, 342]
[-244, 194, 342]
[-243, 195, 342]
[-242, 195, 342]
[-241, 195, 342]
[-240, 195, 342]
[-239, 195, 342]
[-238, 196, 342]
[-237, 196, 342]
[-236, 196, 342]
[-235, 196, 342]
[-234, 197, 342]
[-232, 197, 341]
[-231, 197, 340]
[-230, 197, 340]
[-229, 197, 339]
[-228, 197, 338]
[-228, 197, 338]
[-227, 197, 337]
[-226, 197, 336]
[-225, 197, 336]
[-224, 197, 335]
[-224, 197, 334]
[-223, 197, 334]
[-223, 197, 333]
[-222, 197, 332]
[-222, 197, 332]
[-222, 197, 331]
[-222, 197, 330]
[-222, 197, 330]
[-222, 197, 329]
[-222, 197, 328]
[-222, 197, 328]
[-222, 197, 327]
[-223, 197, 326]
[-223, 197, 326]
[-224, 197, 325]
[-224, 197, 324]
[-225, 197, 324]
[-226, 197, 323]
[-227, 197, 322]
[-228, 197, 322]
[-228, 197, 321]
[-229, 197, 320]
[-230, 197, 320]
[-231, 197, 319]
[-232, 197, 318]
[-234, 197, 318]
[-235, 197, 318]
[-236, 197, 318]
[-237, 197, 318]
[-238, 197, 318]
[-239, 197, 318]
[-240, 198, 318]
[-241, 198, 318]
[-242, 198, 318]
[-243, 198, 318]
[-244, 198, 318]
[-245, 199, 318]
[-246, 199, 318]
[-247, 199, 318]
[-248, 199, 318]
[-249, 199, 318]
[-250, 200, 318]
[-251, 200, 318]
[-252, 200, 318]
[-253, 200, 318]
[-254, 200, 318]
[-255, 200, 318]
[-256, 201, 318]
[-257, 201, 318]
[-258, 201, 318]
[-259, 201, 318]
[-260, 201, 318]
[-261, 202, 318]
[-262, 202, 318]
[-263, 202, 318]
[-264, 202, 318]
[-265, 202, 318]
[-266, 203, 318]
[-267, 203, 318]
[-268, 203, 318]
[-269, 203, 318]
[-270, 203, 318]
[-271, 203, 318]
[-272, 204, 318]
[-273, 204, 318]
[-274, 204, 318]
[-275, 204, 318]
[-276, 204, 318]
[-277, 205, 318]
[-278, 205, 318]
[-279, 205, 318]
[-280, 205, 318]
[-281, 205, 318]
[-282, 206, 318]
[-283, 206, 318]
[-284, 206, 318]
[-285, 206, 318]
[-286, 206, 318]
[-287, 207, 318]
[-288, 207, 318]
[-289, 207, 318]
[-290, 207, 318]
[-291, 207, 318]
[-292, 207, 318]
[-293, 208, 318]
[-294, 208, 318]
[-295, 208, 318]
[-296, 208, 318]
[-297, 208, 318]
[-298, 209, 318]
[-299, 209, 318]
[-300, 209, 318]
[-301, 209, 318]
[-302, 209, 318]
[-303, 210, 318]
[-304, 210, 318]
[-305, 210, 318]
[-306, 210, 318]
[-307, 210, 318]
[-308, 210, 318]
[-309, 211, 318]
[-310, 211, 318]
[-311, 211, 318]
[-312, 211, 318]
[-313, 211, 318]
[-314, 212, 318]
[-315, 212, 318]
[-316, 212, 318]
[-317, 212, 318]
[-318, 212, 318]
[-319, 213, 318]
[-320, 213, 318]
[-321, 213, 318]
[-322, 213, 318]
[-323, 213, 318]
[-324, 214, 318]
[-324, 215, 319]
[-324, 215, 320]
[-324, 215, 321]
[-325, 216, 321]
[-325, 216, 322]
[-325, 216, 323]
[-325, 217, 324]
[-326, 217, 324]
[-326, 217, 325]
[-326, 217, 326]
[-326, 218, 326]
[-326, 218, 327]
[-327, 218, 328]
[-327, 219, 329]
[-327, 219, 330]
[-327, 219, 331]
[-328, 219, 332]
[-328, 220, 332]
[-328, 220, 333]
[-328, 220, 334]
[-328, 220, 335]
[-328, 220, 336]
[-329, 220, 336]
[-329, 221, 337]
[-329, 221, 338]
[-329, 221, 339]
[-329, 221, 340]
[-329, 221, 341]
[-329, 221, 342]
[-329, 221, 343]
[-330, 222, 344]
[-330, 222, 345]
[-330, 222, 346]
[-330, 222, 347]
[-330, 222, 348]
[-330, 222, 349]
[-330, 222, 350]
[-330, 222, 351]
[-330, 222, 352]

Summary:
COORDS_BEGIN count: 115
COORDS_END count:   40
Total new count:    716
