# Curve Parameters
# y_end: 226
# loops: 1
# A (south bulge): 120
# B (lateral wiggle): 60
# samples: 350
#
# Analysis Results
# max_grade: 0.980549
# length_3d: 390.09
# length_2d: 362.92
# min_horiz_step: 0.182545
# status: OK
#
# Coordinates (x, y, z)
#==================================================

[-199, 98, 410]
[-199, 98, 411]
[-199, 98, 412]
[-199, 98, 413]
[-199, 98, 414]
[-199, 98, 415]
[-199, 98, 416]
[-199, 98, 417]
[-199, 98, 419]
[-199, 98, 420]
[-199, 98, 421]
[-199, 98, 422]
[-199, 98, 423]
[-199, 99, 424]
[-199, 99, 425]
[-199, 99, 426]
[-199, 99, 427]
[-199, 99, 428]
[-200, 99, 429]
[-200, 99, 430]
[-200, 99, 431]
[-200, 99, 432]
[-200, 99, 433]
[-200, 100, 434]
[-200, 100, 435]
[-200, 100, 436]
[-200, 100, 437]
[-200, 100, 438]
[-200, 100, 439]
[-200, 101, 440]
[-200, 101, 441]
[-200, 101, 442]
[-199, 101, 443]
[-199, 101, 444]
[-199, 101, 445]
[-199, 102, 446]
[-199, 102, 446]
[-199, 102, 447]
[-199, 102, 448]
[-199, 102, 449]
[-199, 103, 450]
[-199, 103, 451]
[-199, 103, 452]
[-198, 103, 453]
[-198, 104, 454]
[-198, 104, 455]
[-198, 104, 456]
[-198, 104, 456]
[-198, 105, 457]
[-198, 105, 458]
[-197, 105, 459]
[-197, 105, 460]
[-197, 106, 461]
[-197, 106, 461]
[-197, 106, 462]
[-196, 107, 463]
[-196, 107, 464]
[-196, 107, 465]
[-196, 107, 466]
[-196, 108, 466]
[-195, 108, 467]
[-195, 108, 468]
[-195, 109, 469]
[-195, 109, 469]
[-194, 109, 470]
[-194, 110, 471]
[-194, 110, 472]
[-194, 110, 472]
[-193, 111, 473]
[-193, 111, 474]
[-193, 111, 475]
[-193, 112, 475]
[-192, 112, 476]
[-192, 112, 477]
[-192, 113, 477]
[-192, 113, 478]
[-191, 114, 479]
[-191, 114, 479]
[-191, 114, 480]
[-191, 115, 481]
[-191, 115, 481]
[-190, 115, 482]
[-190, 116, 483]
[-190, 116, 483]
[-190, 117, 484]
[-190, 117, 484]
[-190, 117, 485]
[-189, 118, 486]
[-189, 118, 486]
[-189, 119, 487]
[-189, 119, 487]
[-189, 120, 488]
[-189, 120, 488]
[-189, 120, 489]
[-189, 121, 489]
[-189, 121, 490]
[-189, 122, 491]
[-189, 122, 491]
[-189, 123, 492]
[-189, 123, 492]
[-189, 124, 492]
[-189, 124, 493]
[-189, 124, 493]
[-190, 125, 494]
[-190, 125, 494]
[-190, 126, 495]
[-190, 126, 495]
[-190, 127, 496]
[-191, 127, 496]
[-191, 128, 496]
[-191, 128, 497]
[-192, 129, 497]
[-192, 129, 497]
[-192, 130, 498]
[-193, 130, 498]
[-193, 131, 498]
[-194, 131, 499]
[-194, 132, 499]
[-195, 132, 499]
[-195, 132, 500]
[-196, 133, 500]
[-197, 133, 500]
[-197, 134, 501]
[-198, 134, 501]
[-199, 135, 501]
[-199, 135, 501]
[-200, 136, 502]
[-201, 137, 502]
[-202, 137, 502]
[-203, 138, 502]
[-203, 138, 502]
[-204, 139, 503]
[-205, 139, 503]
[-206, 140, 503]
[-207, 140, 503]
[-208, 141, 503]
[-209, 141, 503]
[-210, 142, 503]
[-211, 142, 504]
[-213, 143, 504]
[-214, 143, 504]
[-215, 144, 504]
[-216, 144, 504]
[-217, 145, 504]
[-218, 145, 504]
[-220, 146, 504]
[-221, 146, 504]
[-222, 147, 504]
[-224, 148, 504]
[-225, 148, 504]
[-226, 149, 504]
[-228, 149, 504]
[-229, 150, 504]
[-231, 150, 504]
[-232, 151, 504]
[-234, 151, 504]
[-235, 152, 504]
[-237, 152, 504]
[-238, 153, 504]
[-240, 153, 504]
[-241, 154, 504]
[-243, 155, 503]
[-244, 155, 503]
[-246, 156, 503]
[-247, 156, 503]
[-249, 157, 503]
[-251, 157, 503]
[-252, 158, 503]
[-254, 158, 502]
[-255, 159, 502]
[-257, 160, 502]
[-259, 160, 502]
[-260, 161, 502]
[-262, 161, 501]
[-264, 162, 501]
[-265, 162, 501]
[-267, 163, 501]
[-269, 163, 500]
[-270, 164, 500]
[-272, 164, 500]
[-274, 165, 499]
[-275, 166, 499]
[-277, 166, 499]
[-278, 167, 499]
[-280, 167, 498]
[-282, 168, 498]
[-283, 168, 497]
[-285, 169, 497]
[-286, 169, 497]
[-288, 170, 496]
[-289, 171, 496]
[-291, 171, 496]
[-292, 172, 495]
[-294, 172, 495]
[-295, 173, 494]
[-297, 173, 494]
[-298, 174, 493]
[-300, 174, 493]
[-301, 175, 493]
[-303, 175, 492]
[-304, 176, 492]
[-305, 176, 491]
[-307, 177, 491]
[-308, 178, 490]
[-309, 178, 490]
[-311, 179, 489]
[-312, 179, 488]
[-313, 180, 488]
[-314, 180, 487]
[-315, 181, 487]
[-316, 181, 486]
[-318, 182, 486]
[-319, 182, 485]
[-320, 183, 484]
[-321, 183, 484]
[-322, 184, 483]
[-323, 184, 483]
[-324, 185, 482]
[-325, 185, 481]
[-326, 186, 481]
[-326, 186, 480]
[-327, 187, 479]
[-328, 187, 479]
[-329, 188, 478]
[-330, 189, 477]
[-330, 189, 477]
[-331, 190, 476]
[-332, 190, 475]
[-332, 191, 474]
[-333, 191, 474]
[-334, 192, 473]
[-334, 192, 472]
[-335, 192, 471]
[-335, 193, 471]
[-336, 193, 470]
[-336, 194, 469]
[-337, 194, 468]
[-337, 195, 468]
[-337, 195, 467]
[-338, 196, 466]
[-338, 196, 465]
[-338, 197, 464]
[-339, 197, 464]
[-339, 198, 463]
[-339, 198, 462]
[-339, 199, 461]
[-339, 199, 460]
[-340, 200, 459]
[-340, 200, 458]
[-340, 200, 458]
[-340, 201, 457]
[-340, 201, 456]
[-340, 202, 455]
[-340, 202, 454]
[-340, 203, 453]
[-340, 203, 452]
[-340, 204, 451]
[-340, 204, 450]
[-340, 204, 449]
[-340, 205, 449]
[-340, 205, 448]
[-340, 206, 447]
[-340, 206, 446]
[-339, 207, 445]
[-339, 207, 444]
[-339, 207, 443]
[-339, 208, 442]
[-339, 208, 441]
[-339, 209, 440]
[-338, 209, 439]
[-338, 209, 438]
[-338, 210, 437]
[-338, 210, 436]
[-338, 210, 435]
[-337, 211, 434]
[-337, 211, 433]
[-337, 212, 432]
[-337, 212, 431]
[-336, 212, 430]
[-336, 213, 429]
[-336, 213, 428]
[-336, 213, 427]
[-335, 214, 426]
[-335, 214, 425]
[-335, 214, 424]
[-335, 215, 423]
[-334, 215, 421]
[-334, 215, 420]
[-334, 216, 419]
[-334, 216, 418]
[-333, 216, 417]
[-333, 217, 416]
[-333, 217, 415]
[-333, 217, 414]
[-333, 217, 413]
[-332, 218, 412]
[-332, 218, 411]
[-332, 218, 410]
[-332, 219, 409]
[-332, 219, 407]
[-331, 219, 406]
[-331, 219, 405]
[-331, 220, 404]
[-331, 220, 403]
[-331, 220, 402]
[-331, 220, 401]
[-331, 221, 400]
[-330, 221, 399]
[-330, 221, 398]
[-330, 221, 396]
[-330, 222, 395]
[-330, 222, 394]
[-330, 222, 393]
[-330, 222, 392]
[-330, 222, 391]
[-330, 223, 390]
[-330, 223, 389]
[-330, 223, 387]
[-329, 223, 386]
[-329, 223, 385]
[-329, 223, 384]
[-329, 224, 383]
[-329, 224, 382]
[-329, 224, 381]
[-329, 224, 380]
[-329, 224, 379]
[-329, 224, 377]
[-329, 225, 376]
[-329, 225, 375]
[-329, 225, 374]
[-329, 225, 373]
[-329, 225, 372]
[-330, 225, 371]
[-330, 225, 370]
[-330, 225, 368]
[-330, 225, 367]
[-330, 225, 366]
[-330, 226, 365]
[-330, 226, 364]
[-330, 226, 363]
[-330, 226, 362]
[-330, 226, 361]
[-330, 226, 360]
[-330, 226, 359]
[-330, 226, 357]
[-330, 226, 356]
[-330, 226, 355]
[-330, 226, 354]
[-330, 226, 353]
[-330, 226, 352]
