# Curve Parameters
# y_end: 242
# loops: 1
# A (south bulge): 120
# B (lateral wiggle): 30
# samples: 350
#
# Analysis Results
# max_grade: 0.962327
# length_3d: 363.62
# length_2d: 326.08
# min_horiz_step: 0.210616
# status: OK
#
# Coordinates (x, y, z)
#==================================================

[-199, 98, 410]
[-199, 98, 411]
[-199, 98, 412]
[-199, 98, 413]
[-199, 98, 414]
[-199, 98, 415]
[-199, 98, 416]
[-199, 98, 417]
[-199, 98, 419]
[-199, 98, 420]
[-199, 98, 421]
[-199, 98, 422]
[-199, 98, 423]
[-199, 99, 424]
[-199, 99, 425]
[-200, 99, 426]
[-200, 99, 427]
[-200, 99, 428]
[-200, 99, 429]
[-200, 99, 430]
[-200, 99, 431]
[-200, 100, 432]
[-200, 100, 433]
[-200, 100, 434]
[-200, 100, 435]
[-200, 100, 436]
[-200, 100, 437]
[-200, 100, 438]
[-200, 101, 439]
[-201, 101, 440]
[-201, 101, 441]
[-201, 101, 442]
[-201, 101, 443]
[-201, 102, 444]
[-201, 102, 445]
[-201, 102, 446]
[-201, 102, 446]
[-201, 103, 447]
[-201, 103, 448]
[-201, 103, 449]
[-201, 103, 450]
[-201, 103, 451]
[-201, 104, 452]
[-201, 104, 453]
[-202, 104, 454]
[-202, 105, 455]
[-202, 105, 456]
[-202, 105, 456]
[-202, 105, 457]
[-202, 106, 458]
[-202, 106, 459]
[-202, 106, 460]
[-202, 107, 461]
[-202, 107, 461]
[-202, 107, 462]
[-202, 108, 463]
[-202, 108, 464]
[-202, 108, 465]
[-202, 109, 466]
[-202, 109, 466]
[-202, 109, 467]
[-202, 110, 468]
[-202, 110, 469]
[-202, 110, 469]
[-202, 111, 470]
[-203, 111, 471]
[-203, 112, 472]
[-203, 112, 472]
[-203, 112, 473]
[-203, 113, 474]
[-203, 113, 475]
[-203, 113, 475]
[-203, 114, 476]
[-203, 114, 477]
[-203, 115, 477]
[-203, 115, 478]
[-203, 116, 479]
[-203, 116, 479]
[-203, 116, 480]
[-203, 117, 481]
[-204, 117, 481]
[-204, 118, 482]
[-204, 118, 483]
[-204, 119, 483]
[-204, 119, 484]
[-204, 119, 484]
[-204, 120, 485]
[-204, 120, 486]
[-205, 121, 486]
[-205, 121, 487]
[-205, 122, 487]
[-205, 122, 488]
[-205, 123, 488]
[-205, 123, 489]
[-206, 124, 489]
[-206, 124, 490]
[-206, 125, 491]
[-206, 125, 491]
[-207, 126, 492]
[-207, 126, 492]
[-207, 127, 492]
[-207, 127, 493]
[-208, 128, 493]
[-208, 128, 494]
[-208, 129, 494]
[-209, 129, 495]
[-209, 130, 495]
[-209, 130, 496]
[-210, 131, 496]
[-210, 131, 496]
[-211, 132, 497]
[-211, 132, 497]
[-211, 133, 497]
[-212, 134, 498]
[-212, 134, 498]
[-213, 135, 498]
[-213, 135, 499]
[-214, 136, 499]
[-214, 136, 499]
[-215, 137, 500]
[-215, 137, 500]
[-216, 138, 500]
[-217, 138, 501]
[-217, 139, 501]
[-218, 140, 501]
[-218, 140, 501]
[-219, 141, 502]
[-220, 141, 502]
[-220, 142, 502]
[-221, 142, 502]
[-222, 143, 502]
[-222, 144, 503]
[-223, 144, 503]
[-224, 145, 503]
[-225, 145, 503]
[-225, 146, 503]
[-226, 147, 503]
[-227, 147, 503]
[-228, 148, 504]
[-229, 148, 504]
[-230, 149, 504]
[-230, 150, 504]
[-231, 150, 504]
[-232, 151, 504]
[-233, 151, 504]
[-234, 152, 504]
[-235, 153, 504]
[-236, 153, 504]
[-237, 154, 504]
[-238, 154, 504]
[-239, 155, 504]
[-240, 156, 504]
[-241, 156, 504]
[-242, 157, 504]
[-243, 157, 504]
[-244, 158, 504]
[-245, 159, 504]
[-246, 159, 504]
[-247, 160, 504]
[-248, 160, 504]
[-249, 161, 504]
[-250, 162, 503]
[-251, 162, 503]
[-252, 163, 503]
[-253, 164, 503]
[-254, 164, 503]
[-255, 165, 503]
[-256, 165, 503]
[-257, 166, 502]
[-258, 167, 502]
[-260, 167, 502]
[-261, 168, 502]
[-262, 168, 502]
[-263, 169, 501]
[-264, 170, 501]
[-265, 170, 501]
[-266, 171, 501]
[-267, 172, 500]
[-268, 172, 500]
[-269, 173, 500]
[-271, 173, 499]
[-272, 174, 499]
[-273, 175, 499]
[-274, 175, 499]
[-275, 176, 498]
[-276, 176, 498]
[-277, 177, 497]
[-278, 178, 497]
[-279, 178, 497]
[-280, 179, 496]
[-281, 180, 496]
[-282, 180, 496]
[-283, 181, 495]
[-284, 181, 495]
[-285, 182, 494]
[-286, 183, 494]
[-287, 183, 493]
[-288, 184, 493]
[-289, 184, 493]
[-290, 185, 492]
[-291, 186, 492]
[-292, 186, 491]
[-293, 187, 491]
[-294, 187, 490]
[-295, 188, 490]
[-296, 189, 489]
[-297, 189, 488]
[-298, 190, 488]
[-299, 190, 487]
[-299, 191, 487]
[-300, 192, 486]
[-301, 192, 486]
[-302, 193, 485]
[-303, 193, 484]
[-304, 194, 484]
[-304, 195, 483]
[-305, 195, 483]
[-306, 196, 482]
[-307, 196, 481]
[-307, 197, 481]
[-308, 198, 480]
[-309, 198, 479]
[-309, 199, 479]
[-310, 199, 478]
[-311, 200, 477]
[-311, 200, 477]
[-312, 201, 476]
[-312, 202, 475]
[-313, 202, 474]
[-314, 203, 474]
[-314, 203, 473]
[-315, 204, 472]
[-315, 204, 471]
[-316, 205, 471]
[-316, 205, 470]
[-317, 206, 469]
[-317, 206, 468]
[-318, 207, 468]
[-318, 208, 467]
[-318, 208, 466]
[-319, 209, 465]
[-319, 209, 464]
[-320, 210, 464]
[-320, 210, 463]
[-320, 211, 462]
[-321, 211, 461]
[-321, 212, 460]
[-321, 212, 459]
[-322, 213, 458]
[-322, 213, 458]
[-322, 214, 457]
[-322, 214, 456]
[-323, 215, 455]
[-323, 215, 454]
[-323, 216, 453]
[-323, 216, 452]
[-324, 217, 451]
[-324, 217, 450]
[-324, 218, 449]
[-324, 218, 449]
[-324, 219, 448]
[-324, 219, 447]
[-325, 220, 446]
[-325, 220, 445]
[-325, 221, 444]
[-325, 221, 443]
[-325, 221, 442]
[-325, 222, 441]
[-325, 222, 440]
[-325, 223, 439]
[-326, 223, 438]
[-326, 224, 437]
[-326, 224, 436]
[-326, 224, 435]
[-326, 225, 434]
[-326, 225, 433]
[-326, 226, 432]
[-326, 226, 431]
[-326, 227, 430]
[-326, 227, 429]
[-326, 227, 428]
[-326, 228, 427]
[-326, 228, 426]
[-326, 228, 425]
[-326, 229, 424]
[-327, 229, 423]
[-327, 230, 421]
[-327, 230, 420]
[-327, 230, 419]
[-327, 231, 418]
[-327, 231, 417]
[-327, 231, 416]
[-327, 232, 415]
[-327, 232, 414]
[-327, 232, 413]
[-327, 233, 412]
[-327, 233, 411]
[-327, 233, 410]
[-327, 234, 409]
[-327, 234, 407]
[-327, 234, 406]
[-327, 235, 405]
[-327, 235, 404]
[-327, 235, 403]
[-327, 235, 402]
[-327, 236, 401]
[-328, 236, 400]
[-328, 236, 399]
[-328, 237, 398]
[-328, 237, 396]
[-328, 237, 395]
[-328, 237, 394]
[-328, 237, 393]
[-328, 238, 392]
[-328, 238, 391]
[-328, 238, 390]
[-328, 238, 389]
[-328, 239, 387]
[-328, 239, 386]
[-328, 239, 385]
[-328, 239, 384]
[-329, 239, 383]
[-329, 240, 382]
[-329, 240, 381]
[-329, 240, 380]
[-329, 240, 379]
[-329, 240, 377]
[-329, 240, 376]
[-329, 240, 375]
[-329, 241, 374]
[-329, 241, 373]
[-329, 241, 372]
[-329, 241, 371]
[-329, 241, 370]
[-329, 241, 368]
[-330, 241, 367]
[-330, 241, 366]
[-330, 242, 365]
[-330, 242, 364]
[-330, 242, 363]
[-330, 242, 362]
[-330, 242, 361]
[-330, 242, 360]
[-330, 242, 359]
[-330, 242, 357]
[-330, 242, 356]
[-330, 242, 355]
[-330, 242, 354]
[-330, 242, 353]
[-330, 242, 352]
