# Curve Parameters
# y_end: 246
# loops: 1
# A (south bulge): 140
# B (lateral wiggle): 30
# samples: 350
#
# Analysis Results
# max_grade: 0.879220
# length_3d: 399.23
# length_2d: 362.28
# min_horiz_step: 0.243295
# status: OK
#
# Coordinates (x, y, z)
#==================================================

[-199, 98, 410]
[-199, 98, 411]
[-199, 98, 413]
[-199, 98, 414]
[-199, 98, 415]
[-199, 98, 416]
[-199, 98, 418]
[-199, 98, 419]
[-199, 98, 420]
[-199, 98, 421]
[-199, 98, 422]
[-199, 98, 424]
[-199, 99, 425]
[-199, 99, 426]
[-199, 99, 427]
[-200, 99, 429]
[-200, 99, 430]
[-200, 99, 431]
[-200, 99, 432]
[-200, 99, 433]
[-200, 99, 435]
[-200, 100, 436]
[-200, 100, 437]
[-200, 100, 438]
[-200, 100, 439]
[-200, 100, 440]
[-200, 100, 442]
[-200, 101, 443]
[-200, 101, 444]
[-201, 101, 445]
[-201, 101, 446]
[-201, 101, 447]
[-201, 102, 448]
[-201, 102, 450]
[-201, 102, 451]
[-201, 102, 452]
[-201, 102, 453]
[-201, 103, 454]
[-201, 103, 455]
[-201, 103, 456]
[-201, 103, 457]
[-201, 104, 458]
[-201, 104, 459]
[-201, 104, 460]
[-202, 104, 461]
[-202, 105, 463]
[-202, 105, 464]
[-202, 105, 465]
[-202, 106, 466]
[-202, 106, 467]
[-202, 106, 468]
[-202, 107, 469]
[-202, 107, 470]
[-202, 107, 471]
[-202, 108, 472]
[-202, 108, 473]
[-202, 108, 474]
[-202, 109, 475]
[-202, 109, 476]
[-202, 109, 476]
[-202, 110, 477]
[-202, 110, 478]
[-202, 110, 479]
[-202, 111, 480]
[-202, 111, 481]
[-203, 111, 482]
[-203, 112, 483]
[-203, 112, 484]
[-203, 113, 485]
[-203, 113, 486]
[-203, 113, 486]
[-203, 114, 487]
[-203, 114, 488]
[-203, 115, 489]
[-203, 115, 490]
[-203, 116, 491]
[-203, 116, 491]
[-203, 116, 492]
[-203, 117, 493]
[-203, 117, 494]
[-204, 118, 495]
[-204, 118, 495]
[-204, 119, 496]
[-204, 119, 497]
[-204, 120, 498]
[-204, 120, 498]
[-204, 121, 499]
[-204, 121, 500]
[-205, 121, 500]
[-205, 122, 501]
[-205, 122, 502]
[-205, 123, 503]
[-205, 123, 503]
[-205, 124, 504]
[-206, 124, 504]
[-206, 125, 505]
[-206, 125, 506]
[-206, 126, 506]
[-207, 126, 507]
[-207, 127, 508]
[-207, 127, 508]
[-207, 128, 509]
[-208, 129, 509]
[-208, 129, 510]
[-208, 130, 510]
[-209, 130, 511]
[-209, 131, 511]
[-209, 131, 512]
[-210, 132, 512]
[-210, 132, 513]
[-211, 133, 513]
[-211, 133, 514]
[-211, 134, 514]
[-212, 134, 515]
[-212, 135, 515]
[-213, 136, 516]
[-213, 136, 516]
[-214, 137, 516]
[-214, 137, 517]
[-215, 138, 517]
[-215, 138, 518]
[-216, 139, 518]
[-217, 140, 518]
[-217, 140, 519]
[-218, 141, 519]
[-218, 141, 519]
[-219, 142, 520]
[-220, 143, 520]
[-220, 143, 520]
[-221, 144, 521]
[-222, 144, 521]
[-222, 145, 521]
[-223, 146, 521]
[-224, 146, 521]
[-225, 147, 522]
[-225, 147, 522]
[-226, 148, 522]
[-227, 149, 522]
[-228, 149, 522]
[-229, 150, 523]
[-230, 150, 523]
[-230, 151, 523]
[-231, 152, 523]
[-232, 152, 523]
[-233, 153, 523]
[-234, 153, 523]
[-235, 154, 523]
[-236, 155, 524]
[-237, 155, 524]
[-238, 156, 524]
[-239, 157, 524]
[-240, 157, 524]
[-241, 158, 524]
[-242, 158, 524]
[-243, 159, 524]
[-244, 160, 524]
[-245, 160, 524]
[-246, 161, 524]
[-247, 162, 524]
[-248, 162, 523]
[-249, 163, 523]
[-250, 163, 523]
[-251, 164, 523]
[-252, 165, 523]
[-253, 165, 523]
[-254, 166, 523]
[-255, 167, 523]
[-256, 167, 523]
[-257, 168, 522]
[-258, 169, 522]
[-260, 169, 522]
[-261, 170, 522]
[-262, 170, 522]
[-263, 171, 521]
[-264, 172, 521]
[-265, 172, 521]
[-266, 173, 521]
[-267, 174, 520]
[-268, 174, 520]
[-269, 175, 520]
[-271, 175, 519]
[-272, 176, 519]
[-273, 177, 519]
[-274, 177, 518]
[-275, 178, 518]
[-276, 179, 518]
[-277, 179, 517]
[-278, 180, 517]
[-279, 181, 517]
[-280, 181, 516]
[-281, 182, 516]
[-282, 182, 515]
[-283, 183, 515]
[-284, 184, 514]
[-285, 184, 514]
[-286, 185, 514]
[-287, 186, 513]
[-288, 186, 513]
[-289, 187, 512]
[-290, 187, 512]
[-291, 188, 511]
[-292, 189, 510]
[-293, 189, 510]
[-294, 190, 509]
[-295, 191, 509]
[-296, 191, 508]
[-297, 192, 508]
[-298, 192, 507]
[-299, 193, 506]
[-299, 194, 506]
[-300, 194, 505]
[-301, 195, 505]
[-302, 195, 504]
[-303, 196, 503]
[-304, 197, 503]
[-304, 197, 502]
[-305, 198, 501]
[-306, 198, 500]
[-307, 199, 500]
[-307, 200, 499]
[-308, 200, 498]
[-309, 201, 498]
[-309, 201, 497]
[-310, 202, 496]
[-311, 203, 495]
[-311, 203, 495]
[-312, 204, 494]
[-312, 204, 493]
[-313, 205, 492]
[-314, 206, 491]
[-314, 206, 491]
[-315, 207, 490]
[-315, 207, 489]
[-316, 208, 488]
[-316, 208, 487]
[-317, 209, 486]
[-317, 210, 485]
[-318, 210, 485]
[-318, 211, 484]
[-318, 211, 483]
[-319, 212, 482]
[-319, 212, 481]
[-320, 213, 480]
[-320, 213, 479]
[-320, 214, 478]
[-321, 214, 477]
[-321, 215, 476]
[-321, 215, 475]
[-322, 216, 474]
[-322, 217, 473]
[-322, 217, 472]
[-322, 218, 471]
[-323, 218, 470]
[-323, 219, 469]
[-323, 219, 468]
[-323, 220, 467]
[-324, 220, 466]
[-324, 221, 465]
[-324, 221, 464]
[-324, 222, 463]
[-324, 222, 462]
[-324, 223, 461]
[-325, 223, 460]
[-325, 223, 459]
[-325, 224, 458]
[-325, 224, 457]
[-325, 225, 455]
[-325, 225, 454]
[-325, 226, 453]
[-325, 226, 452]
[-326, 227, 451]
[-326, 227, 450]
[-326, 228, 449]
[-326, 228, 448]
[-326, 228, 446]
[-326, 229, 445]
[-326, 229, 444]
[-326, 230, 443]
[-326, 230, 442]
[-326, 231, 441]
[-326, 231, 439]
[-326, 231, 438]
[-326, 232, 437]
[-326, 232, 436]
[-326, 233, 435]
[-327, 233, 433]
[-327, 233, 432]
[-327, 234, 431]
[-327, 234, 430]
[-327, 234, 429]
[-327, 235, 427]
[-327, 235, 426]
[-327, 235, 425]
[-327, 236, 424]
[-327, 236, 422]
[-327, 236, 421]
[-327, 237, 420]
[-327, 237, 419]
[-327, 237, 417]
[-327, 238, 416]
[-327, 238, 415]
[-327, 238, 414]
[-327, 239, 412]
[-327, 239, 411]
[-327, 239, 410]
[-327, 240, 409]
[-328, 240, 407]
[-328, 240, 406]
[-328, 240, 405]
[-328, 241, 403]
[-328, 241, 402]
[-328, 241, 401]
[-328, 241, 400]
[-328, 242, 398]
[-328, 242, 397]
[-328, 242, 396]
[-328, 242, 394]
[-328, 242, 393]
[-328, 243, 392]
[-328, 243, 391]
[-328, 243, 389]
[-329, 243, 388]
[-329, 243, 387]
[-329, 244, 385]
[-329, 244, 384]
[-329, 244, 383]
[-329, 244, 382]
[-329, 244, 380]
[-329, 244, 379]
[-329, 245, 378]
[-329, 245, 376]
[-329, 245, 375]
[-329, 245, 374]
[-329, 245, 372]
[-329, 245, 371]
[-330, 245, 370]
[-330, 245, 369]
[-330, 245, 367]
[-330, 246, 366]
[-330, 246, 365]
[-330, 246, 363]
[-330, 246, 362]
[-330, 246, 361]
[-330, 246, 360]
[-330, 246, 358]
[-330, 246, 357]
[-330, 246, 356]
[-330, 246, 355]
[-330, 246, 353]
[-330, 246, 352]
