# Curve Parameters
# y_end: 266
# loops: 1
# A (south bulge): 140
# B (lateral wiggle): 30
# samples: 350
#
# Analysis Results
# max_grade: 0.998034
# length_3d: 408.92
# length_2d: 362.28
# min_horiz_step: 0.243295
# status: OK
#
# Coordinates (x, y, z)
#==================================================

[-199, 98, 410]
[-199, 98, 411]
[-199, 98, 413]
[-199, 98, 414]
[-199, 98, 415]
[-199, 98, 416]
[-199, 98, 418]
[-199, 98, 419]
[-199, 98, 420]
[-199, 98, 421]
[-199, 98, 422]
[-199, 98, 424]
[-199, 99, 425]
[-199, 99, 426]
[-199, 99, 427]
[-200, 99, 429]
[-200, 99, 430]
[-200, 99, 431]
[-200, 99, 432]
[-200, 99, 433]
[-200, 100, 435]
[-200, 100, 436]
[-200, 100, 437]
[-200, 100, 438]
[-200, 100, 439]
[-200, 100, 440]
[-200, 101, 442]
[-200, 101, 443]
[-200, 101, 444]
[-201, 101, 445]
[-201, 102, 446]
[-201, 102, 447]
[-201, 102, 448]
[-201, 102, 450]
[-201, 102, 451]
[-201, 103, 452]
[-201, 103, 453]
[-201, 103, 454]
[-201, 104, 455]
[-201, 104, 456]
[-201, 104, 457]
[-201, 104, 458]
[-201, 105, 459]
[-201, 105, 460]
[-202, 105, 461]
[-202, 106, 463]
[-202, 106, 464]
[-202, 106, 465]
[-202, 107, 466]
[-202, 107, 467]
[-202, 107, 468]
[-202, 108, 469]
[-202, 108, 470]
[-202, 108, 471]
[-202, 109, 472]
[-202, 109, 473]
[-202, 110, 474]
[-202, 110, 475]
[-202, 110, 476]
[-202, 111, 476]
[-202, 111, 477]
[-202, 112, 478]
[-202, 112, 479]
[-202, 112, 480]
[-202, 113, 481]
[-203, 113, 482]
[-203, 114, 483]
[-203, 114, 484]
[-203, 115, 485]
[-203, 115, 486]
[-203, 116, 486]
[-203, 116, 487]
[-203, 117, 488]
[-203, 117, 489]
[-203, 117, 490]
[-203, 118, 491]
[-203, 118, 491]
[-203, 119, 492]
[-203, 119, 493]
[-203, 120, 494]
[-204, 120, 495]
[-204, 121, 495]
[-204, 121, 496]
[-204, 122, 497]
[-204, 123, 498]
[-204, 123, 498]
[-204, 124, 499]
[-204, 124, 500]
[-205, 125, 500]
[-205, 125, 501]
[-205, 126, 502]
[-205, 126, 503]
[-205, 127, 503]
[-205, 127, 504]
[-206, 128, 504]
[-206, 129, 505]
[-206, 129, 506]
[-206, 130, 506]
[-207, 130, 507]
[-207, 131, 508]
[-207, 131, 508]
[-207, 132, 509]
[-208, 133, 509]
[-208, 133, 510]
[-208, 134, 510]
[-209, 134, 511]
[-209, 135, 511]
[-209, 136, 512]
[-210, 136, 512]
[-210, 137, 513]
[-211, 138, 513]
[-211, 138, 514]
[-211, 139, 514]
[-212, 139, 515]
[-212, 140, 515]
[-213, 141, 516]
[-213, 141, 516]
[-214, 142, 516]
[-214, 143, 517]
[-215, 143, 517]
[-215, 144, 518]
[-216, 145, 518]
[-217, 145, 518]
[-217, 146, 519]
[-218, 147, 519]
[-218, 147, 519]
[-219, 148, 520]
[-220, 149, 520]
[-220, 149, 520]
[-221, 150, 521]
[-222, 151, 521]
[-222, 151, 521]
[-223, 152, 521]
[-224, 153, 521]
[-225, 153, 522]
[-225, 154, 522]
[-226, 155, 522]
[-227, 155, 522]
[-228, 156, 522]
[-229, 157, 523]
[-230, 157, 523]
[-230, 158, 523]
[-231, 159, 523]
[-232, 160, 523]
[-233, 160, 523]
[-234, 161, 523]
[-235, 162, 523]
[-236, 162, 524]
[-237, 163, 524]
[-238, 164, 524]
[-239, 164, 524]
[-240, 165, 524]
[-241, 166, 524]
[-242, 167, 524]
[-243, 167, 524]
[-244, 168, 524]
[-245, 169, 524]
[-246, 169, 524]
[-247, 170, 524]
[-248, 171, 523]
[-249, 172, 523]
[-250, 172, 523]
[-251, 173, 523]
[-252, 174, 523]
[-253, 174, 523]
[-254, 175, 523]
[-255, 176, 523]
[-256, 177, 523]
[-257, 177, 522]
[-258, 178, 522]
[-260, 179, 522]
[-261, 179, 522]
[-262, 180, 522]
[-263, 181, 521]
[-264, 182, 521]
[-265, 182, 521]
[-266, 183, 521]
[-267, 184, 520]
[-268, 185, 520]
[-269, 185, 520]
[-271, 186, 519]
[-272, 187, 519]
[-273, 187, 519]
[-274, 188, 518]
[-275, 189, 518]
[-276, 190, 518]
[-277, 190, 517]
[-278, 191, 517]
[-279, 192, 517]
[-280, 192, 516]
[-281, 193, 516]
[-282, 194, 515]
[-283, 195, 515]
[-284, 195, 514]
[-285, 196, 514]
[-286, 197, 514]
[-287, 197, 513]
[-288, 198, 513]
[-289, 199, 512]
[-290, 200, 512]
[-291, 200, 511]
[-292, 201, 510]
[-293, 202, 510]
[-294, 202, 509]
[-295, 203, 509]
[-296, 204, 508]
[-297, 204, 508]
[-298, 205, 507]
[-299, 206, 506]
[-299, 207, 506]
[-300, 207, 505]
[-301, 208, 505]
[-302, 209, 504]
[-303, 209, 503]
[-304, 210, 503]
[-304, 211, 502]
[-305, 211, 501]
[-306, 212, 500]
[-307, 213, 500]
[-307, 213, 499]
[-308, 214, 498]
[-309, 215, 498]
[-309, 215, 497]
[-310, 216, 496]
[-311, 217, 495]
[-311, 217, 495]
[-312, 218, 494]
[-312, 219, 493]
[-313, 219, 492]
[-314, 220, 491]
[-314, 221, 491]
[-315, 221, 490]
[-315, 222, 489]
[-316, 223, 488]
[-316, 223, 487]
[-317, 224, 486]
[-317, 225, 485]
[-318, 225, 485]
[-318, 226, 484]
[-318, 226, 483]
[-319, 227, 482]
[-319, 228, 481]
[-320, 228, 480]
[-320, 229, 479]
[-320, 230, 478]
[-321, 230, 477]
[-321, 231, 476]
[-321, 231, 475]
[-322, 232, 474]
[-322, 233, 473]
[-322, 233, 472]
[-322, 234, 471]
[-323, 234, 470]
[-323, 235, 469]
[-323, 235, 468]
[-323, 236, 467]
[-324, 237, 466]
[-324, 237, 465]
[-324, 238, 464]
[-324, 238, 463]
[-324, 239, 462]
[-324, 239, 461]
[-325, 240, 460]
[-325, 240, 459]
[-325, 241, 458]
[-325, 241, 457]
[-325, 242, 455]
[-325, 243, 454]
[-325, 243, 453]
[-325, 244, 452]
[-326, 244, 451]
[-326, 245, 450]
[-326, 245, 449]
[-326, 246, 448]
[-326, 246, 446]
[-326, 247, 445]
[-326, 247, 444]
[-326, 247, 443]
[-326, 248, 442]
[-326, 248, 441]
[-326, 249, 439]
[-326, 249, 438]
[-326, 250, 437]
[-326, 250, 436]
[-326, 251, 435]
[-327, 251, 433]
[-327, 252, 432]
[-327, 252, 431]
[-327, 252, 430]
[-327, 253, 429]
[-327, 253, 427]
[-327, 254, 426]
[-327, 254, 425]
[-327, 254, 424]
[-327, 255, 422]
[-327, 255, 421]
[-327, 256, 420]
[-327, 256, 419]
[-327, 256, 417]
[-327, 257, 416]
[-327, 257, 415]
[-327, 257, 414]
[-327, 258, 412]
[-327, 258, 411]
[-327, 258, 410]
[-327, 259, 409]
[-328, 259, 407]
[-328, 259, 406]
[-328, 260, 405]
[-328, 260, 403]
[-328, 260, 402]
[-328, 260, 401]
[-328, 261, 400]
[-328, 261, 398]
[-328, 261, 397]
[-328, 262, 396]
[-328, 262, 394]
[-328, 262, 393]
[-328, 262, 392]
[-328, 262, 391]
[-328, 263, 389]
[-329, 263, 388]
[-329, 263, 387]
[-329, 263, 385]
[-329, 264, 384]
[-329, 264, 383]
[-329, 264, 382]
[-329, 264, 380]
[-329, 264, 379]
[-329, 264, 378]
[-329, 265, 376]
[-329, 265, 375]
[-329, 265, 374]
[-329, 265, 372]
[-329, 265, 371]
[-330, 265, 370]
[-330, 265, 369]
[-330, 265, 367]
[-330, 266, 366]
[-330, 266, 365]
[-330, 266, 363]
[-330, 266, 362]
[-330, 266, 361]
[-330, 266, 360]
[-330, 266, 358]
[-330, 266, 357]
[-330, 266, 356]
[-330, 266, 355]
[-330, 266, 353]
[-330, 266, 352]
