# Curve Parameters
# y_end: 226
# loops: 1
# A (south bulge): 140
# B (lateral wiggle): 60
# samples: 350
#
# Analysis Results
# max_grade: 0.822751
# length_3d: 424.03
# length_2d: 398.86
# min_horiz_step: 0.220531
# status: OK
#
# Coordinates (x, y, z)
#==================================================

[-199, 98, 410]
[-199, 98, 411]
[-199, 98, 413]
[-199, 98, 414]
[-199, 98, 415]
[-199, 98, 416]
[-199, 98, 418]
[-199, 98, 419]
[-199, 98, 420]
[-199, 98, 421]
[-199, 98, 422]
[-199, 98, 424]
[-199, 98, 425]
[-199, 99, 426]
[-199, 99, 427]
[-199, 99, 429]
[-199, 99, 430]
[-199, 99, 431]
[-200, 99, 432]
[-200, 99, 433]
[-200, 99, 435]
[-200, 99, 436]
[-200, 99, 437]
[-200, 100, 438]
[-200, 100, 439]
[-200, 100, 440]
[-200, 100, 442]
[-200, 100, 443]
[-200, 100, 444]
[-200, 101, 445]
[-200, 101, 446]
[-200, 101, 447]
[-199, 101, 448]
[-199, 101, 450]
[-199, 101, 451]
[-199, 102, 452]
[-199, 102, 453]
[-199, 102, 454]
[-199, 102, 455]
[-199, 102, 456]
[-199, 103, 457]
[-199, 103, 458]
[-199, 103, 459]
[-198, 103, 460]
[-198, 104, 461]
[-198, 104, 463]
[-198, 104, 464]
[-198, 104, 465]
[-198, 105, 466]
[-198, 105, 467]
[-197, 105, 468]
[-197, 105, 469]
[-197, 106, 470]
[-197, 106, 471]
[-197, 106, 472]
[-196, 107, 473]
[-196, 107, 474]
[-196, 107, 475]
[-196, 107, 476]
[-196, 108, 476]
[-195, 108, 477]
[-195, 108, 478]
[-195, 109, 479]
[-195, 109, 480]
[-194, 109, 481]
[-194, 110, 482]
[-194, 110, 483]
[-194, 110, 484]
[-193, 111, 485]
[-193, 111, 486]
[-193, 111, 486]
[-193, 112, 487]
[-192, 112, 488]
[-192, 112, 489]
[-192, 113, 490]
[-192, 113, 491]
[-191, 114, 491]
[-191, 114, 492]
[-191, 114, 493]
[-191, 115, 494]
[-191, 115, 495]
[-190, 115, 495]
[-190, 116, 496]
[-190, 116, 497]
[-190, 117, 498]
[-190, 117, 498]
[-190, 117, 499]
[-189, 118, 500]
[-189, 118, 500]
[-189, 119, 501]
[-189, 119, 502]
[-189, 120, 503]
[-189, 120, 503]
[-189, 120, 504]
[-189, 121, 504]
[-189, 121, 505]
[-189, 122, 506]
[-189, 122, 506]
[-189, 123, 507]
[-189, 123, 508]
[-189, 124, 508]
[-189, 124, 509]
[-189, 124, 509]
[-190, 125, 510]
[-190, 125, 510]
[-190, 126, 511]
[-190, 126, 511]
[-190, 127, 512]
[-191, 127, 512]
[-191, 128, 513]
[-191, 128, 513]
[-192, 129, 514]
[-192, 129, 514]
[-192, 130, 515]
[-193, 130, 515]
[-193, 131, 516]
[-194, 131, 516]
[-194, 132, 516]
[-195, 132, 517]
[-195, 132, 517]
[-196, 133, 518]
[-197, 133, 518]
[-197, 134, 518]
[-198, 134, 519]
[-199, 135, 519]
[-199, 135, 519]
[-200, 136, 520]
[-201, 137, 520]
[-202, 137, 520]
[-203, 138, 521]
[-203, 138, 521]
[-204, 139, 521]
[-205, 139, 521]
[-206, 140, 521]
[-207, 140, 522]
[-208, 141, 522]
[-209, 141, 522]
[-210, 142, 522]
[-211, 142, 522]
[-213, 143, 523]
[-214, 143, 523]
[-215, 144, 523]
[-216, 144, 523]
[-217, 145, 523]
[-218, 145, 523]
[-220, 146, 523]
[-221, 146, 523]
[-222, 147, 524]
[-224, 148, 524]
[-225, 148, 524]
[-226, 149, 524]
[-228, 149, 524]
[-229, 150, 524]
[-231, 150, 524]
[-232, 151, 524]
[-234, 151, 524]
[-235, 152, 524]
[-237, 152, 524]
[-238, 153, 524]
[-240, 153, 523]
[-241, 154, 523]
[-243, 155, 523]
[-244, 155, 523]
[-246, 156, 523]
[-247, 156, 523]
[-249, 157, 523]
[-251, 157, 523]
[-252, 158, 523]
[-254, 158, 522]
[-255, 159, 522]
[-257, 160, 522]
[-259, 160, 522]
[-260, 161, 522]
[-262, 161, 521]
[-264, 162, 521]
[-265, 162, 521]
[-267, 163, 521]
[-269, 163, 520]
[-270, 164, 520]
[-272, 164, 520]
[-274, 165, 519]
[-275, 166, 519]
[-277, 166, 519]
[-278, 167, 518]
[-280, 167, 518]
[-282, 168, 518]
[-283, 168, 517]
[-285, 169, 517]
[-286, 169, 517]
[-288, 170, 516]
[-289, 171, 516]
[-291, 171, 515]
[-292, 172, 515]
[-294, 172, 514]
[-295, 173, 514]
[-297, 173, 514]
[-298, 174, 513]
[-300, 174, 513]
[-301, 175, 512]
[-303, 175, 512]
[-304, 176, 511]
[-305, 176, 510]
[-307, 177, 510]
[-308, 178, 509]
[-309, 178, 509]
[-311, 179, 508]
[-312, 179, 508]
[-313, 180, 507]
[-314, 180, 506]
[-315, 181, 506]
[-316, 181, 505]
[-318, 182, 505]
[-319, 182, 504]
[-320, 183, 503]
[-321, 183, 503]
[-322, 184, 502]
[-323, 184, 501]
[-324, 185, 500]
[-325, 185, 500]
[-326, 186, 499]
[-326, 186, 498]
[-327, 187, 498]
[-328, 187, 497]
[-329, 188, 496]
[-330, 189, 495]
[-330, 189, 495]
[-331, 190, 494]
[-332, 190, 493]
[-332, 191, 492]
[-333, 191, 491]
[-334, 192, 491]
[-334, 192, 490]
[-335, 192, 489]
[-335, 193, 488]
[-336, 193, 487]
[-336, 194, 486]
[-337, 194, 485]
[-337, 195, 485]
[-337, 195, 484]
[-338, 196, 483]
[-338, 196, 482]
[-338, 197, 481]
[-339, 197, 480]
[-339, 198, 479]
[-339, 198, 478]
[-339, 199, 477]
[-339, 199, 476]
[-340, 200, 475]
[-340, 200, 474]
[-340, 200, 473]
[-340, 201, 472]
[-340, 201, 471]
[-340, 202, 470]
[-340, 202, 469]
[-340, 203, 468]
[-340, 203, 467]
[-340, 204, 466]
[-340, 204, 465]
[-340, 204, 464]
[-340, 205, 463]
[-340, 205, 462]
[-340, 206, 461]
[-340, 206, 460]
[-339, 207, 459]
[-339, 207, 458]
[-339, 207, 457]
[-339, 208, 455]
[-339, 208, 454]
[-339, 209, 453]
[-338, 209, 452]
[-338, 209, 451]
[-338, 210, 450]
[-338, 210, 449]
[-338, 210, 448]
[-337, 211, 446]
[-337, 211, 445]
[-337, 212, 444]
[-337, 212, 443]
[-336, 212, 442]
[-336, 213, 441]
[-336, 213, 439]
[-336, 213, 438]
[-335, 214, 437]
[-335, 214, 436]
[-335, 214, 435]
[-335, 215, 433]
[-334, 215, 432]
[-334, 215, 431]
[-334, 216, 430]
[-334, 216, 429]
[-333, 216, 427]
[-333, 217, 426]
[-333, 217, 425]
[-333, 217, 424]
[-333, 217, 422]
[-332, 218, 421]
[-332, 218, 420]
[-332, 218, 419]
[-332, 219, 417]
[-332, 219, 416]
[-331, 219, 415]
[-331, 219, 414]
[-331, 220, 412]
[-331, 220, 411]
[-331, 220, 410]
[-331, 220, 409]
[-331, 221, 407]
[-330, 221, 406]
[-330, 221, 405]
[-330, 221, 403]
[-330, 222, 402]
[-330, 222, 401]
[-330, 222, 400]
[-330, 222, 398]
[-330, 222, 397]
[-330, 223, 396]
[-330, 223, 394]
[-330, 223, 393]
[-329, 223, 392]
[-329, 223, 391]
[-329, 223, 389]
[-329, 224, 388]
[-329, 224, 387]
[-329, 224, 385]
[-329, 224, 384]
[-329, 224, 383]
[-329, 224, 382]
[-329, 225, 380]
[-329, 225, 379]
[-329, 225, 378]
[-329, 225, 376]
[-329, 225, 375]
[-330, 225, 374]
[-330, 225, 372]
[-330, 225, 371]
[-330, 225, 370]
[-330, 225, 369]
[-330, 226, 367]
[-330, 226, 366]
[-330, 226, 365]
[-330, 226, 363]
[-330, 226, 362]
[-330, 226, 361]
[-330, 226, 360]
[-330, 226, 358]
[-330, 226, 357]
[-330, 226, 356]
[-330, 226, 355]
[-330, 226, 353]
[-330, 226, 352]
