# Curve Parameters
# y_end: 238
# loops: 1
# A (south bulge): 140
# B (lateral wiggle): 60
# samples: 350
#
# Analysis Results
# max_grade: 0.899884
# length_3d: 428.67
# length_2d: 398.86
# min_horiz_step: 0.220531
# status: OK
#
# Coordinates (x, y, z)
#==================================================

[-199, 98, 410]
[-199, 98, 411]
[-199, 98, 413]
[-199, 98, 414]
[-199, 98, 415]
[-199, 98, 416]
[-199, 98, 418]
[-199, 98, 419]
[-199, 98, 420]
[-199, 98, 421]
[-199, 98, 422]
[-199, 98, 424]
[-199, 98, 425]
[-199, 99, 426]
[-199, 99, 427]
[-199, 99, 429]
[-199, 99, 430]
[-199, 99, 431]
[-200, 99, 432]
[-200, 99, 433]
[-200, 99, 435]
[-200, 99, 436]
[-200, 100, 437]
[-200, 100, 438]
[-200, 100, 439]
[-200, 100, 440]
[-200, 100, 442]
[-200, 100, 443]
[-200, 101, 444]
[-200, 101, 445]
[-200, 101, 446]
[-200, 101, 447]
[-199, 101, 448]
[-199, 102, 450]
[-199, 102, 451]
[-199, 102, 452]
[-199, 102, 453]
[-199, 102, 454]
[-199, 103, 455]
[-199, 103, 456]
[-199, 103, 457]
[-199, 103, 458]
[-199, 104, 459]
[-198, 104, 460]
[-198, 104, 461]
[-198, 104, 463]
[-198, 105, 464]
[-198, 105, 465]
[-198, 105, 466]
[-198, 106, 467]
[-197, 106, 468]
[-197, 106, 469]
[-197, 106, 470]
[-197, 107, 471]
[-197, 107, 472]
[-196, 107, 473]
[-196, 108, 474]
[-196, 108, 475]
[-196, 108, 476]
[-196, 109, 476]
[-195, 109, 477]
[-195, 109, 478]
[-195, 110, 479]
[-195, 110, 480]
[-194, 110, 481]
[-194, 111, 482]
[-194, 111, 483]
[-194, 111, 484]
[-193, 112, 485]
[-193, 112, 486]
[-193, 113, 486]
[-193, 113, 487]
[-192, 113, 488]
[-192, 114, 489]
[-192, 114, 490]
[-192, 115, 491]
[-191, 115, 491]
[-191, 115, 492]
[-191, 116, 493]
[-191, 116, 494]
[-191, 117, 495]
[-190, 117, 495]
[-190, 118, 496]
[-190, 118, 497]
[-190, 118, 498]
[-190, 119, 498]
[-190, 119, 499]
[-189, 120, 500]
[-189, 120, 500]
[-189, 121, 501]
[-189, 121, 502]
[-189, 122, 503]
[-189, 122, 503]
[-189, 123, 504]
[-189, 123, 504]
[-189, 123, 505]
[-189, 124, 506]
[-189, 124, 506]
[-189, 125, 507]
[-189, 125, 508]
[-189, 126, 508]
[-189, 126, 509]
[-189, 127, 509]
[-190, 127, 510]
[-190, 128, 510]
[-190, 128, 511]
[-190, 129, 511]
[-190, 129, 512]
[-191, 130, 512]
[-191, 130, 513]
[-191, 131, 513]
[-192, 131, 514]
[-192, 132, 514]
[-192, 133, 515]
[-193, 133, 515]
[-193, 134, 516]
[-194, 134, 516]
[-194, 135, 516]
[-195, 135, 517]
[-195, 136, 517]
[-196, 136, 518]
[-197, 137, 518]
[-197, 137, 518]
[-198, 138, 519]
[-199, 138, 519]
[-199, 139, 519]
[-200, 140, 520]
[-201, 140, 520]
[-202, 141, 520]
[-203, 141, 521]
[-203, 142, 521]
[-204, 142, 521]
[-205, 143, 521]
[-206, 143, 521]
[-207, 144, 522]
[-208, 145, 522]
[-209, 145, 522]
[-210, 146, 522]
[-211, 146, 522]
[-213, 147, 523]
[-214, 148, 523]
[-215, 148, 523]
[-216, 149, 523]
[-217, 149, 523]
[-218, 150, 523]
[-220, 150, 523]
[-221, 151, 523]
[-222, 152, 524]
[-224, 152, 524]
[-225, 153, 524]
[-226, 153, 524]
[-228, 154, 524]
[-229, 155, 524]
[-231, 155, 524]
[-232, 156, 524]
[-234, 156, 524]
[-235, 157, 524]
[-237, 158, 524]
[-238, 158, 524]
[-240, 159, 523]
[-241, 159, 523]
[-243, 160, 523]
[-244, 160, 523]
[-246, 161, 523]
[-247, 162, 523]
[-249, 162, 523]
[-251, 163, 523]
[-252, 163, 523]
[-254, 164, 522]
[-255, 165, 522]
[-257, 165, 522]
[-259, 166, 522]
[-260, 166, 522]
[-262, 167, 521]
[-264, 168, 521]
[-265, 168, 521]
[-267, 169, 521]
[-269, 170, 520]
[-270, 170, 520]
[-272, 171, 520]
[-274, 171, 519]
[-275, 172, 519]
[-277, 173, 519]
[-278, 173, 518]
[-280, 174, 518]
[-282, 174, 518]
[-283, 175, 517]
[-285, 176, 517]
[-286, 176, 517]
[-288, 177, 516]
[-289, 177, 516]
[-291, 178, 515]
[-292, 178, 515]
[-294, 179, 514]
[-295, 180, 514]
[-297, 180, 514]
[-298, 181, 513]
[-300, 181, 513]
[-301, 182, 512]
[-303, 183, 512]
[-304, 183, 511]
[-305, 184, 510]
[-307, 184, 510]
[-308, 185, 509]
[-309, 186, 509]
[-311, 186, 508]
[-312, 187, 508]
[-313, 187, 507]
[-314, 188, 506]
[-315, 188, 506]
[-316, 189, 505]
[-318, 190, 505]
[-319, 190, 504]
[-320, 191, 503]
[-321, 191, 503]
[-322, 192, 502]
[-323, 193, 501]
[-324, 193, 500]
[-325, 194, 500]
[-326, 194, 499]
[-326, 195, 498]
[-327, 195, 498]
[-328, 196, 497]
[-329, 196, 496]
[-330, 197, 495]
[-330, 198, 495]
[-331, 198, 494]
[-332, 199, 493]
[-332, 199, 492]
[-333, 200, 491]
[-334, 200, 491]
[-334, 201, 490]
[-335, 201, 489]
[-335, 202, 488]
[-336, 202, 487]
[-336, 203, 486]
[-337, 203, 485]
[-337, 204, 485]
[-337, 205, 484]
[-338, 205, 483]
[-338, 206, 482]
[-338, 206, 481]
[-339, 207, 480]
[-339, 207, 479]
[-339, 208, 478]
[-339, 208, 477]
[-339, 209, 476]
[-340, 209, 475]
[-340, 210, 474]
[-340, 210, 473]
[-340, 211, 472]
[-340, 211, 471]
[-340, 212, 470]
[-340, 212, 469]
[-340, 213, 468]
[-340, 213, 467]
[-340, 213, 466]
[-340, 214, 465]
[-340, 214, 464]
[-340, 215, 463]
[-340, 215, 462]
[-340, 216, 461]
[-340, 216, 460]
[-339, 217, 459]
[-339, 217, 458]
[-339, 218, 457]
[-339, 218, 455]
[-339, 218, 454]
[-339, 219, 453]
[-338, 219, 452]
[-338, 220, 451]
[-338, 220, 450]
[-338, 221, 449]
[-338, 221, 448]
[-337, 221, 446]
[-337, 222, 445]
[-337, 222, 444]
[-337, 223, 443]
[-336, 223, 442]
[-336, 223, 441]
[-336, 224, 439]
[-336, 224, 438]
[-335, 225, 437]
[-335, 225, 436]
[-335, 225, 435]
[-335, 226, 433]
[-334, 226, 432]
[-334, 226, 431]
[-334, 227, 430]
[-334, 227, 429]
[-333, 227, 427]
[-333, 228, 426]
[-333, 228, 425]
[-333, 228, 424]
[-333, 229, 422]
[-332, 229, 421]
[-332, 229, 420]
[-332, 230, 419]
[-332, 230, 417]
[-332, 230, 416]
[-331, 230, 415]
[-331, 231, 414]
[-331, 231, 412]
[-331, 231, 411]
[-331, 232, 410]
[-331, 232, 409]
[-331, 232, 407]
[-330, 232, 406]
[-330, 233, 405]
[-330, 233, 403]
[-330, 233, 402]
[-330, 233, 401]
[-330, 234, 400]
[-330, 234, 398]
[-330, 234, 397]
[-330, 234, 396]
[-330, 234, 394]
[-330, 235, 393]
[-329, 235, 392]
[-329, 235, 391]
[-329, 235, 389]
[-329, 235, 388]
[-329, 236, 387]
[-329, 236, 385]
[-329, 236, 384]
[-329, 236, 383]
[-329, 236, 382]
[-329, 236, 380]
[-329, 237, 379]
[-329, 237, 378]
[-329, 237, 376]
[-329, 237, 375]
[-330, 237, 374]
[-330, 237, 372]
[-330, 237, 371]
[-330, 237, 370]
[-330, 237, 369]
[-330, 238, 367]
[-330, 238, 366]
[-330, 238, 365]
[-330, 238, 363]
[-330, 238, 362]
[-330, 238, 361]
[-330, 238, 360]
[-330, 238, 358]
[-330, 238, 357]
[-330, 238, 356]
[-330, 238, 355]
[-330, 238, 353]
[-330, 238, 352]
