# Curve Parameters
# y_end: 236
# loops: 1
# A (south bulge): 140
# B (lateral wiggle): 20
# samples: 350
#
# Analysis Results
# max_grade: 0.819072
# length_3d: 386.33
# length_2d: 352.40
# min_horiz_step: 0.249812
# status: OK
#
# Coordinates (x, y, z)
#==================================================

[-199, 98, 410]
[-199, 98, 411]
[-199, 98, 413]
[-199, 98, 414]
[-199, 98, 415]
[-199, 98, 416]
[-199, 98, 418]
[-199, 98, 419]
[-199, 98, 420]
[-199, 98, 421]
[-199, 98, 422]
[-199, 98, 424]
[-199, 98, 425]
[-199, 99, 426]
[-200, 99, 427]
[-200, 99, 429]
[-200, 99, 430]
[-200, 99, 431]
[-200, 99, 432]
[-200, 99, 433]
[-200, 99, 435]
[-200, 99, 436]
[-200, 100, 437]
[-200, 100, 438]
[-200, 100, 439]
[-200, 100, 440]
[-201, 100, 442]
[-201, 100, 443]
[-201, 101, 444]
[-201, 101, 445]
[-201, 101, 446]
[-201, 101, 447]
[-201, 101, 448]
[-201, 101, 450]
[-201, 102, 451]
[-202, 102, 452]
[-202, 102, 453]
[-202, 102, 454]
[-202, 103, 455]
[-202, 103, 456]
[-202, 103, 457]
[-202, 103, 458]
[-202, 104, 459]
[-202, 104, 460]
[-203, 104, 461]
[-203, 104, 463]
[-203, 105, 464]
[-203, 105, 465]
[-203, 105, 466]
[-203, 105, 467]
[-203, 106, 468]
[-203, 106, 469]
[-204, 106, 470]
[-204, 107, 471]
[-204, 107, 472]
[-204, 107, 473]
[-204, 108, 474]
[-204, 108, 475]
[-204, 108, 476]
[-204, 108, 476]
[-205, 109, 477]
[-205, 109, 478]
[-205, 110, 479]
[-205, 110, 480]
[-205, 110, 481]
[-205, 111, 482]
[-205, 111, 483]
[-206, 111, 484]
[-206, 112, 485]
[-206, 112, 486]
[-206, 112, 486]
[-206, 113, 487]
[-206, 113, 488]
[-207, 114, 489]
[-207, 114, 490]
[-207, 114, 491]
[-207, 115, 491]
[-207, 115, 492]
[-207, 116, 493]
[-208, 116, 494]
[-208, 116, 495]
[-208, 117, 495]
[-208, 117, 496]
[-208, 118, 497]
[-209, 118, 498]
[-209, 119, 498]
[-209, 119, 499]
[-209, 119, 500]
[-210, 120, 500]
[-210, 120, 501]
[-210, 121, 502]
[-210, 121, 503]
[-211, 122, 503]
[-211, 122, 504]
[-211, 123, 504]
[-212, 123, 505]
[-212, 124, 506]
[-212, 124, 506]
[-212, 125, 507]
[-213, 125, 508]
[-213, 125, 508]
[-213, 126, 509]
[-214, 126, 509]
[-214, 127, 510]
[-215, 127, 510]
[-215, 128, 511]
[-215, 128, 511]
[-216, 129, 512]
[-216, 129, 512]
[-217, 130, 513]
[-217, 130, 513]
[-217, 131, 514]
[-218, 132, 514]
[-218, 132, 515]
[-219, 133, 515]
[-219, 133, 516]
[-220, 134, 516]
[-220, 134, 516]
[-221, 135, 517]
[-221, 135, 517]
[-222, 136, 518]
[-222, 136, 518]
[-223, 137, 518]
[-224, 137, 519]
[-224, 138, 519]
[-225, 138, 519]
[-225, 139, 520]
[-226, 140, 520]
[-227, 140, 520]
[-227, 141, 521]
[-228, 141, 521]
[-228, 142, 521]
[-229, 142, 521]
[-230, 143, 521]
[-230, 143, 522]
[-231, 144, 522]
[-232, 145, 522]
[-233, 145, 522]
[-233, 146, 522]
[-234, 146, 523]
[-235, 147, 523]
[-236, 147, 523]
[-236, 148, 523]
[-237, 149, 523]
[-238, 149, 523]
[-239, 150, 523]
[-239, 150, 523]
[-240, 151, 524]
[-241, 151, 524]
[-242, 152, 524]
[-243, 153, 524]
[-243, 153, 524]
[-244, 154, 524]
[-245, 154, 524]
[-246, 155, 524]
[-247, 155, 524]
[-248, 156, 524]
[-249, 157, 524]
[-250, 157, 524]
[-250, 158, 523]
[-251, 158, 523]
[-252, 159, 523]
[-253, 160, 523]
[-254, 160, 523]
[-255, 161, 523]
[-256, 161, 523]
[-257, 162, 523]
[-258, 163, 523]
[-259, 163, 522]
[-259, 164, 522]
[-260, 164, 522]
[-261, 165, 522]
[-262, 166, 522]
[-263, 166, 521]
[-264, 167, 521]
[-265, 167, 521]
[-266, 168, 521]
[-267, 168, 520]
[-268, 169, 520]
[-269, 170, 520]
[-270, 170, 519]
[-270, 171, 519]
[-271, 171, 519]
[-272, 172, 518]
[-273, 173, 518]
[-274, 173, 518]
[-275, 174, 517]
[-276, 174, 517]
[-277, 175, 517]
[-278, 176, 516]
[-279, 176, 516]
[-279, 177, 515]
[-280, 177, 515]
[-281, 178, 514]
[-282, 179, 514]
[-283, 179, 514]
[-284, 180, 513]
[-285, 180, 513]
[-286, 181, 512]
[-286, 181, 512]
[-287, 182, 511]
[-288, 183, 510]
[-289, 183, 510]
[-290, 184, 509]
[-290, 184, 509]
[-291, 185, 508]
[-292, 185, 508]
[-293, 186, 507]
[-293, 187, 506]
[-294, 187, 506]
[-295, 188, 505]
[-296, 188, 505]
[-296, 189, 504]
[-297, 189, 503]
[-298, 190, 503]
[-299, 191, 502]
[-299, 191, 501]
[-300, 192, 500]
[-301, 192, 500]
[-301, 193, 499]
[-302, 193, 498]
[-302, 194, 498]
[-303, 194, 497]
[-304, 195, 496]
[-304, 196, 495]
[-305, 196, 495]
[-305, 197, 494]
[-306, 197, 493]
[-307, 198, 492]
[-307, 198, 491]
[-308, 199, 491]
[-308, 199, 490]
[-309, 200, 489]
[-309, 200, 488]
[-310, 201, 487]
[-310, 201, 486]
[-311, 202, 485]
[-311, 202, 485]
[-312, 203, 484]
[-312, 204, 483]
[-312, 204, 482]
[-313, 205, 481]
[-313, 205, 480]
[-314, 206, 479]
[-314, 206, 478]
[-314, 207, 477]
[-315, 207, 476]
[-315, 208, 475]
[-316, 208, 474]
[-316, 209, 473]
[-316, 209, 472]
[-317, 209, 471]
[-317, 210, 470]
[-317, 210, 469]
[-317, 211, 468]
[-318, 211, 467]
[-318, 212, 466]
[-318, 212, 465]
[-319, 213, 464]
[-319, 213, 463]
[-319, 214, 462]
[-319, 214, 461]
[-320, 215, 460]
[-320, 215, 459]
[-320, 215, 458]
[-320, 216, 457]
[-321, 216, 455]
[-321, 217, 454]
[-321, 217, 453]
[-321, 218, 452]
[-321, 218, 451]
[-322, 218, 450]
[-322, 219, 449]
[-322, 219, 448]
[-322, 220, 446]
[-322, 220, 445]
[-322, 220, 444]
[-323, 221, 443]
[-323, 221, 442]
[-323, 222, 441]
[-323, 222, 439]
[-323, 222, 438]
[-323, 223, 437]
[-324, 223, 436]
[-324, 223, 435]
[-324, 224, 433]
[-324, 224, 432]
[-324, 224, 431]
[-324, 225, 430]
[-324, 225, 429]
[-325, 226, 427]
[-325, 226, 426]
[-325, 226, 425]
[-325, 226, 424]
[-325, 227, 422]
[-325, 227, 421]
[-325, 227, 420]
[-325, 228, 419]
[-326, 228, 417]
[-326, 228, 416]
[-326, 229, 415]
[-326, 229, 414]
[-326, 229, 412]
[-326, 229, 411]
[-326, 230, 410]
[-326, 230, 409]
[-327, 230, 407]
[-327, 230, 406]
[-327, 231, 405]
[-327, 231, 403]
[-327, 231, 402]
[-327, 231, 401]
[-327, 232, 400]
[-327, 232, 398]
[-327, 232, 397]
[-328, 232, 396]
[-328, 233, 394]
[-328, 233, 393]
[-328, 233, 392]
[-328, 233, 391]
[-328, 233, 389]
[-328, 233, 388]
[-328, 234, 387]
[-328, 234, 385]
[-329, 234, 384]
[-329, 234, 383]
[-329, 234, 382]
[-329, 234, 380]
[-329, 235, 379]
[-329, 235, 378]
[-329, 235, 376]
[-329, 235, 375]
[-329, 235, 374]
[-329, 235, 372]
[-329, 235, 371]
[-329, 235, 370]
[-330, 235, 369]
[-330, 236, 367]
[-330, 236, 366]
[-330, 236, 365]
[-330, 236, 363]
[-330, 236, 362]
[-330, 236, 361]
[-330, 236, 360]
[-330, 236, 358]
[-330, 236, 357]
[-330, 236, 356]
[-330, 236, 355]
[-330, 236, 353]
[-330, 236, 352]
