# Curve Parameters
# y_end: 222
# loops: 0
# A (south bulge): 60
# B (lateral wiggle): 30
# samples: 350
#
# Analysis Results
# max_grade: 0.946564
# length_3d: 243.08
# length_2d: 203.42
# min_horiz_step: 0.176149
# status: OK
#
# Coordinates (x, y, z)
#==================================================

[-199, 98, 410]
[-199, 98, 411]
[-199, 98, 411]
[-199, 98, 412]
[-199, 98, 412]
[-199, 98, 413]
[-199, 98, 413]
[-199, 98, 414]
[-199, 98, 414]
[-199, 98, 415]
[-199, 98, 415]
[-199, 98, 416]
[-199, 98, 416]
[-200, 99, 417]
[-200, 99, 417]
[-200, 99, 418]
[-200, 99, 418]
[-200, 99, 419]
[-200, 99, 419]
[-200, 99, 420]
[-200, 99, 420]
[-200, 99, 421]
[-200, 99, 421]
[-201, 100, 422]
[-201, 100, 422]
[-201, 100, 423]
[-201, 100, 423]
[-201, 100, 423]
[-201, 100, 424]
[-202, 100, 424]
[-202, 101, 425]
[-202, 101, 425]
[-202, 101, 426]
[-202, 101, 426]
[-202, 101, 427]
[-203, 101, 427]
[-203, 102, 427]
[-203, 102, 428]
[-203, 102, 428]
[-204, 102, 429]
[-204, 103, 429]
[-204, 103, 429]
[-204, 103, 430]
[-204, 103, 430]
[-205, 103, 431]
[-205, 104, 431]
[-205, 104, 431]
[-205, 104, 432]
[-206, 104, 432]
[-206, 105, 433]
[-206, 105, 433]
[-207, 105, 433]
[-207, 105, 434]
[-207, 106, 434]
[-207, 106, 434]
[-208, 106, 435]
[-208, 107, 435]
[-208, 107, 435]
[-209, 107, 436]
[-209, 107, 436]
[-209, 108, 436]
[-210, 108, 437]
[-210, 108, 437]
[-210, 109, 437]
[-211, 109, 438]
[-211, 109, 438]
[-211, 110, 438]
[-212, 110, 438]
[-212, 110, 439]
[-212, 111, 439]
[-213, 111, 439]
[-213, 111, 440]
[-213, 112, 440]
[-214, 112, 440]
[-214, 112, 440]
[-215, 113, 441]
[-215, 113, 441]
[-215, 113, 441]
[-216, 114, 441]
[-216, 114, 442]
[-216, 115, 442]
[-217, 115, 442]
[-217, 115, 442]
[-218, 116, 442]
[-218, 116, 443]
[-219, 116, 443]
[-219, 117, 443]
[-219, 117, 443]
[-220, 118, 444]
[-220, 118, 444]
[-221, 118, 444]
[-221, 119, 444]
[-222, 119, 444]
[-222, 120, 444]
[-222, 120, 445]
[-223, 121, 445]
[-223, 121, 445]
[-224, 121, 445]
[-224, 122, 445]
[-225, 122, 445]
[-225, 123, 445]
[-226, 123, 446]
[-226, 124, 446]
[-226, 124, 446]
[-227, 124, 446]
[-227, 125, 446]
[-228, 125, 446]
[-228, 126, 446]
[-229, 126, 446]
[-229, 127, 446]
[-230, 127, 447]
[-230, 128, 447]
[-231, 128, 447]
[-231, 129, 447]
[-232, 129, 447]
[-232, 130, 447]
[-233, 130, 447]
[-233, 130, 447]
[-234, 131, 447]
[-234, 131, 447]
[-235, 132, 447]
[-235, 132, 447]
[-236, 133, 447]
[-236, 133, 447]
[-237, 134, 447]
[-237, 134, 447]
[-238, 135, 447]
[-238, 135, 447]
[-239, 136, 447]
[-239, 136, 447]
[-240, 137, 447]
[-241, 137, 447]
[-241, 138, 447]
[-242, 138, 447]
[-242, 139, 447]
[-243, 139, 447]
[-243, 140, 447]
[-244, 140, 447]
[-244, 141, 447]
[-245, 141, 447]
[-245, 142, 447]
[-246, 142, 447]
[-246, 143, 446]
[-247, 143, 446]
[-248, 144, 446]
[-248, 144, 446]
[-249, 145, 446]
[-249, 145, 446]
[-250, 146, 446]
[-250, 147, 446]
[-251, 147, 446]
[-251, 148, 445]
[-252, 148, 445]
[-252, 149, 445]
[-253, 149, 445]
[-254, 150, 445]
[-254, 150, 445]
[-255, 151, 445]
[-255, 151, 444]
[-256, 152, 444]
[-256, 152, 444]
[-257, 153, 444]
[-257, 153, 444]
[-258, 154, 444]
[-259, 154, 443]
[-259, 155, 443]
[-260, 155, 443]
[-260, 156, 443]
[-261, 157, 443]
[-261, 157, 442]
[-262, 158, 442]
[-263, 158, 442]
[-263, 159, 442]
[-264, 159, 441]
[-264, 160, 441]
[-265, 160, 441]
[-265, 161, 441]
[-266, 161, 440]
[-266, 162, 440]
[-267, 162, 440]
[-268, 163, 440]
[-268, 163, 439]
[-269, 164, 439]
[-269, 165, 439]
[-270, 165, 438]
[-270, 166, 438]
[-271, 166, 438]
[-272, 167, 438]
[-272, 167, 437]
[-273, 168, 437]
[-273, 168, 437]
[-274, 169, 436]
[-274, 169, 436]
[-275, 170, 436]
[-275, 170, 435]
[-276, 171, 435]
[-277, 171, 435]
[-277, 172, 434]
[-278, 172, 434]
[-278, 173, 433]
[-279, 173, 433]
[-279, 174, 433]
[-280, 175, 432]
[-280, 175, 432]
[-281, 176, 432]
[-281, 176, 431]
[-282, 177, 431]
[-283, 177, 430]
[-283, 178, 430]
[-284, 178, 430]
[-284, 179, 429]
[-285, 179, 429]
[-285, 180, 428]
[-286, 180, 428]
[-286, 181, 428]
[-287, 181, 427]
[-287, 182, 427]
[-288, 182, 426]
[-288, 183, 426]
[-289, 183, 425]
[-290, 184, 425]
[-290, 184, 425]
[-291, 185, 424]
[-291, 185, 424]
[-292, 186, 423]
[-292, 186, 423]
[-293, 187, 422]
[-293, 187, 422]
[-294, 188, 421]
[-294, 188, 421]
[-295, 189, 420]
[-295, 189, 420]
[-296, 190, 419]
[-296, 190, 419]
[-297, 190, 418]
[-297, 191, 418]
[-298, 191, 417]
[-298, 192, 417]
[-299, 192, 416]
[-299, 193, 416]
[-300, 193, 415]
[-300, 194, 415]
[-301, 194, 414]
[-301, 195, 414]
[-302, 195, 413]
[-302, 196, 413]
[-303, 196, 412]
[-303, 196, 412]
[-303, 197, 411]
[-304, 197, 411]
[-304, 198, 410]
[-305, 198, 409]
[-305, 199, 409]
[-306, 199, 408]
[-306, 199, 408]
[-307, 200, 407]
[-307, 200, 407]
[-307, 201, 406]
[-308, 201, 406]
[-308, 202, 405]
[-309, 202, 404]
[-309, 202, 404]
[-310, 203, 403]
[-310, 203, 403]
[-310, 204, 402]
[-311, 204, 402]
[-311, 204, 401]
[-312, 205, 400]
[-312, 205, 400]
[-313, 205, 399]
[-313, 206, 399]
[-313, 206, 398]
[-314, 207, 398]
[-314, 207, 397]
[-314, 207, 396]
[-315, 208, 396]
[-315, 208, 395]
[-316, 208, 395]
[-316, 209, 394]
[-316, 209, 393]
[-317, 209, 393]
[-317, 210, 392]
[-317, 210, 392]
[-318, 210, 391]
[-318, 211, 390]
[-318, 211, 390]
[-319, 211, 389]
[-319, 212, 389]
[-319, 212, 388]
[-320, 212, 387]
[-320, 213, 387]
[-320, 213, 386]
[-321, 213, 386]
[-321, 213, 385]
[-321, 214, 384]
[-322, 214, 384]
[-322, 214, 383]
[-322, 215, 383]
[-322, 215, 382]
[-323, 215, 381]
[-323, 215, 381]
[-323, 216, 380]
[-324, 216, 380]
[-324, 216, 379]
[-324, 216, 378]
[-324, 217, 378]
[-325, 217, 377]
[-325, 217, 376]
[-325, 217, 376]
[-325, 217, 375]
[-325, 218, 375]
[-326, 218, 374]
[-326, 218, 373]
[-326, 218, 373]
[-326, 219, 372]
[-327, 219, 372]
[-327, 219, 371]
[-327, 219, 370]
[-327, 219, 370]
[-327, 219, 369]
[-327, 220, 369]
[-328, 220, 368]
[-328, 220, 367]
[-328, 220, 367]
[-328, 220, 366]
[-328, 220, 366]
[-328, 220, 365]
[-329, 221, 364]
[-329, 221, 364]
[-329, 221, 363]
[-329, 221, 363]
[-329, 221, 362]
[-329, 221, 362]
[-329, 221, 361]
[-329, 221, 360]
[-329, 221, 360]
[-329, 221, 359]
[-330, 222, 359]
[-330, 222, 358]
[-330, 222, 358]
[-330, 222, 357]
[-330, 222, 356]
[-330, 222, 356]
[-330, 222, 355]
[-330, 222, 355]
[-330, 222, 354]
[-330, 222, 354]
[-330, 222, 353]
[-330, 222, 353]
[-330, 222, 352]
