# Curve Parameters
# y_end: 224
# loops: 1
# A (south bulge): 120
# B (lateral wiggle): 40
# samples: 350
#
# Analysis Results
# max_grade: 0.881473
# length_3d: 365.30
# length_2d: 337.06
# min_horiz_step: 0.199709
# status: OK
#
# Coordinates (x, y, z)
#==================================================

[-199, 98, 410]
[-199, 98, 411]
[-199, 98, 412]
[-199, 98, 413]
[-199, 98, 414]
[-199, 98, 415]
[-199, 98, 416]
[-199, 98, 417]
[-199, 98, 419]
[-199, 98, 420]
[-199, 98, 421]
[-199, 98, 422]
[-199, 98, 423]
[-199, 99, 424]
[-199, 99, 425]
[-200, 99, 426]
[-200, 99, 427]
[-200, 99, 428]
[-200, 99, 429]
[-200, 99, 430]
[-200, 99, 431]
[-200, 99, 432]
[-200, 99, 433]
[-200, 100, 434]
[-200, 100, 435]
[-200, 100, 436]
[-200, 100, 437]
[-200, 100, 438]
[-200, 100, 439]
[-200, 100, 440]
[-200, 101, 441]
[-200, 101, 442]
[-200, 101, 443]
[-200, 101, 444]
[-200, 101, 445]
[-200, 102, 446]
[-200, 102, 446]
[-200, 102, 447]
[-200, 102, 448]
[-200, 102, 449]
[-200, 103, 450]
[-200, 103, 451]
[-200, 103, 452]
[-200, 103, 453]
[-200, 104, 454]
[-200, 104, 455]
[-200, 104, 456]
[-200, 104, 456]
[-200, 104, 457]
[-200, 105, 458]
[-200, 105, 459]
[-200, 105, 460]
[-200, 106, 461]
[-200, 106, 461]
[-200, 106, 462]
[-200, 106, 463]
[-200, 107, 464]
[-200, 107, 465]
[-200, 107, 466]
[-200, 108, 466]
[-200, 108, 467]
[-200, 108, 468]
[-200, 109, 469]
[-200, 109, 469]
[-200, 109, 470]
[-200, 109, 471]
[-200, 110, 472]
[-200, 110, 472]
[-200, 110, 473]
[-200, 111, 474]
[-199, 111, 475]
[-199, 112, 475]
[-199, 112, 476]
[-199, 112, 477]
[-199, 113, 477]
[-199, 113, 478]
[-199, 113, 479]
[-199, 114, 479]
[-199, 114, 480]
[-199, 114, 481]
[-199, 115, 481]
[-199, 115, 482]
[-199, 116, 483]
[-199, 116, 483]
[-199, 116, 484]
[-199, 117, 484]
[-199, 117, 485]
[-199, 118, 486]
[-200, 118, 486]
[-200, 118, 487]
[-200, 119, 487]
[-200, 119, 488]
[-200, 120, 488]
[-200, 120, 489]
[-200, 120, 489]
[-200, 121, 490]
[-200, 121, 491]
[-201, 122, 491]
[-201, 122, 492]
[-201, 123, 492]
[-201, 123, 492]
[-201, 124, 493]
[-202, 124, 493]
[-202, 124, 494]
[-202, 125, 494]
[-202, 125, 495]
[-203, 126, 495]
[-203, 126, 496]
[-203, 127, 496]
[-204, 127, 496]
[-204, 128, 497]
[-205, 128, 497]
[-205, 129, 497]
[-205, 129, 498]
[-206, 130, 498]
[-206, 130, 498]
[-207, 131, 499]
[-207, 131, 499]
[-208, 131, 499]
[-208, 132, 500]
[-209, 132, 500]
[-210, 133, 500]
[-210, 133, 501]
[-211, 134, 501]
[-211, 134, 501]
[-212, 135, 501]
[-213, 135, 502]
[-213, 136, 502]
[-214, 136, 502]
[-215, 137, 502]
[-216, 137, 502]
[-216, 138, 503]
[-217, 138, 503]
[-218, 139, 503]
[-219, 139, 503]
[-220, 140, 503]
[-221, 140, 503]
[-221, 141, 503]
[-222, 142, 504]
[-223, 142, 504]
[-224, 143, 504]
[-225, 143, 504]
[-226, 144, 504]
[-227, 144, 504]
[-228, 145, 504]
[-229, 145, 504]
[-230, 146, 504]
[-231, 146, 504]
[-232, 147, 504]
[-233, 147, 504]
[-235, 148, 504]
[-236, 148, 504]
[-237, 149, 504]
[-238, 149, 504]
[-239, 150, 504]
[-240, 150, 504]
[-241, 151, 504]
[-243, 152, 504]
[-244, 152, 504]
[-245, 153, 504]
[-246, 153, 504]
[-247, 154, 503]
[-249, 154, 503]
[-250, 155, 503]
[-251, 155, 503]
[-252, 156, 503]
[-254, 156, 503]
[-255, 157, 503]
[-256, 157, 502]
[-257, 158, 502]
[-259, 159, 502]
[-260, 159, 502]
[-261, 160, 502]
[-263, 160, 501]
[-264, 161, 501]
[-265, 161, 501]
[-266, 162, 501]
[-268, 162, 500]
[-269, 163, 500]
[-270, 163, 500]
[-272, 164, 499]
[-273, 165, 499]
[-274, 165, 499]
[-275, 166, 499]
[-277, 166, 498]
[-278, 167, 498]
[-279, 167, 497]
[-280, 168, 497]
[-282, 168, 497]
[-283, 169, 496]
[-284, 169, 496]
[-285, 170, 496]
[-286, 170, 495]
[-288, 171, 495]
[-289, 172, 494]
[-290, 172, 494]
[-291, 173, 493]
[-292, 173, 493]
[-293, 174, 493]
[-294, 174, 492]
[-296, 175, 492]
[-297, 175, 491]
[-298, 176, 491]
[-299, 176, 490]
[-300, 177, 490]
[-301, 177, 489]
[-302, 178, 488]
[-303, 178, 488]
[-304, 179, 487]
[-305, 179, 487]
[-306, 180, 486]
[-307, 180, 486]
[-308, 181, 485]
[-308, 182, 484]
[-309, 182, 484]
[-310, 183, 483]
[-311, 183, 483]
[-312, 184, 482]
[-313, 184, 481]
[-313, 185, 481]
[-314, 185, 480]
[-315, 186, 479]
[-316, 186, 479]
[-316, 187, 478]
[-317, 187, 477]
[-318, 188, 477]
[-318, 188, 476]
[-319, 189, 475]
[-319, 189, 474]
[-320, 190, 474]
[-321, 190, 473]
[-321, 191, 472]
[-322, 191, 471]
[-322, 191, 471]
[-323, 192, 470]
[-323, 192, 469]
[-324, 193, 468]
[-324, 193, 468]
[-324, 194, 467]
[-325, 194, 466]
[-325, 195, 465]
[-326, 195, 464]
[-326, 196, 464]
[-326, 196, 463]
[-327, 197, 462]
[-327, 197, 461]
[-327, 198, 460]
[-327, 198, 459]
[-328, 198, 458]
[-328, 199, 458]
[-328, 199, 457]
[-328, 200, 456]
[-328, 200, 455]
[-329, 201, 454]
[-329, 201, 453]
[-329, 202, 452]
[-329, 202, 451]
[-329, 202, 450]
[-329, 203, 449]
[-329, 203, 449]
[-329, 204, 448]
[-329, 204, 447]
[-330, 204, 446]
[-330, 205, 445]
[-330, 205, 444]
[-330, 206, 443]
[-330, 206, 442]
[-330, 206, 441]
[-330, 207, 440]
[-330, 207, 439]
[-330, 208, 438]
[-330, 208, 437]
[-330, 208, 436]
[-330, 209, 435]
[-330, 209, 434]
[-330, 209, 433]
[-330, 210, 432]
[-330, 210, 431]
[-330, 210, 430]
[-330, 211, 429]
[-329, 211, 428]
[-329, 212, 427]
[-329, 212, 426]
[-329, 212, 425]
[-329, 213, 424]
[-329, 213, 423]
[-329, 213, 421]
[-329, 213, 420]
[-329, 214, 419]
[-329, 214, 418]
[-329, 214, 417]
[-329, 215, 416]
[-329, 215, 415]
[-329, 215, 414]
[-329, 216, 413]
[-329, 216, 412]
[-329, 216, 411]
[-329, 216, 410]
[-329, 217, 409]
[-329, 217, 407]
[-329, 217, 406]
[-329, 218, 405]
[-329, 218, 404]
[-329, 218, 403]
[-329, 218, 402]
[-329, 218, 401]
[-329, 219, 400]
[-329, 219, 399]
[-329, 219, 398]
[-329, 219, 396]
[-329, 220, 395]
[-329, 220, 394]
[-329, 220, 393]
[-329, 220, 392]
[-329, 220, 391]
[-329, 221, 390]
[-329, 221, 389]
[-329, 221, 387]
[-329, 221, 386]
[-329, 221, 385]
[-329, 222, 384]
[-329, 222, 383]
[-329, 222, 382]
[-329, 222, 381]
[-329, 222, 380]
[-329, 222, 379]
[-329, 222, 377]
[-329, 223, 376]
[-329, 223, 375]
[-329, 223, 374]
[-329, 223, 373]
[-329, 223, 372]
[-329, 223, 371]
[-329, 223, 370]
[-329, 223, 368]
[-330, 223, 367]
[-330, 223, 366]
[-330, 224, 365]
[-330, 224, 364]
[-330, 224, 363]
[-330, 224, 362]
[-330, 224, 361]
[-330, 224, 360]
[-330, 224, 359]
[-330, 224, 357]
[-330, 224, 356]
[-330, 224, 355]
[-330, 224, 354]
[-330, 224, 353]
[-330, 224, 352]
