# Curve Parameters
# y_end: 240
# loops: 1
# A (south bulge): 100
# B (lateral wiggle): 10
# samples: 350
#
# Analysis Results
# max_grade: 0.986110
# length_3d: 315.78
# length_2d: 273.26
# min_horiz_step: 0.207327
# status: OK
#
# Coordinates (x, y, z)
#==================================================

[-199, 98, 410]
[-199, 98, 411]
[-199, 98, 412]
[-199, 98, 413]
[-199, 98, 414]
[-199, 98, 414]
[-199, 98, 415]
[-199, 98, 416]
[-199, 98, 417]
[-199, 98, 418]
[-199, 98, 419]
[-199, 98, 420]
[-199, 98, 421]
[-200, 99, 421]
[-200, 99, 422]
[-200, 99, 423]
[-200, 99, 424]
[-200, 99, 425]
[-200, 99, 426]
[-200, 99, 427]
[-200, 99, 427]
[-200, 99, 428]
[-200, 100, 429]
[-200, 100, 430]
[-201, 100, 431]
[-201, 100, 431]
[-201, 100, 432]
[-201, 100, 433]
[-201, 101, 434]
[-201, 101, 435]
[-201, 101, 435]
[-202, 101, 436]
[-202, 101, 437]
[-202, 102, 438]
[-202, 102, 439]
[-202, 102, 439]
[-202, 102, 440]
[-202, 102, 441]
[-203, 103, 442]
[-203, 103, 442]
[-203, 103, 443]
[-203, 103, 444]
[-203, 104, 445]
[-203, 104, 445]
[-204, 104, 446]
[-204, 104, 447]
[-204, 105, 447]
[-204, 105, 448]
[-204, 105, 449]
[-205, 106, 450]
[-205, 106, 450]
[-205, 106, 451]
[-205, 107, 452]
[-205, 107, 452]
[-206, 107, 453]
[-206, 107, 454]
[-206, 108, 454]
[-206, 108, 455]
[-207, 108, 456]
[-207, 109, 456]
[-207, 109, 457]
[-207, 109, 457]
[-207, 110, 458]
[-208, 110, 459]
[-208, 111, 459]
[-208, 111, 460]
[-208, 111, 461]
[-209, 112, 461]
[-209, 112, 462]
[-209, 112, 462]
[-209, 113, 463]
[-210, 113, 463]
[-210, 114, 464]
[-210, 114, 465]
[-210, 114, 465]
[-211, 115, 466]
[-211, 115, 466]
[-211, 116, 467]
[-212, 116, 467]
[-212, 117, 468]
[-212, 117, 468]
[-212, 117, 469]
[-213, 118, 469]
[-213, 118, 470]
[-213, 119, 470]
[-214, 119, 471]
[-214, 120, 471]
[-214, 120, 472]
[-215, 121, 472]
[-215, 121, 472]
[-215, 121, 473]
[-216, 122, 473]
[-216, 122, 474]
[-216, 123, 474]
[-217, 123, 475]
[-217, 124, 475]
[-218, 124, 475]
[-218, 125, 476]
[-218, 125, 476]
[-219, 126, 476]
[-219, 126, 477]
[-220, 127, 477]
[-220, 127, 477]
[-220, 128, 478]
[-221, 128, 478]
[-221, 129, 478]
[-222, 129, 479]
[-222, 130, 479]
[-223, 130, 479]
[-223, 131, 480]
[-223, 131, 480]
[-224, 132, 480]
[-224, 132, 481]
[-225, 133, 481]
[-225, 134, 481]
[-226, 134, 481]
[-226, 135, 481]
[-227, 135, 482]
[-227, 136, 482]
[-228, 136, 482]
[-228, 137, 482]
[-229, 137, 483]
[-229, 138, 483]
[-230, 138, 483]
[-230, 139, 483]
[-231, 140, 483]
[-232, 140, 483]
[-232, 141, 484]
[-233, 141, 484]
[-233, 142, 484]
[-234, 142, 484]
[-234, 143, 484]
[-235, 144, 484]
[-236, 144, 484]
[-236, 145, 484]
[-237, 145, 484]
[-238, 146, 484]
[-238, 146, 485]
[-239, 147, 485]
[-239, 148, 485]
[-240, 148, 485]
[-241, 149, 485]
[-241, 149, 485]
[-242, 150, 485]
[-243, 151, 485]
[-243, 151, 485]
[-244, 152, 485]
[-245, 152, 485]
[-245, 153, 485]
[-246, 154, 485]
[-247, 154, 485]
[-247, 155, 485]
[-248, 155, 485]
[-249, 156, 484]
[-250, 157, 484]
[-250, 157, 484]
[-251, 158, 484]
[-252, 158, 484]
[-252, 159, 484]
[-253, 160, 484]
[-254, 160, 484]
[-255, 161, 484]
[-255, 161, 483]
[-256, 162, 483]
[-257, 163, 483]
[-257, 163, 483]
[-258, 164, 483]
[-259, 164, 483]
[-260, 165, 482]
[-260, 166, 482]
[-261, 166, 482]
[-262, 167, 482]
[-263, 167, 482]
[-263, 168, 481]
[-264, 169, 481]
[-265, 169, 481]
[-266, 170, 481]
[-266, 171, 480]
[-267, 171, 480]
[-268, 172, 480]
[-269, 172, 480]
[-269, 173, 479]
[-270, 174, 479]
[-271, 174, 479]
[-272, 175, 478]
[-272, 175, 478]
[-273, 176, 478]
[-274, 177, 477]
[-274, 177, 477]
[-275, 178, 477]
[-276, 178, 476]
[-277, 179, 476]
[-277, 180, 475]
[-278, 180, 475]
[-279, 181, 475]
[-279, 181, 474]
[-280, 182, 474]
[-281, 183, 473]
[-282, 183, 473]
[-282, 184, 473]
[-283, 184, 472]
[-284, 185, 472]
[-284, 186, 471]
[-285, 186, 471]
[-286, 187, 470]
[-286, 187, 470]
[-287, 188, 469]
[-288, 189, 469]
[-288, 189, 468]
[-289, 190, 468]
[-290, 190, 467]
[-290, 191, 467]
[-291, 192, 466]
[-291, 192, 466]
[-292, 193, 465]
[-293, 193, 465]
[-293, 194, 464]
[-294, 194, 463]
[-295, 195, 463]
[-295, 196, 462]
[-296, 196, 462]
[-296, 197, 461]
[-297, 197, 460]
[-297, 198, 460]
[-298, 198, 459]
[-299, 199, 459]
[-299, 200, 458]
[-300, 200, 457]
[-300, 201, 457]
[-301, 201, 456]
[-301, 202, 455]
[-302, 202, 455]
[-302, 203, 454]
[-303, 203, 453]
[-303, 204, 453]
[-304, 204, 452]
[-304, 205, 451]
[-305, 206, 451]
[-305, 206, 450]
[-306, 207, 449]
[-306, 207, 449]
[-306, 208, 448]
[-307, 208, 447]
[-307, 209, 446]
[-308, 209, 446]
[-308, 210, 445]
[-309, 210, 444]
[-309, 211, 443]
[-309, 211, 443]
[-310, 212, 442]
[-310, 212, 441]
[-311, 213, 440]
[-311, 213, 440]
[-311, 214, 439]
[-312, 214, 438]
[-312, 215, 437]
[-313, 215, 436]
[-313, 216, 436]
[-313, 216, 435]
[-314, 217, 434]
[-314, 217, 433]
[-314, 217, 432]
[-315, 218, 432]
[-315, 218, 431]
[-315, 219, 430]
[-316, 219, 429]
[-316, 220, 428]
[-316, 220, 427]
[-317, 221, 427]
[-317, 221, 426]
[-317, 221, 425]
[-317, 222, 424]
[-318, 222, 423]
[-318, 223, 422]
[-318, 223, 421]
[-319, 224, 421]
[-319, 224, 420]
[-319, 224, 419]
[-319, 225, 418]
[-320, 225, 417]
[-320, 226, 416]
[-320, 226, 415]
[-320, 226, 414]
[-321, 227, 413]
[-321, 227, 413]
[-321, 227, 412]
[-321, 228, 411]
[-322, 228, 410]
[-322, 229, 409]
[-322, 229, 408]
[-322, 229, 407]
[-322, 230, 406]
[-323, 230, 405]
[-323, 230, 404]
[-323, 231, 403]
[-323, 231, 402]
[-324, 231, 402]
[-324, 231, 401]
[-324, 232, 400]
[-324, 232, 399]
[-324, 232, 398]
[-325, 233, 397]
[-325, 233, 396]
[-325, 233, 395]
[-325, 234, 394]
[-325, 234, 393]
[-326, 234, 392]
[-326, 234, 391]
[-326, 235, 390]
[-326, 235, 389]
[-326, 235, 388]
[-326, 235, 387]
[-327, 236, 387]
[-327, 236, 386]
[-327, 236, 385]
[-327, 236, 384]
[-327, 236, 383]
[-327, 237, 382]
[-327, 237, 381]
[-328, 237, 380]
[-328, 237, 379]
[-328, 237, 378]
[-328, 238, 377]
[-328, 238, 376]
[-328, 238, 375]
[-328, 238, 374]
[-329, 238, 373]
[-329, 238, 372]
[-329, 239, 371]
[-329, 239, 370]
[-329, 239, 370]
[-329, 239, 369]
[-329, 239, 368]
[-329, 239, 367]
[-329, 239, 366]
[-329, 239, 365]
[-329, 239, 364]
[-330, 240, 363]
[-330, 240, 362]
[-330, 240, 361]
[-330, 240, 360]
[-330, 240, 359]
[-330, 240, 358]
[-330, 240, 357]
[-330, 240, 357]
[-330, 240, 356]
[-330, 240, 355]
[-330, 240, 354]
[-330, 240, 353]
[-330, 240, 352]
