# Curve Parameters
# y_end: 230
# loops: 1
# A (south bulge): 140
# B (lateral wiggle): 80
# samples: 350
#
# Analysis Results
# max_grade: 0.894998
# length_3d: 453.58
# length_2d: 428.63
# min_horiz_step: 0.209470
# status: OK
#
# Coordinates (x, y, z)
#==================================================

[-199, 98, 410]
[-199, 98, 411]
[-199, 98, 413]
[-199, 98, 414]
[-199, 98, 415]
[-199, 98, 416]
[-199, 98, 418]
[-199, 98, 419]
[-199, 98, 420]
[-199, 98, 421]
[-199, 98, 422]
[-199, 98, 424]
[-199, 98, 425]
[-199, 99, 426]
[-199, 99, 427]
[-199, 99, 429]
[-199, 99, 430]
[-199, 99, 431]
[-199, 99, 432]
[-199, 99, 433]
[-199, 99, 435]
[-199, 99, 436]
[-199, 100, 437]
[-199, 100, 438]
[-199, 100, 439]
[-199, 100, 440]
[-199, 100, 442]
[-199, 100, 443]
[-199, 100, 444]
[-199, 101, 445]
[-199, 101, 446]
[-199, 101, 447]
[-199, 101, 448]
[-198, 101, 450]
[-198, 102, 451]
[-198, 102, 452]
[-198, 102, 453]
[-198, 102, 454]
[-198, 102, 455]
[-197, 103, 456]
[-197, 103, 457]
[-197, 103, 458]
[-197, 103, 459]
[-197, 104, 460]
[-196, 104, 461]
[-196, 104, 463]
[-196, 104, 464]
[-195, 105, 465]
[-195, 105, 466]
[-195, 105, 467]
[-194, 105, 468]
[-194, 106, 469]
[-194, 106, 470]
[-193, 106, 471]
[-193, 107, 472]
[-193, 107, 473]
[-192, 107, 474]
[-192, 107, 475]
[-191, 108, 476]
[-191, 108, 476]
[-191, 108, 477]
[-190, 109, 478]
[-190, 109, 479]
[-189, 109, 480]
[-189, 110, 481]
[-188, 110, 482]
[-188, 110, 483]
[-188, 111, 484]
[-187, 111, 485]
[-187, 111, 486]
[-186, 112, 486]
[-186, 112, 487]
[-185, 113, 488]
[-185, 113, 489]
[-184, 113, 490]
[-184, 114, 491]
[-184, 114, 491]
[-183, 114, 492]
[-183, 115, 493]
[-182, 115, 494]
[-182, 116, 495]
[-182, 116, 495]
[-181, 116, 496]
[-181, 117, 497]
[-181, 117, 498]
[-180, 118, 498]
[-180, 118, 499]
[-180, 119, 500]
[-179, 119, 500]
[-179, 119, 501]
[-179, 120, 502]
[-178, 120, 503]
[-178, 121, 503]
[-178, 121, 504]
[-178, 122, 504]
[-178, 122, 505]
[-178, 122, 506]
[-177, 123, 506]
[-177, 123, 507]
[-177, 124, 508]
[-177, 124, 508]
[-177, 125, 509]
[-177, 125, 509]
[-177, 126, 510]
[-177, 126, 510]
[-178, 127, 511]
[-178, 127, 511]
[-178, 128, 512]
[-178, 128, 512]
[-178, 129, 513]
[-179, 129, 513]
[-179, 130, 514]
[-179, 130, 514]
[-180, 131, 515]
[-180, 131, 515]
[-180, 132, 516]
[-181, 132, 516]
[-181, 133, 516]
[-182, 133, 517]
[-182, 134, 517]
[-183, 134, 518]
[-184, 135, 518]
[-184, 135, 518]
[-185, 136, 519]
[-186, 136, 519]
[-187, 137, 519]
[-188, 137, 520]
[-188, 138, 520]
[-189, 138, 520]
[-190, 139, 521]
[-191, 139, 521]
[-192, 140, 521]
[-193, 140, 521]
[-194, 141, 521]
[-196, 141, 522]
[-197, 142, 522]
[-198, 143, 522]
[-199, 143, 522]
[-200, 144, 522]
[-202, 144, 523]
[-203, 145, 523]
[-204, 145, 523]
[-206, 146, 523]
[-207, 146, 523]
[-209, 147, 523]
[-210, 147, 523]
[-212, 148, 523]
[-213, 149, 524]
[-215, 149, 524]
[-217, 150, 524]
[-218, 150, 524]
[-220, 151, 524]
[-222, 151, 524]
[-223, 152, 524]
[-225, 152, 524]
[-227, 153, 524]
[-229, 154, 524]
[-231, 154, 524]
[-232, 155, 524]
[-234, 155, 523]
[-236, 156, 523]
[-238, 156, 523]
[-240, 157, 523]
[-242, 157, 523]
[-244, 158, 523]
[-246, 159, 523]
[-248, 159, 523]
[-250, 160, 523]
[-252, 160, 522]
[-254, 161, 522]
[-256, 161, 522]
[-257, 162, 522]
[-259, 163, 522]
[-261, 163, 521]
[-263, 164, 521]
[-266, 164, 521]
[-268, 165, 521]
[-270, 165, 520]
[-272, 166, 520]
[-273, 167, 520]
[-275, 167, 519]
[-277, 168, 519]
[-279, 168, 519]
[-281, 169, 518]
[-283, 169, 518]
[-285, 170, 518]
[-287, 171, 517]
[-289, 171, 517]
[-291, 172, 517]
[-293, 172, 516]
[-295, 173, 516]
[-297, 173, 515]
[-298, 174, 515]
[-300, 174, 514]
[-302, 175, 514]
[-304, 176, 514]
[-306, 176, 513]
[-307, 177, 513]
[-309, 177, 512]
[-311, 178, 512]
[-312, 178, 511]
[-314, 179, 510]
[-316, 179, 510]
[-317, 180, 509]
[-319, 181, 509]
[-320, 181, 508]
[-322, 182, 508]
[-323, 182, 507]
[-325, 183, 506]
[-326, 183, 506]
[-327, 184, 505]
[-329, 184, 505]
[-330, 185, 504]
[-331, 185, 503]
[-332, 186, 503]
[-333, 187, 502]
[-335, 187, 501]
[-336, 188, 500]
[-337, 188, 500]
[-338, 189, 499]
[-339, 189, 498]
[-340, 190, 498]
[-341, 190, 497]
[-341, 191, 496]
[-342, 191, 495]
[-343, 192, 495]
[-344, 192, 494]
[-345, 193, 493]
[-345, 193, 492]
[-346, 194, 491]
[-347, 194, 491]
[-347, 195, 490]
[-348, 195, 489]
[-348, 196, 488]
[-349, 196, 487]
[-349, 197, 486]
[-349, 197, 485]
[-350, 198, 485]
[-350, 198, 484]
[-350, 199, 483]
[-351, 199, 482]
[-351, 200, 481]
[-351, 200, 480]
[-351, 201, 479]
[-351, 201, 478]
[-352, 202, 477]
[-352, 202, 476]
[-352, 203, 475]
[-352, 203, 474]
[-352, 204, 473]
[-352, 204, 472]
[-352, 205, 471]
[-352, 205, 470]
[-351, 206, 469]
[-351, 206, 468]
[-351, 206, 467]
[-351, 207, 466]
[-351, 207, 465]
[-351, 208, 464]
[-350, 208, 463]
[-350, 209, 462]
[-350, 209, 461]
[-349, 209, 460]
[-349, 210, 459]
[-349, 210, 458]
[-348, 211, 457]
[-348, 211, 455]
[-348, 212, 454]
[-347, 212, 453]
[-347, 212, 452]
[-347, 213, 451]
[-346, 213, 450]
[-346, 214, 449]
[-345, 214, 448]
[-345, 214, 446]
[-345, 215, 445]
[-344, 215, 444]
[-344, 215, 443]
[-343, 216, 442]
[-343, 216, 441]
[-342, 217, 439]
[-342, 217, 438]
[-341, 217, 437]
[-341, 218, 436]
[-341, 218, 435]
[-340, 218, 433]
[-340, 219, 432]
[-339, 219, 431]
[-339, 219, 430]
[-338, 220, 429]
[-338, 220, 427]
[-338, 220, 426]
[-337, 221, 425]
[-337, 221, 424]
[-336, 221, 422]
[-336, 221, 421]
[-336, 222, 420]
[-335, 222, 419]
[-335, 222, 417]
[-335, 223, 416]
[-334, 223, 415]
[-334, 223, 414]
[-334, 223, 412]
[-333, 224, 411]
[-333, 224, 410]
[-333, 224, 409]
[-332, 224, 407]
[-332, 225, 406]
[-332, 225, 405]
[-332, 225, 403]
[-332, 225, 402]
[-331, 226, 401]
[-331, 226, 400]
[-331, 226, 398]
[-331, 226, 397]
[-331, 226, 396]
[-331, 227, 394]
[-330, 227, 393]
[-330, 227, 392]
[-330, 227, 391]
[-330, 227, 389]
[-330, 228, 388]
[-330, 228, 387]
[-330, 228, 385]
[-330, 228, 384]
[-330, 228, 383]
[-330, 228, 382]
[-330, 228, 380]
[-330, 229, 379]
[-330, 229, 378]
[-330, 229, 376]
[-330, 229, 375]
[-330, 229, 374]
[-330, 229, 372]
[-330, 229, 371]
[-330, 229, 370]
[-330, 229, 369]
[-330, 230, 367]
[-330, 230, 366]
[-330, 230, 365]
[-330, 230, 363]
[-330, 230, 362]
[-330, 230, 361]
[-330, 230, 360]
[-330, 230, 358]
[-330, 230, 357]
[-330, 230, 356]
[-330, 230, 355]
[-330, 230, 353]
[-330, 230, 352]
