# Curve Parameters
# y_end: 222
# loops: 1
# A (south bulge): 140
# B (lateral wiggle): 80
# samples: 350
#
# Analysis Results
# max_grade: 0.840756
# length_3d: 450.78
# length_2d: 428.63
# min_horiz_step: 0.209470
# status: OK
#
# Coordinates (x, y, z)
#==================================================

[-199, 98, 410]
[-199, 98, 411]
[-199, 98, 413]
[-199, 98, 414]
[-199, 98, 415]
[-199, 98, 416]
[-199, 98, 418]
[-199, 98, 419]
[-199, 98, 420]
[-199, 98, 421]
[-199, 98, 422]
[-199, 98, 424]
[-199, 98, 425]
[-199, 99, 426]
[-199, 99, 427]
[-199, 99, 429]
[-199, 99, 430]
[-199, 99, 431]
[-199, 99, 432]
[-199, 99, 433]
[-199, 99, 435]
[-199, 99, 436]
[-199, 99, 437]
[-199, 100, 438]
[-199, 100, 439]
[-199, 100, 440]
[-199, 100, 442]
[-199, 100, 443]
[-199, 100, 444]
[-199, 100, 445]
[-199, 101, 446]
[-199, 101, 447]
[-199, 101, 448]
[-198, 101, 450]
[-198, 101, 451]
[-198, 101, 452]
[-198, 102, 453]
[-198, 102, 454]
[-198, 102, 455]
[-197, 102, 456]
[-197, 103, 457]
[-197, 103, 458]
[-197, 103, 459]
[-197, 103, 460]
[-196, 103, 461]
[-196, 104, 463]
[-196, 104, 464]
[-195, 104, 465]
[-195, 104, 466]
[-195, 105, 467]
[-194, 105, 468]
[-194, 105, 469]
[-194, 105, 470]
[-193, 106, 471]
[-193, 106, 472]
[-193, 106, 473]
[-192, 107, 474]
[-192, 107, 475]
[-191, 107, 476]
[-191, 107, 476]
[-191, 108, 477]
[-190, 108, 478]
[-190, 108, 479]
[-189, 109, 480]
[-189, 109, 481]
[-188, 109, 482]
[-188, 110, 483]
[-188, 110, 484]
[-187, 110, 485]
[-187, 111, 486]
[-186, 111, 486]
[-186, 111, 487]
[-185, 112, 488]
[-185, 112, 489]
[-184, 112, 490]
[-184, 113, 491]
[-184, 113, 491]
[-183, 113, 492]
[-183, 114, 493]
[-182, 114, 494]
[-182, 115, 495]
[-182, 115, 495]
[-181, 115, 496]
[-181, 116, 497]
[-181, 116, 498]
[-180, 116, 498]
[-180, 117, 499]
[-180, 117, 500]
[-179, 118, 500]
[-179, 118, 501]
[-179, 118, 502]
[-178, 119, 503]
[-178, 119, 503]
[-178, 120, 504]
[-178, 120, 504]
[-178, 121, 505]
[-178, 121, 506]
[-177, 121, 506]
[-177, 122, 507]
[-177, 122, 508]
[-177, 123, 508]
[-177, 123, 509]
[-177, 124, 509]
[-177, 124, 510]
[-177, 124, 510]
[-178, 125, 511]
[-178, 125, 511]
[-178, 126, 512]
[-178, 126, 512]
[-178, 127, 513]
[-179, 127, 513]
[-179, 128, 514]
[-179, 128, 514]
[-180, 129, 515]
[-180, 129, 515]
[-180, 130, 516]
[-181, 130, 516]
[-181, 130, 516]
[-182, 131, 517]
[-182, 131, 517]
[-183, 132, 518]
[-184, 132, 518]
[-184, 133, 518]
[-185, 133, 519]
[-186, 134, 519]
[-187, 134, 519]
[-188, 135, 520]
[-188, 135, 520]
[-189, 136, 520]
[-190, 136, 521]
[-191, 137, 521]
[-192, 137, 521]
[-193, 138, 521]
[-194, 138, 521]
[-196, 139, 522]
[-197, 139, 522]
[-198, 140, 522]
[-199, 140, 522]
[-200, 141, 522]
[-202, 141, 523]
[-203, 142, 523]
[-204, 142, 523]
[-206, 143, 523]
[-207, 143, 523]
[-209, 144, 523]
[-210, 144, 523]
[-212, 145, 523]
[-213, 145, 524]
[-215, 146, 524]
[-217, 147, 524]
[-218, 147, 524]
[-220, 148, 524]
[-222, 148, 524]
[-223, 149, 524]
[-225, 149, 524]
[-227, 150, 524]
[-229, 150, 524]
[-231, 151, 524]
[-232, 151, 524]
[-234, 152, 523]
[-236, 152, 523]
[-238, 153, 523]
[-240, 153, 523]
[-242, 154, 523]
[-244, 154, 523]
[-246, 155, 523]
[-248, 155, 523]
[-250, 156, 523]
[-252, 157, 522]
[-254, 157, 522]
[-256, 158, 522]
[-257, 158, 522]
[-259, 159, 522]
[-261, 159, 521]
[-263, 160, 521]
[-266, 160, 521]
[-268, 161, 521]
[-270, 161, 520]
[-272, 162, 520]
[-273, 162, 520]
[-275, 163, 519]
[-277, 163, 519]
[-279, 164, 519]
[-281, 165, 518]
[-283, 165, 518]
[-285, 166, 518]
[-287, 166, 517]
[-289, 167, 517]
[-291, 167, 517]
[-293, 168, 516]
[-295, 168, 516]
[-297, 169, 515]
[-298, 169, 515]
[-300, 170, 514]
[-302, 170, 514]
[-304, 171, 514]
[-306, 171, 513]
[-307, 172, 513]
[-309, 172, 512]
[-311, 173, 512]
[-312, 173, 511]
[-314, 174, 510]
[-316, 175, 510]
[-317, 175, 509]
[-319, 176, 509]
[-320, 176, 508]
[-322, 177, 508]
[-323, 177, 507]
[-325, 178, 506]
[-326, 178, 506]
[-327, 179, 505]
[-329, 179, 505]
[-330, 180, 504]
[-331, 180, 503]
[-332, 181, 503]
[-333, 181, 502]
[-335, 182, 501]
[-336, 182, 500]
[-337, 183, 500]
[-338, 183, 499]
[-339, 184, 498]
[-340, 184, 498]
[-341, 185, 497]
[-341, 185, 496]
[-342, 186, 495]
[-343, 186, 495]
[-344, 187, 494]
[-345, 187, 493]
[-345, 188, 492]
[-346, 188, 491]
[-347, 189, 491]
[-347, 189, 490]
[-348, 190, 489]
[-348, 190, 488]
[-349, 190, 487]
[-349, 191, 486]
[-349, 191, 485]
[-350, 192, 485]
[-350, 192, 484]
[-350, 193, 483]
[-351, 193, 482]
[-351, 194, 481]
[-351, 194, 480]
[-351, 195, 479]
[-351, 195, 478]
[-352, 196, 477]
[-352, 196, 476]
[-352, 196, 475]
[-352, 197, 474]
[-352, 197, 473]
[-352, 198, 472]
[-352, 198, 471]
[-352, 199, 470]
[-351, 199, 469]
[-351, 199, 468]
[-351, 200, 467]
[-351, 200, 466]
[-351, 201, 465]
[-351, 201, 464]
[-350, 202, 463]
[-350, 202, 462]
[-350, 202, 461]
[-349, 203, 460]
[-349, 203, 459]
[-349, 204, 458]
[-348, 204, 457]
[-348, 204, 455]
[-348, 205, 454]
[-347, 205, 453]
[-347, 205, 452]
[-347, 206, 451]
[-346, 206, 450]
[-346, 207, 449]
[-345, 207, 448]
[-345, 207, 446]
[-345, 208, 445]
[-344, 208, 444]
[-344, 208, 443]
[-343, 209, 442]
[-343, 209, 441]
[-342, 209, 439]
[-342, 210, 438]
[-341, 210, 437]
[-341, 210, 436]
[-341, 211, 435]
[-340, 211, 433]
[-340, 211, 432]
[-339, 212, 431]
[-339, 212, 430]
[-338, 212, 429]
[-338, 213, 427]
[-338, 213, 426]
[-337, 213, 425]
[-337, 213, 424]
[-336, 214, 422]
[-336, 214, 421]
[-336, 214, 420]
[-335, 215, 419]
[-335, 215, 417]
[-335, 215, 416]
[-334, 215, 415]
[-334, 216, 414]
[-334, 216, 412]
[-333, 216, 411]
[-333, 216, 410]
[-333, 217, 409]
[-332, 217, 407]
[-332, 217, 406]
[-332, 217, 405]
[-332, 217, 403]
[-332, 218, 402]
[-331, 218, 401]
[-331, 218, 400]
[-331, 218, 398]
[-331, 219, 397]
[-331, 219, 396]
[-331, 219, 394]
[-330, 219, 393]
[-330, 219, 392]
[-330, 219, 391]
[-330, 220, 389]
[-330, 220, 388]
[-330, 220, 387]
[-330, 220, 385]
[-330, 220, 384]
[-330, 220, 383]
[-330, 220, 382]
[-330, 221, 380]
[-330, 221, 379]
[-330, 221, 378]
[-330, 221, 376]
[-330, 221, 375]
[-330, 221, 374]
[-330, 221, 372]
[-330, 221, 371]
[-330, 221, 370]
[-330, 221, 369]
[-330, 222, 367]
[-330, 222, 366]
[-330, 222, 365]
[-330, 222, 363]
[-330, 222, 362]
[-330, 222, 361]
[-330, 222, 360]
[-330, 222, 358]
[-330, 222, 357]
[-330, 222, 356]
[-330, 222, 355]
[-330, 222, 353]
[-330, 222, 352]
