# Curve Parameters
# y_end: 232
# loops: 1
# A (south bulge): 100
# B (lateral wiggle): 20
# samples: 350
#
# Analysis Results
# max_grade: 0.970128
# length_3d: 317.86
# length_2d: 281.12
# min_horiz_step: 0.190791
# status: OK
#
# Coordinates (x, y, z)
#==================================================

[-199, 98, 410]
[-199, 98, 411]
[-199, 98, 412]
[-199, 98, 413]
[-199, 98, 414]
[-199, 98, 414]
[-199, 98, 415]
[-199, 98, 416]
[-199, 98, 417]
[-199, 98, 418]
[-199, 98, 419]
[-199, 98, 420]
[-199, 98, 421]
[-199, 99, 421]
[-200, 99, 422]
[-200, 99, 423]
[-200, 99, 424]
[-200, 99, 425]
[-200, 99, 426]
[-200, 99, 427]
[-200, 99, 427]
[-200, 99, 428]
[-200, 100, 429]
[-200, 100, 430]
[-200, 100, 431]
[-200, 100, 431]
[-201, 100, 432]
[-201, 100, 433]
[-201, 100, 434]
[-201, 101, 435]
[-201, 101, 435]
[-201, 101, 436]
[-201, 101, 437]
[-201, 101, 438]
[-201, 102, 439]
[-202, 102, 439]
[-202, 102, 440]
[-202, 102, 441]
[-202, 102, 442]
[-202, 103, 442]
[-202, 103, 443]
[-202, 103, 444]
[-202, 103, 445]
[-202, 104, 445]
[-203, 104, 446]
[-203, 104, 447]
[-203, 104, 447]
[-203, 105, 448]
[-203, 105, 449]
[-203, 105, 450]
[-203, 105, 450]
[-203, 106, 451]
[-204, 106, 452]
[-204, 106, 452]
[-204, 107, 453]
[-204, 107, 454]
[-204, 107, 454]
[-204, 108, 455]
[-204, 108, 456]
[-204, 108, 456]
[-205, 109, 457]
[-205, 109, 457]
[-205, 109, 458]
[-205, 110, 459]
[-205, 110, 459]
[-205, 110, 460]
[-205, 111, 461]
[-206, 111, 461]
[-206, 111, 462]
[-206, 112, 462]
[-206, 112, 463]
[-206, 112, 463]
[-206, 113, 464]
[-207, 113, 465]
[-207, 114, 465]
[-207, 114, 466]
[-207, 114, 466]
[-207, 115, 467]
[-207, 115, 467]
[-208, 115, 468]
[-208, 116, 468]
[-208, 116, 469]
[-208, 117, 469]
[-208, 117, 470]
[-209, 118, 470]
[-209, 118, 471]
[-209, 118, 471]
[-209, 119, 472]
[-210, 119, 472]
[-210, 120, 472]
[-210, 120, 473]
[-210, 121, 473]
[-211, 121, 474]
[-211, 121, 474]
[-211, 122, 475]
[-212, 122, 475]
[-212, 123, 475]
[-212, 123, 476]
[-212, 124, 476]
[-213, 124, 476]
[-213, 125, 477]
[-213, 125, 477]
[-214, 126, 477]
[-214, 126, 478]
[-215, 127, 478]
[-215, 127, 478]
[-215, 128, 479]
[-216, 128, 479]
[-216, 129, 479]
[-217, 129, 480]
[-217, 130, 480]
[-217, 130, 480]
[-218, 131, 481]
[-218, 131, 481]
[-219, 132, 481]
[-219, 132, 481]
[-220, 133, 481]
[-220, 133, 482]
[-221, 134, 482]
[-221, 134, 482]
[-222, 135, 482]
[-222, 135, 483]
[-223, 136, 483]
[-224, 136, 483]
[-224, 137, 483]
[-225, 137, 483]
[-225, 138, 483]
[-226, 138, 484]
[-227, 139, 484]
[-227, 139, 484]
[-228, 140, 484]
[-228, 140, 484]
[-229, 141, 484]
[-230, 142, 484]
[-230, 142, 484]
[-231, 143, 484]
[-232, 143, 484]
[-233, 144, 485]
[-233, 144, 485]
[-234, 145, 485]
[-235, 145, 485]
[-236, 146, 485]
[-236, 146, 485]
[-237, 147, 485]
[-238, 148, 485]
[-239, 148, 485]
[-239, 149, 485]
[-240, 149, 485]
[-241, 150, 485]
[-242, 150, 485]
[-243, 151, 485]
[-243, 152, 485]
[-244, 152, 485]
[-245, 153, 484]
[-246, 153, 484]
[-247, 154, 484]
[-248, 154, 484]
[-249, 155, 484]
[-250, 156, 484]
[-250, 156, 484]
[-251, 157, 484]
[-252, 157, 484]
[-253, 158, 483]
[-254, 158, 483]
[-255, 159, 483]
[-256, 160, 483]
[-257, 160, 483]
[-258, 161, 483]
[-259, 161, 482]
[-259, 162, 482]
[-260, 162, 482]
[-261, 163, 482]
[-262, 164, 482]
[-263, 164, 481]
[-264, 165, 481]
[-265, 165, 481]
[-266, 166, 481]
[-267, 166, 480]
[-268, 167, 480]
[-269, 168, 480]
[-270, 168, 480]
[-270, 169, 479]
[-271, 169, 479]
[-272, 170, 479]
[-273, 170, 478]
[-274, 171, 478]
[-275, 172, 478]
[-276, 172, 477]
[-277, 173, 477]
[-278, 173, 477]
[-279, 174, 476]
[-279, 174, 476]
[-280, 175, 475]
[-281, 176, 475]
[-282, 176, 475]
[-283, 177, 474]
[-284, 177, 474]
[-285, 178, 473]
[-286, 178, 473]
[-286, 179, 473]
[-287, 180, 472]
[-288, 180, 472]
[-289, 181, 471]
[-290, 181, 471]
[-290, 182, 470]
[-291, 182, 470]
[-292, 183, 469]
[-293, 184, 469]
[-293, 184, 468]
[-294, 185, 468]
[-295, 185, 467]
[-296, 186, 467]
[-296, 186, 466]
[-297, 187, 466]
[-298, 187, 465]
[-299, 188, 465]
[-299, 188, 464]
[-300, 189, 463]
[-301, 190, 463]
[-301, 190, 462]
[-302, 191, 462]
[-302, 191, 461]
[-303, 192, 460]
[-304, 192, 460]
[-304, 193, 459]
[-305, 193, 459]
[-305, 194, 458]
[-306, 194, 457]
[-307, 195, 457]
[-307, 195, 456]
[-308, 196, 455]
[-308, 196, 455]
[-309, 197, 454]
[-309, 197, 453]
[-310, 198, 453]
[-310, 198, 452]
[-311, 199, 451]
[-311, 199, 451]
[-312, 200, 450]
[-312, 200, 449]
[-312, 201, 449]
[-313, 201, 448]
[-313, 202, 447]
[-314, 202, 446]
[-314, 203, 446]
[-314, 203, 445]
[-315, 204, 444]
[-315, 204, 443]
[-316, 205, 443]
[-316, 205, 442]
[-316, 206, 441]
[-317, 206, 440]
[-317, 207, 440]
[-317, 207, 439]
[-317, 208, 438]
[-318, 208, 437]
[-318, 209, 436]
[-318, 209, 436]
[-319, 209, 435]
[-319, 210, 434]
[-319, 210, 433]
[-319, 211, 432]
[-320, 211, 432]
[-320, 212, 431]
[-320, 212, 430]
[-320, 212, 429]
[-321, 213, 428]
[-321, 213, 427]
[-321, 214, 427]
[-321, 214, 426]
[-321, 215, 425]
[-322, 215, 424]
[-322, 215, 423]
[-322, 216, 422]
[-322, 216, 421]
[-322, 216, 421]
[-322, 217, 420]
[-323, 217, 419]
[-323, 218, 418]
[-323, 218, 417]
[-323, 218, 416]
[-323, 219, 415]
[-323, 219, 414]
[-324, 219, 413]
[-324, 220, 413]
[-324, 220, 412]
[-324, 220, 411]
[-324, 221, 410]
[-324, 221, 409]
[-324, 221, 408]
[-325, 222, 407]
[-325, 222, 406]
[-325, 222, 405]
[-325, 223, 404]
[-325, 223, 403]
[-325, 223, 402]
[-325, 224, 402]
[-325, 224, 401]
[-326, 224, 400]
[-326, 225, 399]
[-326, 225, 398]
[-326, 225, 397]
[-326, 225, 396]
[-326, 226, 395]
[-326, 226, 394]
[-326, 226, 393]
[-327, 226, 392]
[-327, 227, 391]
[-327, 227, 390]
[-327, 227, 389]
[-327, 227, 388]
[-327, 228, 387]
[-327, 228, 387]
[-327, 228, 386]
[-327, 228, 385]
[-328, 228, 384]
[-328, 229, 383]
[-328, 229, 382]
[-328, 229, 381]
[-328, 229, 380]
[-328, 229, 379]
[-328, 230, 378]
[-328, 230, 377]
[-328, 230, 376]
[-329, 230, 375]
[-329, 230, 374]
[-329, 230, 373]
[-329, 230, 372]
[-329, 231, 371]
[-329, 231, 370]
[-329, 231, 370]
[-329, 231, 369]
[-329, 231, 368]
[-329, 231, 367]
[-329, 231, 366]
[-329, 231, 365]
[-330, 231, 364]
[-330, 232, 363]
[-330, 232, 362]
[-330, 232, 361]
[-330, 232, 360]
[-330, 232, 359]
[-330, 232, 358]
[-330, 232, 357]
[-330, 232, 357]
[-330, 232, 356]
[-330, 232, 355]
[-330, 232, 354]
[-330, 232, 353]
[-330, 232, 352]
