# Curve Parameters
# y_end: 242
# loops: 1
# A (south bulge): 140
# B (lateral wiggle): 40
# samples: 350
#
# Analysis Results
# max_grade: 0.873990
# length_3d: 407.08
# length_2d: 373.34
# min_horiz_step: 0.235202
# status: OK
#
# Coordinates (x, y, z)
#==================================================

[-199, 98, 410]
[-199, 98, 411]
[-199, 98, 413]
[-199, 98, 414]
[-199, 98, 415]
[-199, 98, 416]
[-199, 98, 418]
[-199, 98, 419]
[-199, 98, 420]
[-199, 98, 421]
[-199, 98, 422]
[-199, 98, 424]
[-199, 98, 425]
[-199, 99, 426]
[-199, 99, 427]
[-200, 99, 429]
[-200, 99, 430]
[-200, 99, 431]
[-200, 99, 432]
[-200, 99, 433]
[-200, 99, 435]
[-200, 100, 436]
[-200, 100, 437]
[-200, 100, 438]
[-200, 100, 439]
[-200, 100, 440]
[-200, 100, 442]
[-200, 100, 443]
[-200, 101, 444]
[-200, 101, 445]
[-200, 101, 446]
[-200, 101, 447]
[-200, 101, 448]
[-200, 102, 450]
[-200, 102, 451]
[-200, 102, 452]
[-200, 102, 453]
[-200, 103, 454]
[-200, 103, 455]
[-200, 103, 456]
[-200, 103, 457]
[-200, 103, 458]
[-200, 104, 459]
[-200, 104, 460]
[-200, 104, 461]
[-200, 105, 463]
[-200, 105, 464]
[-200, 105, 465]
[-200, 105, 466]
[-200, 106, 467]
[-200, 106, 468]
[-200, 106, 469]
[-200, 107, 470]
[-200, 107, 471]
[-200, 107, 472]
[-200, 108, 473]
[-200, 108, 474]
[-200, 108, 475]
[-200, 109, 476]
[-200, 109, 476]
[-200, 109, 477]
[-200, 110, 478]
[-200, 110, 479]
[-200, 110, 480]
[-200, 111, 481]
[-200, 111, 482]
[-200, 112, 483]
[-200, 112, 484]
[-200, 112, 485]
[-200, 113, 486]
[-199, 113, 486]
[-199, 113, 487]
[-199, 114, 488]
[-199, 114, 489]
[-199, 115, 490]
[-199, 115, 491]
[-199, 116, 491]
[-199, 116, 492]
[-199, 116, 493]
[-199, 117, 494]
[-199, 117, 495]
[-199, 118, 495]
[-199, 118, 496]
[-199, 119, 497]
[-199, 119, 498]
[-199, 119, 498]
[-199, 120, 499]
[-199, 120, 500]
[-200, 121, 500]
[-200, 121, 501]
[-200, 122, 502]
[-200, 122, 503]
[-200, 123, 503]
[-200, 123, 504]
[-200, 124, 504]
[-200, 124, 505]
[-200, 125, 506]
[-201, 125, 506]
[-201, 126, 507]
[-201, 126, 508]
[-201, 127, 508]
[-201, 127, 509]
[-202, 128, 509]
[-202, 128, 510]
[-202, 129, 510]
[-202, 129, 511]
[-203, 130, 511]
[-203, 130, 512]
[-203, 131, 512]
[-204, 131, 513]
[-204, 132, 513]
[-205, 132, 514]
[-205, 133, 514]
[-205, 134, 515]
[-206, 134, 515]
[-206, 135, 516]
[-207, 135, 516]
[-207, 136, 516]
[-208, 136, 517]
[-208, 137, 517]
[-209, 137, 518]
[-210, 138, 518]
[-210, 138, 518]
[-211, 139, 519]
[-211, 140, 519]
[-212, 140, 519]
[-213, 141, 520]
[-213, 141, 520]
[-214, 142, 520]
[-215, 142, 521]
[-216, 143, 521]
[-216, 144, 521]
[-217, 144, 521]
[-218, 145, 521]
[-219, 145, 522]
[-220, 146, 522]
[-221, 147, 522]
[-221, 147, 522]
[-222, 148, 522]
[-223, 148, 523]
[-224, 149, 523]
[-225, 150, 523]
[-226, 150, 523]
[-227, 151, 523]
[-228, 151, 523]
[-229, 152, 523]
[-230, 153, 523]
[-231, 153, 524]
[-232, 154, 524]
[-233, 154, 524]
[-235, 155, 524]
[-236, 156, 524]
[-237, 156, 524]
[-238, 157, 524]
[-239, 157, 524]
[-240, 158, 524]
[-241, 159, 524]
[-243, 159, 524]
[-244, 160, 524]
[-245, 160, 523]
[-246, 161, 523]
[-247, 162, 523]
[-249, 162, 523]
[-250, 163, 523]
[-251, 164, 523]
[-252, 164, 523]
[-254, 165, 523]
[-255, 165, 523]
[-256, 166, 522]
[-257, 167, 522]
[-259, 167, 522]
[-260, 168, 522]
[-261, 168, 522]
[-263, 169, 521]
[-264, 170, 521]
[-265, 170, 521]
[-266, 171, 521]
[-268, 172, 520]
[-269, 172, 520]
[-270, 173, 520]
[-272, 173, 519]
[-273, 174, 519]
[-274, 175, 519]
[-275, 175, 518]
[-277, 176, 518]
[-278, 176, 518]
[-279, 177, 517]
[-280, 178, 517]
[-282, 178, 517]
[-283, 179, 516]
[-284, 180, 516]
[-285, 180, 515]
[-286, 181, 515]
[-288, 181, 514]
[-289, 182, 514]
[-290, 183, 514]
[-291, 183, 513]
[-292, 184, 513]
[-293, 184, 512]
[-294, 185, 512]
[-296, 186, 511]
[-297, 186, 510]
[-298, 187, 510]
[-299, 187, 509]
[-300, 188, 509]
[-301, 189, 508]
[-302, 189, 508]
[-303, 190, 507]
[-304, 190, 506]
[-305, 191, 506]
[-306, 192, 505]
[-307, 192, 505]
[-308, 193, 504]
[-308, 193, 503]
[-309, 194, 503]
[-310, 195, 502]
[-311, 195, 501]
[-312, 196, 500]
[-313, 196, 500]
[-313, 197, 499]
[-314, 198, 498]
[-315, 198, 498]
[-316, 199, 497]
[-316, 199, 496]
[-317, 200, 495]
[-318, 200, 495]
[-318, 201, 494]
[-319, 202, 493]
[-319, 202, 492]
[-320, 203, 491]
[-321, 203, 491]
[-321, 204, 490]
[-322, 204, 489]
[-322, 205, 488]
[-323, 205, 487]
[-323, 206, 486]
[-324, 206, 485]
[-324, 207, 485]
[-324, 208, 484]
[-325, 208, 483]
[-325, 209, 482]
[-326, 209, 481]
[-326, 210, 480]
[-326, 210, 479]
[-327, 211, 478]
[-327, 211, 477]
[-327, 212, 476]
[-327, 212, 475]
[-328, 213, 474]
[-328, 213, 473]
[-328, 214, 472]
[-328, 214, 471]
[-328, 215, 470]
[-329, 215, 469]
[-329, 216, 468]
[-329, 216, 467]
[-329, 217, 466]
[-329, 217, 465]
[-329, 218, 464]
[-329, 218, 463]
[-329, 219, 462]
[-329, 219, 461]
[-330, 220, 460]
[-330, 220, 459]
[-330, 221, 458]
[-330, 221, 457]
[-330, 221, 455]
[-330, 222, 454]
[-330, 222, 453]
[-330, 223, 452]
[-330, 223, 451]
[-330, 224, 450]
[-330, 224, 449]
[-330, 224, 448]
[-330, 225, 446]
[-330, 225, 445]
[-330, 226, 444]
[-330, 226, 443]
[-330, 227, 442]
[-330, 227, 441]
[-329, 227, 439]
[-329, 228, 438]
[-329, 228, 437]
[-329, 228, 436]
[-329, 229, 435]
[-329, 229, 433]
[-329, 230, 432]
[-329, 230, 431]
[-329, 230, 430]
[-329, 231, 429]
[-329, 231, 427]
[-329, 231, 426]
[-329, 232, 425]
[-329, 232, 424]
[-329, 232, 422]
[-329, 233, 421]
[-329, 233, 420]
[-329, 233, 419]
[-329, 234, 417]
[-329, 234, 416]
[-329, 234, 415]
[-329, 235, 414]
[-329, 235, 412]
[-329, 235, 411]
[-329, 235, 410]
[-329, 236, 409]
[-329, 236, 407]
[-329, 236, 406]
[-329, 237, 405]
[-329, 237, 403]
[-329, 237, 402]
[-329, 237, 401]
[-329, 237, 400]
[-329, 238, 398]
[-329, 238, 397]
[-329, 238, 396]
[-329, 238, 394]
[-329, 239, 393]
[-329, 239, 392]
[-329, 239, 391]
[-329, 239, 389]
[-329, 239, 388]
[-329, 240, 387]
[-329, 240, 385]
[-329, 240, 384]
[-329, 240, 383]
[-329, 240, 382]
[-329, 240, 380]
[-329, 240, 379]
[-329, 241, 378]
[-329, 241, 376]
[-329, 241, 375]
[-329, 241, 374]
[-329, 241, 372]
[-329, 241, 371]
[-330, 241, 370]
[-330, 241, 369]
[-330, 242, 367]
[-330, 242, 366]
[-330, 242, 365]
[-330, 242, 363]
[-330, 242, 362]
[-330, 242, 361]
[-330, 242, 360]
[-330, 242, 358]
[-330, 242, 357]
[-330, 242, 356]
[-330, 242, 355]
[-330, 242, 353]
[-330, 242, 352]
