# Curve Parameters
# y_end: 254
# loops: 1
# A (south bulge): 140
# B (lateral wiggle): 10
# samples: 350
#
# Analysis Results
# max_grade: 0.981665
# length_3d: 388.43
# length_2d: 343.72
# min_horiz_step: 0.247671
# status: OK
#
# Coordinates (x, y, z)
#==================================================

[-199, 98, 410]
[-199, 98, 411]
[-199, 98, 413]
[-199, 98, 414]
[-199, 98, 415]
[-199, 98, 416]
[-199, 98, 418]
[-199, 98, 419]
[-199, 98, 420]
[-199, 98, 421]
[-199, 98, 422]
[-199, 98, 424]
[-199, 99, 425]
[-200, 99, 426]
[-200, 99, 427]
[-200, 99, 429]
[-200, 99, 430]
[-200, 99, 431]
[-200, 99, 432]
[-200, 99, 433]
[-200, 99, 435]
[-200, 100, 436]
[-200, 100, 437]
[-200, 100, 438]
[-201, 100, 439]
[-201, 100, 440]
[-201, 100, 442]
[-201, 101, 443]
[-201, 101, 444]
[-201, 101, 445]
[-201, 101, 446]
[-202, 101, 447]
[-202, 102, 448]
[-202, 102, 450]
[-202, 102, 451]
[-202, 102, 452]
[-202, 103, 453]
[-202, 103, 454]
[-203, 103, 455]
[-203, 103, 456]
[-203, 104, 457]
[-203, 104, 458]
[-203, 104, 459]
[-203, 105, 460]
[-204, 105, 461]
[-204, 105, 463]
[-204, 105, 464]
[-204, 106, 465]
[-204, 106, 466]
[-205, 106, 467]
[-205, 107, 468]
[-205, 107, 469]
[-205, 107, 470]
[-205, 108, 471]
[-206, 108, 472]
[-206, 108, 473]
[-206, 109, 474]
[-206, 109, 475]
[-207, 109, 476]
[-207, 110, 476]
[-207, 110, 477]
[-207, 111, 478]
[-207, 111, 479]
[-208, 111, 480]
[-208, 112, 481]
[-208, 112, 482]
[-208, 113, 483]
[-209, 113, 484]
[-209, 113, 485]
[-209, 114, 486]
[-209, 114, 486]
[-210, 115, 487]
[-210, 115, 488]
[-210, 116, 489]
[-210, 116, 490]
[-211, 117, 491]
[-211, 117, 491]
[-211, 117, 492]
[-212, 118, 493]
[-212, 118, 494]
[-212, 119, 495]
[-212, 119, 495]
[-213, 120, 496]
[-213, 120, 497]
[-213, 121, 498]
[-214, 121, 498]
[-214, 122, 499]
[-214, 122, 500]
[-215, 123, 500]
[-215, 123, 501]
[-215, 124, 502]
[-216, 124, 503]
[-216, 125, 503]
[-216, 125, 504]
[-217, 126, 504]
[-217, 126, 505]
[-218, 127, 506]
[-218, 127, 506]
[-218, 128, 507]
[-219, 129, 508]
[-219, 129, 508]
[-220, 130, 509]
[-220, 130, 509]
[-220, 131, 510]
[-221, 131, 510]
[-221, 132, 511]
[-222, 132, 511]
[-222, 133, 512]
[-223, 134, 512]
[-223, 134, 513]
[-223, 135, 513]
[-224, 135, 514]
[-224, 136, 514]
[-225, 136, 515]
[-225, 137, 515]
[-226, 138, 516]
[-226, 138, 516]
[-227, 139, 516]
[-227, 139, 517]
[-228, 140, 517]
[-228, 141, 518]
[-229, 141, 518]
[-229, 142, 518]
[-230, 142, 519]
[-230, 143, 519]
[-231, 144, 519]
[-232, 144, 520]
[-232, 145, 520]
[-233, 146, 520]
[-233, 146, 521]
[-234, 147, 521]
[-234, 147, 521]
[-235, 148, 521]
[-236, 149, 521]
[-236, 149, 522]
[-237, 150, 522]
[-238, 151, 522]
[-238, 151, 522]
[-239, 152, 522]
[-239, 153, 523]
[-240, 153, 523]
[-241, 154, 523]
[-241, 154, 523]
[-242, 155, 523]
[-243, 156, 523]
[-243, 156, 523]
[-244, 157, 523]
[-245, 158, 524]
[-245, 158, 524]
[-246, 159, 524]
[-247, 160, 524]
[-247, 160, 524]
[-248, 161, 524]
[-249, 162, 524]
[-250, 162, 524]
[-250, 163, 524]
[-251, 164, 524]
[-252, 164, 524]
[-252, 165, 524]
[-253, 166, 523]
[-254, 166, 523]
[-255, 167, 523]
[-255, 168, 523]
[-256, 168, 523]
[-257, 169, 523]
[-257, 170, 523]
[-258, 170, 523]
[-259, 171, 523]
[-260, 172, 522]
[-260, 172, 522]
[-261, 173, 522]
[-262, 174, 522]
[-263, 174, 522]
[-263, 175, 521]
[-264, 176, 521]
[-265, 176, 521]
[-266, 177, 521]
[-266, 178, 520]
[-267, 178, 520]
[-268, 179, 520]
[-269, 180, 519]
[-269, 180, 519]
[-270, 181, 519]
[-271, 182, 518]
[-272, 182, 518]
[-272, 183, 518]
[-273, 184, 517]
[-274, 184, 517]
[-274, 185, 517]
[-275, 186, 516]
[-276, 186, 516]
[-277, 187, 515]
[-277, 188, 515]
[-278, 188, 514]
[-279, 189, 514]
[-279, 190, 514]
[-280, 190, 513]
[-281, 191, 513]
[-282, 192, 512]
[-282, 192, 512]
[-283, 193, 511]
[-284, 194, 510]
[-284, 194, 510]
[-285, 195, 509]
[-286, 196, 509]
[-286, 196, 508]
[-287, 197, 508]
[-288, 198, 507]
[-288, 198, 506]
[-289, 199, 506]
[-290, 199, 505]
[-290, 200, 505]
[-291, 201, 504]
[-291, 201, 503]
[-292, 202, 503]
[-293, 203, 502]
[-293, 203, 501]
[-294, 204, 500]
[-295, 205, 500]
[-295, 205, 499]
[-296, 206, 498]
[-296, 206, 498]
[-297, 207, 497]
[-297, 208, 496]
[-298, 208, 495]
[-299, 209, 495]
[-299, 210, 494]
[-300, 210, 493]
[-300, 211, 492]
[-301, 211, 491]
[-301, 212, 491]
[-302, 213, 490]
[-302, 213, 489]
[-303, 214, 488]
[-303, 214, 487]
[-304, 215, 486]
[-304, 216, 485]
[-305, 216, 485]
[-305, 217, 484]
[-306, 217, 483]
[-306, 218, 482]
[-306, 218, 481]
[-307, 219, 480]
[-307, 220, 479]
[-308, 220, 478]
[-308, 221, 477]
[-309, 221, 476]
[-309, 222, 475]
[-309, 222, 474]
[-310, 223, 473]
[-310, 223, 472]
[-311, 224, 471]
[-311, 225, 470]
[-311, 225, 469]
[-312, 226, 468]
[-312, 226, 467]
[-313, 227, 466]
[-313, 227, 465]
[-313, 228, 464]
[-314, 228, 463]
[-314, 229, 462]
[-314, 229, 461]
[-315, 230, 460]
[-315, 230, 459]
[-315, 231, 458]
[-316, 231, 457]
[-316, 232, 455]
[-316, 232, 454]
[-317, 233, 453]
[-317, 233, 452]
[-317, 234, 451]
[-317, 234, 450]
[-318, 235, 449]
[-318, 235, 448]
[-318, 235, 446]
[-319, 236, 445]
[-319, 236, 444]
[-319, 237, 443]
[-319, 237, 442]
[-320, 238, 441]
[-320, 238, 439]
[-320, 239, 438]
[-320, 239, 437]
[-321, 239, 436]
[-321, 240, 435]
[-321, 240, 433]
[-321, 241, 432]
[-322, 241, 431]
[-322, 241, 430]
[-322, 242, 429]
[-322, 242, 427]
[-322, 243, 426]
[-323, 243, 425]
[-323, 243, 424]
[-323, 244, 422]
[-323, 244, 421]
[-324, 244, 420]
[-324, 245, 419]
[-324, 245, 417]
[-324, 245, 416]
[-324, 246, 415]
[-325, 246, 414]
[-325, 246, 412]
[-325, 247, 411]
[-325, 247, 410]
[-325, 247, 409]
[-326, 247, 407]
[-326, 248, 406]
[-326, 248, 405]
[-326, 248, 403]
[-326, 249, 402]
[-326, 249, 401]
[-327, 249, 400]
[-327, 249, 398]
[-327, 250, 397]
[-327, 250, 396]
[-327, 250, 394]
[-327, 250, 393]
[-327, 251, 392]
[-328, 251, 391]
[-328, 251, 389]
[-328, 251, 388]
[-328, 251, 387]
[-328, 252, 385]
[-328, 252, 384]
[-328, 252, 383]
[-329, 252, 382]
[-329, 252, 380]
[-329, 252, 379]
[-329, 253, 378]
[-329, 253, 376]
[-329, 253, 375]
[-329, 253, 374]
[-329, 253, 372]
[-329, 253, 371]
[-329, 253, 370]
[-329, 253, 369]
[-330, 253, 367]
[-330, 254, 366]
[-330, 254, 365]
[-330, 254, 363]
[-330, 254, 362]
[-330, 254, 361]
[-330, 254, 360]
[-330, 254, 358]
[-330, 254, 357]
[-330, 254, 356]
[-330, 254, 355]
[-330, 254, 353]
[-330, 254, 352]
