# Curve Parameters
# y_end: 226
# loops: 7
# A (south bulge): 40
# B (lateral wiggle): 0
# samples: 350
#
# Analysis Results
# max_grade: 0.977099
# length_3d: 220.72
# length_2d: 176.04
# min_horiz_step: 0.124768
# status: OK
#
# Coordinates (x, y, z)
#==================================================

[-199, 98, 410]
[-199, 98, 410]
[-199, 98, 411]
[-199, 98, 411]
[-199, 98, 411]
[-199, 98, 412]
[-199, 98, 412]
[-199, 98, 412]
[-199, 98, 413]
[-199, 98, 413]
[-199, 98, 413]
[-199, 98, 414]
[-199, 98, 414]
[-200, 99, 414]
[-200, 99, 415]
[-200, 99, 415]
[-200, 99, 415]
[-200, 99, 416]
[-200, 99, 416]
[-200, 99, 416]
[-200, 99, 417]
[-200, 99, 417]
[-200, 99, 417]
[-201, 100, 418]
[-201, 100, 418]
[-201, 100, 418]
[-201, 100, 418]
[-201, 100, 419]
[-201, 100, 419]
[-202, 101, 419]
[-202, 101, 419]
[-202, 101, 420]
[-202, 101, 420]
[-202, 101, 420]
[-202, 101, 421]
[-203, 102, 421]
[-203, 102, 421]
[-203, 102, 421]
[-203, 102, 422]
[-204, 102, 422]
[-204, 103, 422]
[-204, 103, 422]
[-204, 103, 422]
[-204, 103, 423]
[-205, 104, 423]
[-205, 104, 423]
[-205, 104, 423]
[-205, 104, 424]
[-206, 105, 424]
[-206, 105, 424]
[-206, 105, 424]
[-207, 105, 424]
[-207, 106, 425]
[-207, 106, 425]
[-207, 106, 425]
[-208, 107, 425]
[-208, 107, 425]
[-208, 107, 425]
[-209, 107, 426]
[-209, 108, 426]
[-209, 108, 426]
[-210, 108, 426]
[-210, 109, 426]
[-210, 109, 427]
[-211, 109, 427]
[-211, 110, 427]
[-211, 110, 427]
[-212, 110, 427]
[-212, 111, 427]
[-212, 111, 427]
[-213, 111, 428]
[-213, 112, 428]
[-213, 112, 428]
[-214, 112, 428]
[-214, 113, 428]
[-215, 113, 428]
[-215, 114, 428]
[-215, 114, 428]
[-216, 114, 428]
[-216, 115, 429]
[-216, 115, 429]
[-217, 115, 429]
[-217, 116, 429]
[-218, 116, 429]
[-218, 117, 429]
[-219, 117, 429]
[-219, 117, 429]
[-219, 118, 429]
[-220, 118, 429]
[-220, 119, 429]
[-221, 119, 429]
[-221, 120, 429]
[-222, 120, 430]
[-222, 120, 430]
[-222, 121, 430]
[-223, 121, 430]
[-223, 122, 430]
[-224, 122, 430]
[-224, 123, 430]
[-225, 123, 430]
[-225, 124, 430]
[-226, 124, 430]
[-226, 124, 430]
[-226, 125, 430]
[-227, 125, 430]
[-227, 126, 430]
[-228, 126, 430]
[-228, 127, 430]
[-229, 127, 430]
[-229, 128, 430]
[-230, 128, 430]
[-230, 129, 430]
[-231, 129, 430]
[-231, 130, 430]
[-232, 130, 430]
[-232, 131, 430]
[-233, 131, 430]
[-233, 132, 430]
[-234, 132, 430]
[-234, 132, 429]
[-235, 133, 429]
[-235, 133, 429]
[-236, 134, 429]
[-236, 134, 429]
[-237, 135, 429]
[-237, 135, 429]
[-238, 136, 429]
[-238, 137, 429]
[-239, 137, 429]
[-239, 138, 429]
[-240, 138, 429]
[-241, 139, 429]
[-241, 139, 428]
[-242, 140, 428]
[-242, 140, 428]
[-243, 141, 428]
[-243, 141, 428]
[-244, 142, 428]
[-244, 142, 428]
[-245, 143, 428]
[-245, 143, 428]
[-246, 144, 427]
[-246, 144, 427]
[-247, 145, 427]
[-248, 145, 427]
[-248, 146, 427]
[-249, 146, 427]
[-249, 147, 427]
[-250, 148, 426]
[-250, 148, 426]
[-251, 149, 426]
[-251, 149, 426]
[-252, 150, 426]
[-252, 150, 426]
[-253, 151, 425]
[-254, 151, 425]
[-254, 152, 425]
[-255, 152, 425]
[-255, 153, 425]
[-256, 153, 424]
[-256, 154, 424]
[-257, 155, 424]
[-257, 155, 424]
[-258, 156, 424]
[-259, 156, 423]
[-259, 157, 423]
[-260, 157, 423]
[-260, 158, 423]
[-261, 158, 423]
[-261, 159, 422]
[-262, 160, 422]
[-263, 160, 422]
[-263, 161, 422]
[-264, 161, 421]
[-264, 162, 421]
[-265, 162, 421]
[-265, 163, 421]
[-266, 163, 420]
[-266, 164, 420]
[-267, 164, 420]
[-268, 165, 420]
[-268, 166, 419]
[-269, 166, 419]
[-269, 167, 419]
[-270, 167, 418]
[-270, 168, 418]
[-271, 168, 418]
[-272, 169, 418]
[-272, 169, 417]
[-273, 170, 417]
[-273, 171, 417]
[-274, 171, 416]
[-274, 172, 416]
[-275, 172, 416]
[-275, 173, 416]
[-276, 173, 415]
[-277, 174, 415]
[-277, 174, 415]
[-278, 175, 414]
[-278, 175, 414]
[-279, 176, 414]
[-279, 176, 413]
[-280, 177, 413]
[-280, 178, 413]
[-281, 178, 412]
[-281, 179, 412]
[-282, 179, 412]
[-283, 180, 411]
[-283, 180, 411]
[-284, 181, 411]
[-284, 181, 410]
[-285, 182, 410]
[-285, 182, 410]
[-286, 183, 409]
[-286, 183, 409]
[-287, 184, 408]
[-287, 184, 408]
[-288, 185, 408]
[-288, 185, 407]
[-289, 186, 407]
[-290, 186, 407]
[-290, 187, 406]
[-291, 187, 406]
[-291, 188, 405]
[-292, 189, 405]
[-292, 189, 405]
[-293, 190, 404]
[-293, 190, 404]
[-294, 191, 404]
[-294, 191, 403]
[-295, 192, 403]
[-295, 192, 402]
[-296, 192, 402]
[-296, 193, 402]
[-297, 193, 401]
[-297, 194, 401]
[-298, 194, 400]
[-298, 195, 400]
[-299, 195, 400]
[-299, 196, 399]
[-300, 196, 399]
[-300, 197, 398]
[-301, 197, 398]
[-301, 198, 397]
[-302, 198, 397]
[-302, 199, 397]
[-303, 199, 396]
[-303, 200, 396]
[-303, 200, 395]
[-304, 200, 395]
[-304, 201, 394]
[-305, 201, 394]
[-305, 202, 394]
[-306, 202, 393]
[-306, 203, 393]
[-307, 203, 392]
[-307, 204, 392]
[-307, 204, 391]
[-308, 204, 391]
[-308, 205, 391]
[-309, 205, 390]
[-309, 206, 390]
[-310, 206, 389]
[-310, 207, 389]
[-310, 207, 388]
[-311, 207, 388]
[-311, 208, 387]
[-312, 208, 387]
[-312, 209, 387]
[-313, 209, 386]
[-313, 209, 386]
[-313, 210, 385]
[-314, 210, 385]
[-314, 210, 384]
[-314, 211, 384]
[-315, 211, 383]
[-315, 212, 383]
[-316, 212, 383]
[-316, 212, 382]
[-316, 213, 382]
[-317, 213, 381]
[-317, 213, 381]
[-317, 214, 380]
[-318, 214, 380]
[-318, 214, 379]
[-318, 215, 379]
[-319, 215, 378]
[-319, 215, 378]
[-319, 216, 378]
[-320, 216, 377]
[-320, 216, 377]
[-320, 217, 376]
[-321, 217, 376]
[-321, 217, 375]
[-321, 217, 375]
[-322, 218, 374]
[-322, 218, 374]
[-322, 218, 374]
[-322, 219, 373]
[-323, 219, 373]
[-323, 219, 372]
[-323, 219, 372]
[-324, 220, 371]
[-324, 220, 371]
[-324, 220, 370]
[-324, 220, 370]
[-325, 221, 370]
[-325, 221, 369]
[-325, 221, 369]
[-325, 221, 368]
[-325, 222, 368]
[-326, 222, 367]
[-326, 222, 367]
[-326, 222, 366]
[-326, 222, 366]
[-327, 223, 366]
[-327, 223, 365]
[-327, 223, 365]
[-327, 223, 364]
[-327, 223, 364]
[-327, 223, 363]
[-328, 224, 363]
[-328, 224, 363]
[-328, 224, 362]
[-328, 224, 362]
[-328, 224, 361]
[-328, 224, 361]
[-329, 225, 361]
[-329, 225, 360]
[-329, 225, 360]
[-329, 225, 359]
[-329, 225, 359]
[-329, 225, 358]
[-329, 225, 358]
[-329, 225, 358]
[-329, 225, 357]
[-329, 225, 357]
[-330, 226, 357]
[-330, 226, 356]
[-330, 226, 356]
[-330, 226, 355]
[-330, 226, 355]
[-330, 226, 355]
[-330, 226, 354]
[-330, 226, 354]
[-330, 226, 353]
[-330, 226, 353]
[-330, 226, 353]
[-330, 226, 352]
[-330, 226, 352]
