# Curve Parameters
# y_end: 232
# loops: 1
# A (south bulge): 140
# B (lateral wiggle): 20
# samples: 350
#
# Analysis Results
# max_grade: 0.795331
# length_3d: 384.53
# length_2d: 352.40
# min_horiz_step: 0.249812
# status: OK
#
# Coordinates (x, y, z)
#==================================================

[-199, 98, 410]
[-199, 98, 411]
[-199, 98, 413]
[-199, 98, 414]
[-199, 98, 415]
[-199, 98, 416]
[-199, 98, 418]
[-199, 98, 419]
[-199, 98, 420]
[-199, 98, 421]
[-199, 98, 422]
[-199, 98, 424]
[-199, 98, 425]
[-199, 99, 426]
[-200, 99, 427]
[-200, 99, 429]
[-200, 99, 430]
[-200, 99, 431]
[-200, 99, 432]
[-200, 99, 433]
[-200, 99, 435]
[-200, 99, 436]
[-200, 100, 437]
[-200, 100, 438]
[-200, 100, 439]
[-200, 100, 440]
[-201, 100, 442]
[-201, 100, 443]
[-201, 100, 444]
[-201, 101, 445]
[-201, 101, 446]
[-201, 101, 447]
[-201, 101, 448]
[-201, 101, 450]
[-201, 102, 451]
[-202, 102, 452]
[-202, 102, 453]
[-202, 102, 454]
[-202, 102, 455]
[-202, 103, 456]
[-202, 103, 457]
[-202, 103, 458]
[-202, 103, 459]
[-202, 104, 460]
[-203, 104, 461]
[-203, 104, 463]
[-203, 104, 464]
[-203, 105, 465]
[-203, 105, 466]
[-203, 105, 467]
[-203, 105, 468]
[-203, 106, 469]
[-204, 106, 470]
[-204, 106, 471]
[-204, 107, 472]
[-204, 107, 473]
[-204, 107, 474]
[-204, 108, 475]
[-204, 108, 476]
[-204, 108, 476]
[-205, 109, 477]
[-205, 109, 478]
[-205, 109, 479]
[-205, 110, 480]
[-205, 110, 481]
[-205, 110, 482]
[-205, 111, 483]
[-206, 111, 484]
[-206, 111, 485]
[-206, 112, 486]
[-206, 112, 486]
[-206, 112, 487]
[-206, 113, 488]
[-207, 113, 489]
[-207, 114, 490]
[-207, 114, 491]
[-207, 114, 491]
[-207, 115, 492]
[-207, 115, 493]
[-208, 115, 494]
[-208, 116, 495]
[-208, 116, 495]
[-208, 117, 496]
[-208, 117, 497]
[-209, 118, 498]
[-209, 118, 498]
[-209, 118, 499]
[-209, 119, 500]
[-210, 119, 500]
[-210, 120, 501]
[-210, 120, 502]
[-210, 121, 503]
[-211, 121, 503]
[-211, 121, 504]
[-211, 122, 504]
[-212, 122, 505]
[-212, 123, 506]
[-212, 123, 506]
[-212, 124, 507]
[-213, 124, 508]
[-213, 125, 508]
[-213, 125, 509]
[-214, 126, 509]
[-214, 126, 510]
[-215, 127, 510]
[-215, 127, 511]
[-215, 128, 511]
[-216, 128, 512]
[-216, 129, 512]
[-217, 129, 513]
[-217, 130, 513]
[-217, 130, 514]
[-218, 131, 514]
[-218, 131, 515]
[-219, 132, 515]
[-219, 132, 516]
[-220, 133, 516]
[-220, 133, 516]
[-221, 134, 517]
[-221, 134, 517]
[-222, 135, 518]
[-222, 135, 518]
[-223, 136, 518]
[-224, 136, 519]
[-224, 137, 519]
[-225, 137, 519]
[-225, 138, 520]
[-226, 138, 520]
[-227, 139, 520]
[-227, 139, 521]
[-228, 140, 521]
[-228, 140, 521]
[-229, 141, 521]
[-230, 142, 521]
[-230, 142, 522]
[-231, 143, 522]
[-232, 143, 522]
[-233, 144, 522]
[-233, 144, 522]
[-234, 145, 523]
[-235, 145, 523]
[-236, 146, 523]
[-236, 146, 523]
[-237, 147, 523]
[-238, 148, 523]
[-239, 148, 523]
[-239, 149, 523]
[-240, 149, 524]
[-241, 150, 524]
[-242, 150, 524]
[-243, 151, 524]
[-243, 152, 524]
[-244, 152, 524]
[-245, 153, 524]
[-246, 153, 524]
[-247, 154, 524]
[-248, 154, 524]
[-249, 155, 524]
[-250, 156, 524]
[-250, 156, 523]
[-251, 157, 523]
[-252, 157, 523]
[-253, 158, 523]
[-254, 158, 523]
[-255, 159, 523]
[-256, 160, 523]
[-257, 160, 523]
[-258, 161, 523]
[-259, 161, 522]
[-259, 162, 522]
[-260, 162, 522]
[-261, 163, 522]
[-262, 164, 522]
[-263, 164, 521]
[-264, 165, 521]
[-265, 165, 521]
[-266, 166, 521]
[-267, 166, 520]
[-268, 167, 520]
[-269, 168, 520]
[-270, 168, 519]
[-270, 169, 519]
[-271, 169, 519]
[-272, 170, 518]
[-273, 170, 518]
[-274, 171, 518]
[-275, 172, 517]
[-276, 172, 517]
[-277, 173, 517]
[-278, 173, 516]
[-279, 174, 516]
[-279, 174, 515]
[-280, 175, 515]
[-281, 176, 514]
[-282, 176, 514]
[-283, 177, 514]
[-284, 177, 513]
[-285, 178, 513]
[-286, 178, 512]
[-286, 179, 512]
[-287, 180, 511]
[-288, 180, 510]
[-289, 181, 510]
[-290, 181, 509]
[-290, 182, 509]
[-291, 182, 508]
[-292, 183, 508]
[-293, 184, 507]
[-293, 184, 506]
[-294, 185, 506]
[-295, 185, 505]
[-296, 186, 505]
[-296, 186, 504]
[-297, 187, 503]
[-298, 187, 503]
[-299, 188, 502]
[-299, 188, 501]
[-300, 189, 500]
[-301, 190, 500]
[-301, 190, 499]
[-302, 191, 498]
[-302, 191, 498]
[-303, 192, 497]
[-304, 192, 496]
[-304, 193, 495]
[-305, 193, 495]
[-305, 194, 494]
[-306, 194, 493]
[-307, 195, 492]
[-307, 195, 491]
[-308, 196, 491]
[-308, 196, 490]
[-309, 197, 489]
[-309, 197, 488]
[-310, 198, 487]
[-310, 198, 486]
[-311, 199, 485]
[-311, 199, 485]
[-312, 200, 484]
[-312, 200, 483]
[-312, 201, 482]
[-313, 201, 481]
[-313, 202, 480]
[-314, 202, 479]
[-314, 203, 478]
[-314, 203, 477]
[-315, 204, 476]
[-315, 204, 475]
[-316, 205, 474]
[-316, 205, 473]
[-316, 206, 472]
[-317, 206, 471]
[-317, 207, 470]
[-317, 207, 469]
[-317, 208, 468]
[-318, 208, 467]
[-318, 209, 466]
[-318, 209, 465]
[-319, 209, 464]
[-319, 210, 463]
[-319, 210, 462]
[-319, 211, 461]
[-320, 211, 460]
[-320, 212, 459]
[-320, 212, 458]
[-320, 212, 457]
[-321, 213, 455]
[-321, 213, 454]
[-321, 214, 453]
[-321, 214, 452]
[-321, 215, 451]
[-322, 215, 450]
[-322, 215, 449]
[-322, 216, 448]
[-322, 216, 446]
[-322, 216, 445]
[-322, 217, 444]
[-323, 217, 443]
[-323, 218, 442]
[-323, 218, 441]
[-323, 218, 439]
[-323, 219, 438]
[-323, 219, 437]
[-324, 219, 436]
[-324, 220, 435]
[-324, 220, 433]
[-324, 220, 432]
[-324, 221, 431]
[-324, 221, 430]
[-324, 221, 429]
[-325, 222, 427]
[-325, 222, 426]
[-325, 222, 425]
[-325, 223, 424]
[-325, 223, 422]
[-325, 223, 421]
[-325, 224, 420]
[-325, 224, 419]
[-326, 224, 417]
[-326, 225, 416]
[-326, 225, 415]
[-326, 225, 414]
[-326, 225, 412]
[-326, 226, 411]
[-326, 226, 410]
[-326, 226, 409]
[-327, 226, 407]
[-327, 227, 406]
[-327, 227, 405]
[-327, 227, 403]
[-327, 227, 402]
[-327, 228, 401]
[-327, 228, 400]
[-327, 228, 398]
[-327, 228, 397]
[-328, 228, 396]
[-328, 229, 394]
[-328, 229, 393]
[-328, 229, 392]
[-328, 229, 391]
[-328, 229, 389]
[-328, 230, 388]
[-328, 230, 387]
[-328, 230, 385]
[-329, 230, 384]
[-329, 230, 383]
[-329, 230, 382]
[-329, 230, 380]
[-329, 231, 379]
[-329, 231, 378]
[-329, 231, 376]
[-329, 231, 375]
[-329, 231, 374]
[-329, 231, 372]
[-329, 231, 371]
[-329, 231, 370]
[-330, 231, 369]
[-330, 232, 367]
[-330, 232, 366]
[-330, 232, 365]
[-330, 232, 363]
[-330, 232, 362]
[-330, 232, 361]
[-330, 232, 360]
[-330, 232, 358]
[-330, 232, 357]
[-330, 232, 356]
[-330, 232, 355]
[-330, 232, 353]
[-330, 232, 352]
