# Curve Parameters
# y_end: 228
# loops: 1
# A (south bulge): 120
# B (lateral wiggle): 20
# samples: 350
#
# Analysis Results
# max_grade: 0.840466
# length_3d: 348.78
# length_2d: 316.42
# min_horiz_step: 0.222167
# status: OK
#
# Coordinates (x, y, z)
#==================================================

[-199, 98, 410]
[-199, 98, 411]
[-199, 98, 412]
[-199, 98, 413]
[-199, 98, 414]
[-199, 98, 415]
[-199, 98, 416]
[-199, 98, 417]
[-199, 98, 419]
[-199, 98, 420]
[-199, 98, 421]
[-199, 98, 422]
[-199, 98, 423]
[-199, 99, 424]
[-200, 99, 425]
[-200, 99, 426]
[-200, 99, 427]
[-200, 99, 428]
[-200, 99, 429]
[-200, 99, 430]
[-200, 99, 431]
[-200, 99, 432]
[-200, 99, 433]
[-200, 100, 434]
[-200, 100, 435]
[-200, 100, 436]
[-201, 100, 437]
[-201, 100, 438]
[-201, 100, 439]
[-201, 101, 440]
[-201, 101, 441]
[-201, 101, 442]
[-201, 101, 443]
[-201, 101, 444]
[-201, 101, 445]
[-202, 102, 446]
[-202, 102, 446]
[-202, 102, 447]
[-202, 102, 448]
[-202, 103, 449]
[-202, 103, 450]
[-202, 103, 451]
[-202, 103, 452]
[-202, 103, 453]
[-203, 104, 454]
[-203, 104, 455]
[-203, 104, 456]
[-203, 104, 456]
[-203, 105, 457]
[-203, 105, 458]
[-203, 105, 459]
[-203, 106, 460]
[-204, 106, 461]
[-204, 106, 461]
[-204, 106, 462]
[-204, 107, 463]
[-204, 107, 464]
[-204, 107, 465]
[-204, 108, 466]
[-204, 108, 466]
[-205, 108, 467]
[-205, 109, 468]
[-205, 109, 469]
[-205, 109, 469]
[-205, 110, 470]
[-205, 110, 471]
[-205, 110, 472]
[-206, 111, 472]
[-206, 111, 473]
[-206, 111, 474]
[-206, 112, 475]
[-206, 112, 475]
[-206, 112, 476]
[-207, 113, 477]
[-207, 113, 477]
[-207, 113, 478]
[-207, 114, 479]
[-207, 114, 479]
[-207, 115, 480]
[-208, 115, 481]
[-208, 115, 481]
[-208, 116, 482]
[-208, 116, 483]
[-208, 117, 483]
[-209, 117, 484]
[-209, 117, 484]
[-209, 118, 485]
[-209, 118, 486]
[-210, 119, 486]
[-210, 119, 487]
[-210, 119, 487]
[-210, 120, 488]
[-211, 120, 488]
[-211, 121, 489]
[-211, 121, 489]
[-212, 122, 490]
[-212, 122, 491]
[-212, 123, 491]
[-212, 123, 492]
[-213, 123, 492]
[-213, 124, 492]
[-213, 124, 493]
[-214, 125, 493]
[-214, 125, 494]
[-215, 126, 494]
[-215, 126, 495]
[-215, 127, 495]
[-216, 127, 496]
[-216, 128, 496]
[-217, 128, 496]
[-217, 129, 497]
[-217, 129, 497]
[-218, 130, 497]
[-218, 130, 498]
[-219, 131, 498]
[-219, 131, 498]
[-220, 132, 499]
[-220, 132, 499]
[-221, 133, 499]
[-221, 133, 500]
[-222, 134, 500]
[-222, 134, 500]
[-223, 135, 501]
[-224, 135, 501]
[-224, 136, 501]
[-225, 136, 501]
[-225, 137, 502]
[-226, 137, 502]
[-227, 138, 502]
[-227, 138, 502]
[-228, 139, 502]
[-228, 139, 503]
[-229, 140, 503]
[-230, 140, 503]
[-230, 141, 503]
[-231, 141, 503]
[-232, 142, 503]
[-233, 142, 503]
[-233, 143, 504]
[-234, 143, 504]
[-235, 144, 504]
[-236, 145, 504]
[-236, 145, 504]
[-237, 146, 504]
[-238, 146, 504]
[-239, 147, 504]
[-239, 147, 504]
[-240, 148, 504]
[-241, 148, 504]
[-242, 149, 504]
[-243, 149, 504]
[-243, 150, 504]
[-244, 150, 504]
[-245, 151, 504]
[-246, 152, 504]
[-247, 152, 504]
[-248, 153, 504]
[-249, 153, 504]
[-250, 154, 504]
[-250, 154, 504]
[-251, 155, 504]
[-252, 155, 503]
[-253, 156, 503]
[-254, 157, 503]
[-255, 157, 503]
[-256, 158, 503]
[-257, 158, 503]
[-258, 159, 503]
[-259, 159, 502]
[-259, 160, 502]
[-260, 160, 502]
[-261, 161, 502]
[-262, 162, 502]
[-263, 162, 501]
[-264, 163, 501]
[-265, 163, 501]
[-266, 164, 501]
[-267, 164, 500]
[-268, 165, 500]
[-269, 166, 500]
[-270, 166, 499]
[-270, 167, 499]
[-271, 167, 499]
[-272, 168, 499]
[-273, 168, 498]
[-274, 169, 498]
[-275, 169, 497]
[-276, 170, 497]
[-277, 171, 497]
[-278, 171, 496]
[-279, 172, 496]
[-279, 172, 496]
[-280, 173, 495]
[-281, 173, 495]
[-282, 174, 494]
[-283, 174, 494]
[-284, 175, 493]
[-285, 176, 493]
[-286, 176, 493]
[-286, 177, 492]
[-287, 177, 492]
[-288, 178, 491]
[-289, 178, 491]
[-290, 179, 490]
[-290, 179, 490]
[-291, 180, 489]
[-292, 180, 488]
[-293, 181, 488]
[-293, 181, 487]
[-294, 182, 487]
[-295, 183, 486]
[-296, 183, 486]
[-296, 184, 485]
[-297, 184, 484]
[-298, 185, 484]
[-299, 185, 483]
[-299, 186, 483]
[-300, 186, 482]
[-301, 187, 481]
[-301, 187, 481]
[-302, 188, 480]
[-302, 188, 479]
[-303, 189, 479]
[-304, 189, 478]
[-304, 190, 477]
[-305, 190, 477]
[-305, 191, 476]
[-306, 191, 475]
[-307, 192, 474]
[-307, 192, 474]
[-308, 193, 473]
[-308, 193, 472]
[-309, 194, 471]
[-309, 194, 471]
[-310, 195, 470]
[-310, 195, 469]
[-311, 196, 468]
[-311, 196, 468]
[-312, 197, 467]
[-312, 197, 466]
[-312, 198, 465]
[-313, 198, 464]
[-313, 199, 464]
[-314, 199, 463]
[-314, 200, 462]
[-314, 200, 461]
[-315, 201, 460]
[-315, 201, 459]
[-316, 202, 458]
[-316, 202, 458]
[-316, 203, 457]
[-317, 203, 456]
[-317, 203, 455]
[-317, 204, 454]
[-317, 204, 453]
[-318, 205, 452]
[-318, 205, 451]
[-318, 206, 450]
[-319, 206, 449]
[-319, 207, 449]
[-319, 207, 448]
[-319, 207, 447]
[-320, 208, 446]
[-320, 208, 445]
[-320, 209, 444]
[-320, 209, 443]
[-321, 209, 442]
[-321, 210, 441]
[-321, 210, 440]
[-321, 211, 439]
[-321, 211, 438]
[-322, 211, 437]
[-322, 212, 436]
[-322, 212, 435]
[-322, 213, 434]
[-322, 213, 433]
[-322, 213, 432]
[-323, 214, 431]
[-323, 214, 430]
[-323, 214, 429]
[-323, 215, 428]
[-323, 215, 427]
[-323, 215, 426]
[-324, 216, 425]
[-324, 216, 424]
[-324, 216, 423]
[-324, 217, 421]
[-324, 217, 420]
[-324, 217, 419]
[-324, 218, 418]
[-325, 218, 417]
[-325, 218, 416]
[-325, 219, 415]
[-325, 219, 414]
[-325, 219, 413]
[-325, 220, 412]
[-325, 220, 411]
[-325, 220, 410]
[-326, 220, 409]
[-326, 221, 407]
[-326, 221, 406]
[-326, 221, 405]
[-326, 222, 404]
[-326, 222, 403]
[-326, 222, 402]
[-326, 222, 401]
[-327, 223, 400]
[-327, 223, 399]
[-327, 223, 398]
[-327, 223, 396]
[-327, 223, 395]
[-327, 224, 394]
[-327, 224, 393]
[-327, 224, 392]
[-327, 224, 391]
[-328, 225, 390]
[-328, 225, 389]
[-328, 225, 387]
[-328, 225, 386]
[-328, 225, 385]
[-328, 225, 384]
[-328, 226, 383]
[-328, 226, 382]
[-328, 226, 381]
[-329, 226, 380]
[-329, 226, 379]
[-329, 226, 377]
[-329, 227, 376]
[-329, 227, 375]
[-329, 227, 374]
[-329, 227, 373]
[-329, 227, 372]
[-329, 227, 371]
[-329, 227, 370]
[-329, 227, 368]
[-329, 227, 367]
[-330, 227, 366]
[-330, 228, 365]
[-330, 228, 364]
[-330, 228, 363]
[-330, 228, 362]
[-330, 228, 361]
[-330, 228, 360]
[-330, 228, 359]
[-330, 228, 357]
[-330, 228, 356]
[-330, 228, 355]
[-330, 228, 354]
[-330, 228, 353]
[-330, 228, 352]
