# Curve Parameters
# y_end: 226
# loops: 0
# A (south bulge): 60
# B (lateral wiggle): 60
# samples: 350
#
# Analysis Results
# max_grade: 0.977099
# length_3d: 245.39
# length_2d: 203.42
# min_horiz_step: 0.176149
# status: OK
#
# Coordinates (x, y, z)
#==================================================

[-199, 98, 410]
[-199, 98, 411]
[-199, 98, 411]
[-199, 98, 412]
[-199, 98, 412]
[-199, 98, 413]
[-199, 98, 413]
[-199, 98, 414]
[-199, 98, 414]
[-199, 98, 415]
[-199, 98, 415]
[-199, 98, 416]
[-199, 98, 416]
[-200, 99, 417]
[-200, 99, 417]
[-200, 99, 418]
[-200, 99, 418]
[-200, 99, 419]
[-200, 99, 419]
[-200, 99, 420]
[-200, 99, 420]
[-200, 99, 421]
[-200, 99, 421]
[-201, 100, 422]
[-201, 100, 422]
[-201, 100, 423]
[-201, 100, 423]
[-201, 100, 423]
[-201, 100, 424]
[-202, 101, 424]
[-202, 101, 425]
[-202, 101, 425]
[-202, 101, 426]
[-202, 101, 426]
[-202, 101, 427]
[-203, 102, 427]
[-203, 102, 427]
[-203, 102, 428]
[-203, 102, 428]
[-204, 102, 429]
[-204, 103, 429]
[-204, 103, 429]
[-204, 103, 430]
[-204, 103, 430]
[-205, 104, 431]
[-205, 104, 431]
[-205, 104, 431]
[-205, 104, 432]
[-206, 105, 432]
[-206, 105, 433]
[-206, 105, 433]
[-207, 105, 433]
[-207, 106, 434]
[-207, 106, 434]
[-207, 106, 434]
[-208, 107, 435]
[-208, 107, 435]
[-208, 107, 435]
[-209, 107, 436]
[-209, 108, 436]
[-209, 108, 436]
[-210, 108, 437]
[-210, 109, 437]
[-210, 109, 437]
[-211, 109, 438]
[-211, 110, 438]
[-211, 110, 438]
[-212, 110, 438]
[-212, 111, 439]
[-212, 111, 439]
[-213, 111, 439]
[-213, 112, 440]
[-213, 112, 440]
[-214, 112, 440]
[-214, 113, 440]
[-215, 113, 441]
[-215, 114, 441]
[-215, 114, 441]
[-216, 114, 441]
[-216, 115, 442]
[-216, 115, 442]
[-217, 115, 442]
[-217, 116, 442]
[-218, 116, 442]
[-218, 117, 443]
[-219, 117, 443]
[-219, 117, 443]
[-219, 118, 443]
[-220, 118, 444]
[-220, 119, 444]
[-221, 119, 444]
[-221, 120, 444]
[-222, 120, 444]
[-222, 120, 444]
[-222, 121, 445]
[-223, 121, 445]
[-223, 122, 445]
[-224, 122, 445]
[-224, 123, 445]
[-225, 123, 445]
[-225, 124, 445]
[-226, 124, 446]
[-226, 124, 446]
[-226, 125, 446]
[-227, 125, 446]
[-227, 126, 446]
[-228, 126, 446]
[-228, 127, 446]
[-229, 127, 446]
[-229, 128, 446]
[-230, 128, 447]
[-230, 129, 447]
[-231, 129, 447]
[-231, 130, 447]
[-232, 130, 447]
[-232, 131, 447]
[-233, 131, 447]
[-233, 132, 447]
[-234, 132, 447]
[-234, 132, 447]
[-235, 133, 447]
[-235, 133, 447]
[-236, 134, 447]
[-236, 134, 447]
[-237, 135, 447]
[-237, 135, 447]
[-238, 136, 447]
[-238, 137, 447]
[-239, 137, 447]
[-239, 138, 447]
[-240, 138, 447]
[-241, 139, 447]
[-241, 139, 447]
[-242, 140, 447]
[-242, 140, 447]
[-243, 141, 447]
[-243, 141, 447]
[-244, 142, 447]
[-244, 142, 447]
[-245, 143, 447]
[-245, 143, 447]
[-246, 144, 447]
[-246, 144, 446]
[-247, 145, 446]
[-248, 145, 446]
[-248, 146, 446]
[-249, 146, 446]
[-249, 147, 446]
[-250, 148, 446]
[-250, 148, 446]
[-251, 149, 446]
[-251, 149, 445]
[-252, 150, 445]
[-252, 150, 445]
[-253, 151, 445]
[-254, 151, 445]
[-254, 152, 445]
[-255, 152, 445]
[-255, 153, 444]
[-256, 153, 444]
[-256, 154, 444]
[-257, 155, 444]
[-257, 155, 444]
[-258, 156, 444]
[-259, 156, 443]
[-259, 157, 443]
[-260, 157, 443]
[-260, 158, 443]
[-261, 158, 443]
[-261, 159, 442]
[-262, 160, 442]
[-263, 160, 442]
[-263, 161, 442]
[-264, 161, 441]
[-264, 162, 441]
[-265, 162, 441]
[-265, 163, 441]
[-266, 163, 440]
[-266, 164, 440]
[-267, 164, 440]
[-268, 165, 440]
[-268, 166, 439]
[-269, 166, 439]
[-269, 167, 439]
[-270, 167, 438]
[-270, 168, 438]
[-271, 168, 438]
[-272, 169, 438]
[-272, 169, 437]
[-273, 170, 437]
[-273, 171, 437]
[-274, 171, 436]
[-274, 172, 436]
[-275, 172, 436]
[-275, 173, 435]
[-276, 173, 435]
[-277, 174, 435]
[-277, 174, 434]
[-278, 175, 434]
[-278, 175, 433]
[-279, 176, 433]
[-279, 176, 433]
[-280, 177, 432]
[-280, 178, 432]
[-281, 178, 432]
[-281, 179, 431]
[-282, 179, 431]
[-283, 180, 430]
[-283, 180, 430]
[-284, 181, 430]
[-284, 181, 429]
[-285, 182, 429]
[-285, 182, 428]
[-286, 183, 428]
[-286, 183, 428]
[-287, 184, 427]
[-287, 184, 427]
[-288, 185, 426]
[-288, 185, 426]
[-289, 186, 425]
[-290, 186, 425]
[-290, 187, 425]
[-291, 187, 424]
[-291, 188, 424]
[-292, 189, 423]
[-292, 189, 423]
[-293, 190, 422]
[-293, 190, 422]
[-294, 191, 421]
[-294, 191, 421]
[-295, 192, 420]
[-295, 192, 420]
[-296, 192, 419]
[-296, 193, 419]
[-297, 193, 418]
[-297, 194, 418]
[-298, 194, 417]
[-298, 195, 417]
[-299, 195, 416]
[-299, 196, 416]
[-300, 196, 415]
[-300, 197, 415]
[-301, 197, 414]
[-301, 198, 414]
[-302, 198, 413]
[-302, 199, 413]
[-303, 199, 412]
[-303, 200, 412]
[-303, 200, 411]
[-304, 200, 411]
[-304, 201, 410]
[-305, 201, 409]
[-305, 202, 409]
[-306, 202, 408]
[-306, 203, 408]
[-307, 203, 407]
[-307, 204, 407]
[-307, 204, 406]
[-308, 204, 406]
[-308, 205, 405]
[-309, 205, 404]
[-309, 206, 404]
[-310, 206, 403]
[-310, 207, 403]
[-310, 207, 402]
[-311, 207, 402]
[-311, 208, 401]
[-312, 208, 400]
[-312, 209, 400]
[-313, 209, 399]
[-313, 209, 399]
[-313, 210, 398]
[-314, 210, 398]
[-314, 210, 397]
[-314, 211, 396]
[-315, 211, 396]
[-315, 212, 395]
[-316, 212, 395]
[-316, 212, 394]
[-316, 213, 393]
[-317, 213, 393]
[-317, 213, 392]
[-317, 214, 392]
[-318, 214, 391]
[-318, 214, 390]
[-318, 215, 390]
[-319, 215, 389]
[-319, 215, 389]
[-319, 216, 388]
[-320, 216, 387]
[-320, 216, 387]
[-320, 217, 386]
[-321, 217, 386]
[-321, 217, 385]
[-321, 217, 384]
[-322, 218, 384]
[-322, 218, 383]
[-322, 218, 383]
[-322, 219, 382]
[-323, 219, 381]
[-323, 219, 381]
[-323, 219, 380]
[-324, 220, 380]
[-324, 220, 379]
[-324, 220, 378]
[-324, 220, 378]
[-325, 221, 377]
[-325, 221, 376]
[-325, 221, 376]
[-325, 221, 375]
[-325, 222, 375]
[-326, 222, 374]
[-326, 222, 373]
[-326, 222, 373]
[-326, 222, 372]
[-327, 223, 372]
[-327, 223, 371]
[-327, 223, 370]
[-327, 223, 370]
[-327, 223, 369]
[-327, 223, 369]
[-328, 224, 368]
[-328, 224, 367]
[-328, 224, 367]
[-328, 224, 366]
[-328, 224, 366]
[-328, 224, 365]
[-329, 225, 364]
[-329, 225, 364]
[-329, 225, 363]
[-329, 225, 363]
[-329, 225, 362]
[-329, 225, 362]
[-329, 225, 361]
[-329, 225, 360]
[-329, 225, 360]
[-329, 225, 359]
[-330, 226, 359]
[-330, 226, 358]
[-330, 226, 358]
[-330, 226, 357]
[-330, 226, 356]
[-330, 226, 356]
[-330, 226, 355]
[-330, 226, 355]
[-330, 226, 354]
[-330, 226, 354]
[-330, 226, 353]
[-330, 226, 353]
[-330, 226, 352]
