# Curve Parameters
# y_end: 226
# loops: 1
# A (south bulge): 120
# B (lateral wiggle): 30
# samples: 350
#
# Analysis Results
# max_grade: 0.855402
# length_3d: 356.25
# length_2d: 326.08
# min_horiz_step: 0.210616
# status: OK
#
# Coordinates (x, y, z)
#==================================================

[-199, 98, 410]
[-199, 98, 411]
[-199, 98, 412]
[-199, 98, 413]
[-199, 98, 414]
[-199, 98, 415]
[-199, 98, 416]
[-199, 98, 417]
[-199, 98, 419]
[-199, 98, 420]
[-199, 98, 421]
[-199, 98, 422]
[-199, 98, 423]
[-199, 99, 424]
[-199, 99, 425]
[-200, 99, 426]
[-200, 99, 427]
[-200, 99, 428]
[-200, 99, 429]
[-200, 99, 430]
[-200, 99, 431]
[-200, 99, 432]
[-200, 99, 433]
[-200, 100, 434]
[-200, 100, 435]
[-200, 100, 436]
[-200, 100, 437]
[-200, 100, 438]
[-200, 100, 439]
[-201, 101, 440]
[-201, 101, 441]
[-201, 101, 442]
[-201, 101, 443]
[-201, 101, 444]
[-201, 101, 445]
[-201, 102, 446]
[-201, 102, 446]
[-201, 102, 447]
[-201, 102, 448]
[-201, 102, 449]
[-201, 103, 450]
[-201, 103, 451]
[-201, 103, 452]
[-201, 103, 453]
[-202, 104, 454]
[-202, 104, 455]
[-202, 104, 456]
[-202, 104, 456]
[-202, 105, 457]
[-202, 105, 458]
[-202, 105, 459]
[-202, 105, 460]
[-202, 106, 461]
[-202, 106, 461]
[-202, 106, 462]
[-202, 107, 463]
[-202, 107, 464]
[-202, 107, 465]
[-202, 107, 466]
[-202, 108, 466]
[-202, 108, 467]
[-202, 108, 468]
[-202, 109, 469]
[-202, 109, 469]
[-202, 109, 470]
[-203, 110, 471]
[-203, 110, 472]
[-203, 110, 472]
[-203, 111, 473]
[-203, 111, 474]
[-203, 111, 475]
[-203, 112, 475]
[-203, 112, 476]
[-203, 112, 477]
[-203, 113, 477]
[-203, 113, 478]
[-203, 114, 479]
[-203, 114, 479]
[-203, 114, 480]
[-203, 115, 481]
[-204, 115, 481]
[-204, 115, 482]
[-204, 116, 483]
[-204, 116, 483]
[-204, 117, 484]
[-204, 117, 484]
[-204, 117, 485]
[-204, 118, 486]
[-205, 118, 486]
[-205, 119, 487]
[-205, 119, 487]
[-205, 120, 488]
[-205, 120, 488]
[-205, 120, 489]
[-206, 121, 489]
[-206, 121, 490]
[-206, 122, 491]
[-206, 122, 491]
[-207, 123, 492]
[-207, 123, 492]
[-207, 124, 492]
[-207, 124, 493]
[-208, 124, 493]
[-208, 125, 494]
[-208, 125, 494]
[-209, 126, 495]
[-209, 126, 495]
[-209, 127, 496]
[-210, 127, 496]
[-210, 128, 496]
[-211, 128, 497]
[-211, 129, 497]
[-211, 129, 497]
[-212, 130, 498]
[-212, 130, 498]
[-213, 131, 498]
[-213, 131, 499]
[-214, 132, 499]
[-214, 132, 499]
[-215, 132, 500]
[-215, 133, 500]
[-216, 133, 500]
[-217, 134, 501]
[-217, 134, 501]
[-218, 135, 501]
[-218, 135, 501]
[-219, 136, 502]
[-220, 137, 502]
[-220, 137, 502]
[-221, 138, 502]
[-222, 138, 502]
[-222, 139, 503]
[-223, 139, 503]
[-224, 140, 503]
[-225, 140, 503]
[-225, 141, 503]
[-226, 141, 503]
[-227, 142, 503]
[-228, 142, 504]
[-229, 143, 504]
[-230, 143, 504]
[-230, 144, 504]
[-231, 144, 504]
[-232, 145, 504]
[-233, 145, 504]
[-234, 146, 504]
[-235, 146, 504]
[-236, 147, 504]
[-237, 148, 504]
[-238, 148, 504]
[-239, 149, 504]
[-240, 149, 504]
[-241, 150, 504]
[-242, 150, 504]
[-243, 151, 504]
[-244, 151, 504]
[-245, 152, 504]
[-246, 152, 504]
[-247, 153, 504]
[-248, 153, 504]
[-249, 154, 504]
[-250, 155, 503]
[-251, 155, 503]
[-252, 156, 503]
[-253, 156, 503]
[-254, 157, 503]
[-255, 157, 503]
[-256, 158, 503]
[-257, 158, 502]
[-258, 159, 502]
[-260, 160, 502]
[-261, 160, 502]
[-262, 161, 502]
[-263, 161, 501]
[-264, 162, 501]
[-265, 162, 501]
[-266, 163, 501]
[-267, 163, 500]
[-268, 164, 500]
[-269, 164, 500]
[-271, 165, 499]
[-272, 166, 499]
[-273, 166, 499]
[-274, 167, 499]
[-275, 167, 498]
[-276, 168, 498]
[-277, 168, 497]
[-278, 169, 497]
[-279, 169, 497]
[-280, 170, 496]
[-281, 171, 496]
[-282, 171, 496]
[-283, 172, 495]
[-284, 172, 495]
[-285, 173, 494]
[-286, 173, 494]
[-287, 174, 493]
[-288, 174, 493]
[-289, 175, 493]
[-290, 175, 492]
[-291, 176, 492]
[-292, 176, 491]
[-293, 177, 491]
[-294, 178, 490]
[-295, 178, 490]
[-296, 179, 489]
[-297, 179, 488]
[-298, 180, 488]
[-299, 180, 487]
[-299, 181, 487]
[-300, 181, 486]
[-301, 182, 486]
[-302, 182, 485]
[-303, 183, 484]
[-304, 183, 484]
[-304, 184, 483]
[-305, 184, 483]
[-306, 185, 482]
[-307, 185, 481]
[-307, 186, 481]
[-308, 186, 480]
[-309, 187, 479]
[-309, 187, 479]
[-310, 188, 478]
[-311, 189, 477]
[-311, 189, 477]
[-312, 190, 476]
[-312, 190, 475]
[-313, 191, 474]
[-314, 191, 474]
[-314, 192, 473]
[-315, 192, 472]
[-315, 192, 471]
[-316, 193, 471]
[-316, 193, 470]
[-317, 194, 469]
[-317, 194, 468]
[-318, 195, 468]
[-318, 195, 467]
[-318, 196, 466]
[-319, 196, 465]
[-319, 197, 464]
[-320, 197, 464]
[-320, 198, 463]
[-320, 198, 462]
[-321, 199, 461]
[-321, 199, 460]
[-321, 200, 459]
[-322, 200, 458]
[-322, 200, 458]
[-322, 201, 457]
[-322, 201, 456]
[-323, 202, 455]
[-323, 202, 454]
[-323, 203, 453]
[-323, 203, 452]
[-324, 204, 451]
[-324, 204, 450]
[-324, 204, 449]
[-324, 205, 449]
[-324, 205, 448]
[-324, 206, 447]
[-325, 206, 446]
[-325, 207, 445]
[-325, 207, 444]
[-325, 207, 443]
[-325, 208, 442]
[-325, 208, 441]
[-325, 209, 440]
[-325, 209, 439]
[-326, 209, 438]
[-326, 210, 437]
[-326, 210, 436]
[-326, 210, 435]
[-326, 211, 434]
[-326, 211, 433]
[-326, 212, 432]
[-326, 212, 431]
[-326, 212, 430]
[-326, 213, 429]
[-326, 213, 428]
[-326, 213, 427]
[-326, 214, 426]
[-326, 214, 425]
[-326, 214, 424]
[-327, 215, 423]
[-327, 215, 421]
[-327, 215, 420]
[-327, 216, 419]
[-327, 216, 418]
[-327, 216, 417]
[-327, 217, 416]
[-327, 217, 415]
[-327, 217, 414]
[-327, 217, 413]
[-327, 218, 412]
[-327, 218, 411]
[-327, 218, 410]
[-327, 219, 409]
[-327, 219, 407]
[-327, 219, 406]
[-327, 219, 405]
[-327, 220, 404]
[-327, 220, 403]
[-327, 220, 402]
[-327, 220, 401]
[-328, 221, 400]
[-328, 221, 399]
[-328, 221, 398]
[-328, 221, 396]
[-328, 222, 395]
[-328, 222, 394]
[-328, 222, 393]
[-328, 222, 392]
[-328, 222, 391]
[-328, 223, 390]
[-328, 223, 389]
[-328, 223, 387]
[-328, 223, 386]
[-328, 223, 385]
[-328, 223, 384]
[-329, 224, 383]
[-329, 224, 382]
[-329, 224, 381]
[-329, 224, 380]
[-329, 224, 379]
[-329, 224, 377]
[-329, 225, 376]
[-329, 225, 375]
[-329, 225, 374]
[-329, 225, 373]
[-329, 225, 372]
[-329, 225, 371]
[-329, 225, 370]
[-329, 225, 368]
[-330, 225, 367]
[-330, 225, 366]
[-330, 226, 365]
[-330, 226, 364]
[-330, 226, 363]
[-330, 226, 362]
[-330, 226, 361]
[-330, 226, 360]
[-330, 226, 359]
[-330, 226, 357]
[-330, 226, 356]
[-330, 226, 355]
[-330, 226, 354]
[-330, 226, 353]
[-330, 226, 352]
