# Curve Parameters
# y_end: 266
# loops: 1
# A (south bulge): 140
# B (lateral wiggle): 20
# samples: 350
#
# Analysis Results
# max_grade: 0.997132
# length_3d: 401.06
# length_2d: 352.40
# min_horiz_step: 0.249812
# status: OK
#
# Coordinates (x, y, z)
#==================================================

[-199, 98, 410]
[-199, 98, 411]
[-199, 98, 413]
[-199, 98, 414]
[-199, 98, 415]
[-199, 98, 416]
[-199, 98, 418]
[-199, 98, 419]
[-199, 98, 420]
[-199, 98, 421]
[-199, 98, 422]
[-199, 98, 424]
[-199, 99, 425]
[-199, 99, 426]
[-200, 99, 427]
[-200, 99, 429]
[-200, 99, 430]
[-200, 99, 431]
[-200, 99, 432]
[-200, 99, 433]
[-200, 100, 435]
[-200, 100, 436]
[-200, 100, 437]
[-200, 100, 438]
[-200, 100, 439]
[-200, 100, 440]
[-201, 101, 442]
[-201, 101, 443]
[-201, 101, 444]
[-201, 101, 445]
[-201, 102, 446]
[-201, 102, 447]
[-201, 102, 448]
[-201, 102, 450]
[-201, 102, 451]
[-202, 103, 452]
[-202, 103, 453]
[-202, 103, 454]
[-202, 104, 455]
[-202, 104, 456]
[-202, 104, 457]
[-202, 104, 458]
[-202, 105, 459]
[-202, 105, 460]
[-203, 105, 461]
[-203, 106, 463]
[-203, 106, 464]
[-203, 106, 465]
[-203, 107, 466]
[-203, 107, 467]
[-203, 107, 468]
[-203, 108, 469]
[-204, 108, 470]
[-204, 108, 471]
[-204, 109, 472]
[-204, 109, 473]
[-204, 110, 474]
[-204, 110, 475]
[-204, 110, 476]
[-204, 111, 476]
[-205, 111, 477]
[-205, 112, 478]
[-205, 112, 479]
[-205, 112, 480]
[-205, 113, 481]
[-205, 113, 482]
[-205, 114, 483]
[-206, 114, 484]
[-206, 115, 485]
[-206, 115, 486]
[-206, 116, 486]
[-206, 116, 487]
[-206, 117, 488]
[-207, 117, 489]
[-207, 117, 490]
[-207, 118, 491]
[-207, 118, 491]
[-207, 119, 492]
[-207, 119, 493]
[-208, 120, 494]
[-208, 120, 495]
[-208, 121, 495]
[-208, 121, 496]
[-208, 122, 497]
[-209, 123, 498]
[-209, 123, 498]
[-209, 124, 499]
[-209, 124, 500]
[-210, 125, 500]
[-210, 125, 501]
[-210, 126, 502]
[-210, 126, 503]
[-211, 127, 503]
[-211, 127, 504]
[-211, 128, 504]
[-212, 129, 505]
[-212, 129, 506]
[-212, 130, 506]
[-212, 130, 507]
[-213, 131, 508]
[-213, 131, 508]
[-213, 132, 509]
[-214, 133, 509]
[-214, 133, 510]
[-215, 134, 510]
[-215, 134, 511]
[-215, 135, 511]
[-216, 136, 512]
[-216, 136, 512]
[-217, 137, 513]
[-217, 138, 513]
[-217, 138, 514]
[-218, 139, 514]
[-218, 139, 515]
[-219, 140, 515]
[-219, 141, 516]
[-220, 141, 516]
[-220, 142, 516]
[-221, 143, 517]
[-221, 143, 517]
[-222, 144, 518]
[-222, 145, 518]
[-223, 145, 518]
[-224, 146, 519]
[-224, 147, 519]
[-225, 147, 519]
[-225, 148, 520]
[-226, 149, 520]
[-227, 149, 520]
[-227, 150, 521]
[-228, 151, 521]
[-228, 151, 521]
[-229, 152, 521]
[-230, 153, 521]
[-230, 153, 522]
[-231, 154, 522]
[-232, 155, 522]
[-233, 155, 522]
[-233, 156, 522]
[-234, 157, 523]
[-235, 157, 523]
[-236, 158, 523]
[-236, 159, 523]
[-237, 160, 523]
[-238, 160, 523]
[-239, 161, 523]
[-239, 162, 523]
[-240, 162, 524]
[-241, 163, 524]
[-242, 164, 524]
[-243, 164, 524]
[-243, 165, 524]
[-244, 166, 524]
[-245, 167, 524]
[-246, 167, 524]
[-247, 168, 524]
[-248, 169, 524]
[-249, 169, 524]
[-250, 170, 524]
[-250, 171, 523]
[-251, 172, 523]
[-252, 172, 523]
[-253, 173, 523]
[-254, 174, 523]
[-255, 174, 523]
[-256, 175, 523]
[-257, 176, 523]
[-258, 177, 523]
[-259, 177, 522]
[-259, 178, 522]
[-260, 179, 522]
[-261, 179, 522]
[-262, 180, 522]
[-263, 181, 521]
[-264, 182, 521]
[-265, 182, 521]
[-266, 183, 521]
[-267, 184, 520]
[-268, 185, 520]
[-269, 185, 520]
[-270, 186, 519]
[-270, 187, 519]
[-271, 187, 519]
[-272, 188, 518]
[-273, 189, 518]
[-274, 190, 518]
[-275, 190, 517]
[-276, 191, 517]
[-277, 192, 517]
[-278, 192, 516]
[-279, 193, 516]
[-279, 194, 515]
[-280, 195, 515]
[-281, 195, 514]
[-282, 196, 514]
[-283, 197, 514]
[-284, 197, 513]
[-285, 198, 513]
[-286, 199, 512]
[-286, 200, 512]
[-287, 200, 511]
[-288, 201, 510]
[-289, 202, 510]
[-290, 202, 509]
[-290, 203, 509]
[-291, 204, 508]
[-292, 204, 508]
[-293, 205, 507]
[-293, 206, 506]
[-294, 207, 506]
[-295, 207, 505]
[-296, 208, 505]
[-296, 209, 504]
[-297, 209, 503]
[-298, 210, 503]
[-299, 211, 502]
[-299, 211, 501]
[-300, 212, 500]
[-301, 213, 500]
[-301, 213, 499]
[-302, 214, 498]
[-302, 215, 498]
[-303, 215, 497]
[-304, 216, 496]
[-304, 217, 495]
[-305, 217, 495]
[-305, 218, 494]
[-306, 219, 493]
[-307, 219, 492]
[-307, 220, 491]
[-308, 221, 491]
[-308, 221, 490]
[-309, 222, 489]
[-309, 223, 488]
[-310, 223, 487]
[-310, 224, 486]
[-311, 225, 485]
[-311, 225, 485]
[-312, 226, 484]
[-312, 226, 483]
[-312, 227, 482]
[-313, 228, 481]
[-313, 228, 480]
[-314, 229, 479]
[-314, 230, 478]
[-314, 230, 477]
[-315, 231, 476]
[-315, 231, 475]
[-316, 232, 474]
[-316, 233, 473]
[-316, 233, 472]
[-317, 234, 471]
[-317, 234, 470]
[-317, 235, 469]
[-317, 235, 468]
[-318, 236, 467]
[-318, 237, 466]
[-318, 237, 465]
[-319, 238, 464]
[-319, 238, 463]
[-319, 239, 462]
[-319, 239, 461]
[-320, 240, 460]
[-320, 240, 459]
[-320, 241, 458]
[-320, 241, 457]
[-321, 242, 455]
[-321, 243, 454]
[-321, 243, 453]
[-321, 244, 452]
[-321, 244, 451]
[-322, 245, 450]
[-322, 245, 449]
[-322, 246, 448]
[-322, 246, 446]
[-322, 247, 445]
[-322, 247, 444]
[-323, 247, 443]
[-323, 248, 442]
[-323, 248, 441]
[-323, 249, 439]
[-323, 249, 438]
[-323, 250, 437]
[-324, 250, 436]
[-324, 251, 435]
[-324, 251, 433]
[-324, 252, 432]
[-324, 252, 431]
[-324, 252, 430]
[-324, 253, 429]
[-325, 253, 427]
[-325, 254, 426]
[-325, 254, 425]
[-325, 254, 424]
[-325, 255, 422]
[-325, 255, 421]
[-325, 256, 420]
[-325, 256, 419]
[-326, 256, 417]
[-326, 257, 416]
[-326, 257, 415]
[-326, 257, 414]
[-326, 258, 412]
[-326, 258, 411]
[-326, 258, 410]
[-326, 259, 409]
[-327, 259, 407]
[-327, 259, 406]
[-327, 260, 405]
[-327, 260, 403]
[-327, 260, 402]
[-327, 260, 401]
[-327, 261, 400]
[-327, 261, 398]
[-327, 261, 397]
[-328, 262, 396]
[-328, 262, 394]
[-328, 262, 393]
[-328, 262, 392]
[-328, 262, 391]
[-328, 263, 389]
[-328, 263, 388]
[-328, 263, 387]
[-328, 263, 385]
[-329, 264, 384]
[-329, 264, 383]
[-329, 264, 382]
[-329, 264, 380]
[-329, 264, 379]
[-329, 264, 378]
[-329, 265, 376]
[-329, 265, 375]
[-329, 265, 374]
[-329, 265, 372]
[-329, 265, 371]
[-329, 265, 370]
[-330, 265, 369]
[-330, 265, 367]
[-330, 266, 366]
[-330, 266, 365]
[-330, 266, 363]
[-330, 266, 362]
[-330, 266, 361]
[-330, 266, 360]
[-330, 266, 358]
[-330, 266, 357]
[-330, 266, 356]
[-330, 266, 355]
[-330, 266, 353]
[-330, 266, 352]
