# Curve Parameters
# y_end: 222
# loops: 1
# A (south bulge): 100
# B (lateral wiggle): 20
# samples: 350
#
# Analysis Results
# max_grade: 0.897730
# length_3d: 312.97
# length_2d: 281.12
# min_horiz_step: 0.190791
# status: OK
#
# Coordinates (x, y, z)
#==================================================

[-199, 98, 410]
[-199, 98, 411]
[-199, 98, 412]
[-199, 98, 413]
[-199, 98, 414]
[-199, 98, 414]
[-199, 98, 415]
[-199, 98, 416]
[-199, 98, 417]
[-199, 98, 418]
[-199, 98, 419]
[-199, 98, 420]
[-199, 98, 421]
[-199, 99, 421]
[-200, 99, 422]
[-200, 99, 423]
[-200, 99, 424]
[-200, 99, 425]
[-200, 99, 426]
[-200, 99, 427]
[-200, 99, 427]
[-200, 99, 428]
[-200, 99, 429]
[-200, 100, 430]
[-200, 100, 431]
[-200, 100, 431]
[-201, 100, 432]
[-201, 100, 433]
[-201, 100, 434]
[-201, 100, 435]
[-201, 101, 435]
[-201, 101, 436]
[-201, 101, 437]
[-201, 101, 438]
[-201, 101, 439]
[-202, 101, 439]
[-202, 102, 440]
[-202, 102, 441]
[-202, 102, 442]
[-202, 102, 442]
[-202, 103, 443]
[-202, 103, 444]
[-202, 103, 445]
[-202, 103, 445]
[-203, 103, 446]
[-203, 104, 447]
[-203, 104, 447]
[-203, 104, 448]
[-203, 104, 449]
[-203, 105, 450]
[-203, 105, 450]
[-203, 105, 451]
[-204, 105, 452]
[-204, 106, 452]
[-204, 106, 453]
[-204, 106, 454]
[-204, 107, 454]
[-204, 107, 455]
[-204, 107, 456]
[-204, 107, 456]
[-205, 108, 457]
[-205, 108, 457]
[-205, 108, 458]
[-205, 109, 459]
[-205, 109, 459]
[-205, 109, 460]
[-205, 110, 461]
[-206, 110, 461]
[-206, 110, 462]
[-206, 111, 462]
[-206, 111, 463]
[-206, 111, 463]
[-206, 112, 464]
[-207, 112, 465]
[-207, 112, 465]
[-207, 113, 466]
[-207, 113, 466]
[-207, 113, 467]
[-207, 114, 467]
[-208, 114, 468]
[-208, 115, 468]
[-208, 115, 469]
[-208, 115, 469]
[-208, 116, 470]
[-209, 116, 470]
[-209, 116, 471]
[-209, 117, 471]
[-209, 117, 472]
[-210, 118, 472]
[-210, 118, 472]
[-210, 118, 473]
[-210, 119, 473]
[-211, 119, 474]
[-211, 120, 474]
[-211, 120, 475]
[-212, 121, 475]
[-212, 121, 475]
[-212, 121, 476]
[-212, 122, 476]
[-213, 122, 476]
[-213, 123, 477]
[-213, 123, 477]
[-214, 124, 477]
[-214, 124, 478]
[-215, 124, 478]
[-215, 125, 478]
[-215, 125, 479]
[-216, 126, 479]
[-216, 126, 479]
[-217, 127, 480]
[-217, 127, 480]
[-217, 128, 480]
[-218, 128, 481]
[-218, 129, 481]
[-219, 129, 481]
[-219, 130, 481]
[-220, 130, 481]
[-220, 130, 482]
[-221, 131, 482]
[-221, 131, 482]
[-222, 132, 482]
[-222, 132, 483]
[-223, 133, 483]
[-224, 133, 483]
[-224, 134, 483]
[-225, 134, 483]
[-225, 135, 483]
[-226, 135, 484]
[-227, 136, 484]
[-227, 136, 484]
[-228, 137, 484]
[-228, 137, 484]
[-229, 138, 484]
[-230, 138, 484]
[-230, 139, 484]
[-231, 139, 484]
[-232, 140, 484]
[-233, 140, 485]
[-233, 141, 485]
[-234, 141, 485]
[-235, 142, 485]
[-236, 142, 485]
[-236, 143, 485]
[-237, 143, 485]
[-238, 144, 485]
[-239, 144, 485]
[-239, 145, 485]
[-240, 145, 485]
[-241, 146, 485]
[-242, 147, 485]
[-243, 147, 485]
[-243, 148, 485]
[-244, 148, 485]
[-245, 149, 484]
[-246, 149, 484]
[-247, 150, 484]
[-248, 150, 484]
[-249, 151, 484]
[-250, 151, 484]
[-250, 152, 484]
[-251, 152, 484]
[-252, 153, 484]
[-253, 153, 483]
[-254, 154, 483]
[-255, 154, 483]
[-256, 155, 483]
[-257, 155, 483]
[-258, 156, 483]
[-259, 157, 482]
[-259, 157, 482]
[-260, 158, 482]
[-261, 158, 482]
[-262, 159, 482]
[-263, 159, 481]
[-264, 160, 481]
[-265, 160, 481]
[-266, 161, 481]
[-267, 161, 480]
[-268, 162, 480]
[-269, 162, 480]
[-270, 163, 480]
[-270, 163, 479]
[-271, 164, 479]
[-272, 165, 479]
[-273, 165, 478]
[-274, 166, 478]
[-275, 166, 478]
[-276, 167, 477]
[-277, 167, 477]
[-278, 168, 477]
[-279, 168, 476]
[-279, 169, 476]
[-280, 169, 475]
[-281, 170, 475]
[-282, 170, 475]
[-283, 171, 474]
[-284, 171, 474]
[-285, 172, 473]
[-286, 172, 473]
[-286, 173, 473]
[-287, 173, 472]
[-288, 174, 472]
[-289, 175, 471]
[-290, 175, 471]
[-290, 176, 470]
[-291, 176, 470]
[-292, 177, 469]
[-293, 177, 469]
[-293, 178, 468]
[-294, 178, 468]
[-295, 179, 467]
[-296, 179, 467]
[-296, 180, 466]
[-297, 180, 466]
[-298, 181, 465]
[-299, 181, 465]
[-299, 182, 464]
[-300, 182, 463]
[-301, 183, 463]
[-301, 183, 462]
[-302, 184, 462]
[-302, 184, 461]
[-303, 185, 460]
[-304, 185, 460]
[-304, 186, 459]
[-305, 186, 459]
[-305, 187, 458]
[-306, 187, 457]
[-307, 188, 457]
[-307, 188, 456]
[-308, 189, 455]
[-308, 189, 455]
[-309, 190, 454]
[-309, 190, 453]
[-310, 190, 453]
[-310, 191, 452]
[-311, 191, 451]
[-311, 192, 451]
[-312, 192, 450]
[-312, 193, 449]
[-312, 193, 449]
[-313, 194, 448]
[-313, 194, 447]
[-314, 195, 446]
[-314, 195, 446]
[-314, 196, 445]
[-315, 196, 444]
[-315, 196, 443]
[-316, 197, 443]
[-316, 197, 442]
[-316, 198, 441]
[-317, 198, 440]
[-317, 199, 440]
[-317, 199, 439]
[-317, 199, 438]
[-318, 200, 437]
[-318, 200, 436]
[-318, 201, 436]
[-319, 201, 435]
[-319, 202, 434]
[-319, 202, 433]
[-319, 202, 432]
[-320, 203, 432]
[-320, 203, 431]
[-320, 204, 430]
[-320, 204, 429]
[-321, 204, 428]
[-321, 205, 427]
[-321, 205, 427]
[-321, 205, 426]
[-321, 206, 425]
[-322, 206, 424]
[-322, 207, 423]
[-322, 207, 422]
[-322, 207, 421]
[-322, 208, 421]
[-322, 208, 420]
[-323, 208, 419]
[-323, 209, 418]
[-323, 209, 417]
[-323, 209, 416]
[-323, 210, 415]
[-323, 210, 414]
[-324, 210, 413]
[-324, 211, 413]
[-324, 211, 412]
[-324, 211, 411]
[-324, 212, 410]
[-324, 212, 409]
[-324, 212, 408]
[-325, 213, 407]
[-325, 213, 406]
[-325, 213, 405]
[-325, 213, 404]
[-325, 214, 403]
[-325, 214, 402]
[-325, 214, 402]
[-325, 215, 401]
[-326, 215, 400]
[-326, 215, 399]
[-326, 215, 398]
[-326, 216, 397]
[-326, 216, 396]
[-326, 216, 395]
[-326, 216, 394]
[-326, 217, 393]
[-327, 217, 392]
[-327, 217, 391]
[-327, 217, 390]
[-327, 217, 389]
[-327, 218, 388]
[-327, 218, 387]
[-327, 218, 387]
[-327, 218, 386]
[-327, 219, 385]
[-328, 219, 384]
[-328, 219, 383]
[-328, 219, 382]
[-328, 219, 381]
[-328, 219, 380]
[-328, 220, 379]
[-328, 220, 378]
[-328, 220, 377]
[-328, 220, 376]
[-329, 220, 375]
[-329, 220, 374]
[-329, 220, 373]
[-329, 221, 372]
[-329, 221, 371]
[-329, 221, 370]
[-329, 221, 370]
[-329, 221, 369]
[-329, 221, 368]
[-329, 221, 367]
[-329, 221, 366]
[-329, 221, 365]
[-330, 221, 364]
[-330, 222, 363]
[-330, 222, 362]
[-330, 222, 361]
[-330, 222, 360]
[-330, 222, 359]
[-330, 222, 358]
[-330, 222, 357]
[-330, 222, 357]
[-330, 222, 356]
[-330, 222, 355]
[-330, 222, 354]
[-330, 222, 353]
[-330, 222, 352]
