# Curve Parameters
# y_end: 250
# loops: 1
# A (south bulge): 120
# B (lateral wiggle): 10
# samples: 350
#
# Analysis Results
# max_grade: 0.995308
# length_3d: 353.22
# length_2d: 308.06
# min_horiz_step: 0.230196
# status: OK
#
# Coordinates (x, y, z)
#==================================================

[-199, 98, 410]
[-199, 98, 411]
[-199, 98, 412]
[-199, 98, 413]
[-199, 98, 414]
[-199, 98, 415]
[-199, 98, 416]
[-199, 98, 417]
[-199, 98, 419]
[-199, 98, 420]
[-199, 98, 421]
[-199, 98, 422]
[-199, 99, 423]
[-200, 99, 424]
[-200, 99, 425]
[-200, 99, 426]
[-200, 99, 427]
[-200, 99, 428]
[-200, 99, 429]
[-200, 99, 430]
[-200, 99, 431]
[-200, 100, 432]
[-200, 100, 433]
[-200, 100, 434]
[-201, 100, 435]
[-201, 100, 436]
[-201, 100, 437]
[-201, 101, 438]
[-201, 101, 439]
[-201, 101, 440]
[-201, 101, 441]
[-202, 101, 442]
[-202, 102, 443]
[-202, 102, 444]
[-202, 102, 445]
[-202, 102, 446]
[-202, 103, 446]
[-202, 103, 447]
[-203, 103, 448]
[-203, 103, 449]
[-203, 104, 450]
[-203, 104, 451]
[-203, 104, 452]
[-203, 104, 453]
[-204, 105, 454]
[-204, 105, 455]
[-204, 105, 456]
[-204, 106, 456]
[-204, 106, 457]
[-205, 106, 458]
[-205, 106, 459]
[-205, 107, 460]
[-205, 107, 461]
[-205, 107, 461]
[-206, 108, 462]
[-206, 108, 463]
[-206, 108, 464]
[-206, 109, 465]
[-207, 109, 466]
[-207, 110, 466]
[-207, 110, 467]
[-207, 110, 468]
[-207, 111, 469]
[-208, 111, 469]
[-208, 111, 470]
[-208, 112, 471]
[-208, 112, 472]
[-209, 113, 472]
[-209, 113, 473]
[-209, 113, 474]
[-209, 114, 475]
[-210, 114, 475]
[-210, 115, 476]
[-210, 115, 477]
[-210, 116, 477]
[-211, 116, 478]
[-211, 116, 479]
[-211, 117, 479]
[-212, 117, 480]
[-212, 118, 481]
[-212, 118, 481]
[-212, 119, 482]
[-213, 119, 483]
[-213, 120, 483]
[-213, 120, 484]
[-214, 121, 484]
[-214, 121, 485]
[-214, 122, 486]
[-215, 122, 486]
[-215, 123, 487]
[-215, 123, 487]
[-216, 124, 488]
[-216, 124, 488]
[-216, 125, 489]
[-217, 125, 489]
[-217, 126, 490]
[-218, 126, 491]
[-218, 127, 491]
[-218, 127, 492]
[-219, 128, 492]
[-219, 128, 492]
[-220, 129, 493]
[-220, 129, 493]
[-220, 130, 494]
[-221, 130, 494]
[-221, 131, 495]
[-222, 132, 495]
[-222, 132, 496]
[-223, 133, 496]
[-223, 133, 496]
[-223, 134, 497]
[-224, 134, 497]
[-224, 135, 497]
[-225, 135, 498]
[-225, 136, 498]
[-226, 137, 498]
[-226, 137, 499]
[-227, 138, 499]
[-227, 138, 499]
[-228, 139, 500]
[-228, 140, 500]
[-229, 140, 500]
[-229, 141, 501]
[-230, 141, 501]
[-230, 142, 501]
[-231, 143, 501]
[-232, 143, 502]
[-232, 144, 502]
[-233, 144, 502]
[-233, 145, 502]
[-234, 146, 502]
[-234, 146, 503]
[-235, 147, 503]
[-236, 147, 503]
[-236, 148, 503]
[-237, 149, 503]
[-238, 149, 503]
[-238, 150, 503]
[-239, 151, 504]
[-239, 151, 504]
[-240, 152, 504]
[-241, 152, 504]
[-241, 153, 504]
[-242, 154, 504]
[-243, 154, 504]
[-243, 155, 504]
[-244, 156, 504]
[-245, 156, 504]
[-245, 157, 504]
[-246, 157, 504]
[-247, 158, 504]
[-247, 159, 504]
[-248, 159, 504]
[-249, 160, 504]
[-250, 161, 504]
[-250, 161, 504]
[-251, 162, 504]
[-252, 163, 504]
[-252, 163, 504]
[-253, 164, 504]
[-254, 165, 504]
[-255, 165, 503]
[-255, 166, 503]
[-256, 166, 503]
[-257, 167, 503]
[-257, 168, 503]
[-258, 168, 503]
[-259, 169, 503]
[-260, 170, 502]
[-260, 170, 502]
[-261, 171, 502]
[-262, 172, 502]
[-263, 172, 502]
[-263, 173, 501]
[-264, 174, 501]
[-265, 174, 501]
[-266, 175, 501]
[-266, 176, 500]
[-267, 176, 500]
[-268, 177, 500]
[-269, 178, 499]
[-269, 178, 499]
[-270, 179, 499]
[-271, 180, 499]
[-272, 180, 498]
[-272, 181, 498]
[-273, 182, 497]
[-274, 182, 497]
[-274, 183, 497]
[-275, 183, 496]
[-276, 184, 496]
[-277, 185, 496]
[-277, 185, 495]
[-278, 186, 495]
[-279, 187, 494]
[-279, 187, 494]
[-280, 188, 493]
[-281, 189, 493]
[-282, 189, 493]
[-282, 190, 492]
[-283, 191, 492]
[-284, 191, 491]
[-284, 192, 491]
[-285, 192, 490]
[-286, 193, 490]
[-286, 194, 489]
[-287, 194, 488]
[-288, 195, 488]
[-288, 196, 487]
[-289, 196, 487]
[-290, 197, 486]
[-290, 197, 486]
[-291, 198, 485]
[-291, 199, 484]
[-292, 199, 484]
[-293, 200, 483]
[-293, 201, 483]
[-294, 201, 482]
[-295, 202, 481]
[-295, 202, 481]
[-296, 203, 480]
[-296, 204, 479]
[-297, 204, 479]
[-297, 205, 478]
[-298, 205, 477]
[-299, 206, 477]
[-299, 207, 476]
[-300, 207, 475]
[-300, 208, 474]
[-301, 208, 474]
[-301, 209, 473]
[-302, 210, 472]
[-302, 210, 471]
[-303, 211, 471]
[-303, 211, 470]
[-304, 212, 469]
[-304, 213, 468]
[-305, 213, 468]
[-305, 214, 467]
[-306, 214, 466]
[-306, 215, 465]
[-306, 215, 464]
[-307, 216, 464]
[-307, 216, 463]
[-308, 217, 462]
[-308, 218, 461]
[-309, 218, 460]
[-309, 219, 459]
[-309, 219, 458]
[-310, 220, 458]
[-310, 220, 457]
[-311, 221, 456]
[-311, 221, 455]
[-311, 222, 454]
[-312, 222, 453]
[-312, 223, 452]
[-313, 223, 451]
[-313, 224, 450]
[-313, 224, 449]
[-314, 225, 449]
[-314, 225, 448]
[-314, 226, 447]
[-315, 226, 446]
[-315, 227, 445]
[-315, 227, 444]
[-316, 228, 443]
[-316, 228, 442]
[-316, 229, 441]
[-317, 229, 440]
[-317, 230, 439]
[-317, 230, 438]
[-317, 231, 437]
[-318, 231, 436]
[-318, 232, 435]
[-318, 232, 434]
[-319, 232, 433]
[-319, 233, 432]
[-319, 233, 431]
[-319, 234, 430]
[-320, 234, 429]
[-320, 235, 428]
[-320, 235, 427]
[-320, 235, 426]
[-321, 236, 425]
[-321, 236, 424]
[-321, 237, 423]
[-321, 237, 421]
[-322, 237, 420]
[-322, 238, 419]
[-322, 238, 418]
[-322, 238, 417]
[-322, 239, 416]
[-323, 239, 415]
[-323, 240, 414]
[-323, 240, 413]
[-323, 240, 412]
[-324, 241, 411]
[-324, 241, 410]
[-324, 241, 409]
[-324, 242, 407]
[-324, 242, 406]
[-325, 242, 405]
[-325, 242, 404]
[-325, 243, 403]
[-325, 243, 402]
[-325, 243, 401]
[-326, 244, 400]
[-326, 244, 399]
[-326, 244, 398]
[-326, 244, 396]
[-326, 245, 395]
[-326, 245, 394]
[-327, 245, 393]
[-327, 245, 392]
[-327, 246, 391]
[-327, 246, 390]
[-327, 246, 389]
[-327, 246, 387]
[-327, 247, 386]
[-328, 247, 385]
[-328, 247, 384]
[-328, 247, 383]
[-328, 247, 382]
[-328, 248, 381]
[-328, 248, 380]
[-328, 248, 379]
[-329, 248, 377]
[-329, 248, 376]
[-329, 248, 375]
[-329, 249, 374]
[-329, 249, 373]
[-329, 249, 372]
[-329, 249, 371]
[-329, 249, 370]
[-329, 249, 368]
[-329, 249, 367]
[-329, 249, 366]
[-330, 249, 365]
[-330, 250, 364]
[-330, 250, 363]
[-330, 250, 362]
[-330, 250, 361]
[-330, 250, 360]
[-330, 250, 359]
[-330, 250, 357]
[-330, 250, 356]
[-330, 250, 355]
[-330, 250, 354]
[-330, 250, 353]
[-330, 250, 352]
