# Curve Parameters
# y_end: 248
# loops: 1
# A (south bulge): 120
# B (lateral wiggle): 10
# samples: 350
#
# Analysis Results
# max_grade: 0.982212
# length_3d: 352.16
# length_2d: 308.06
# min_horiz_step: 0.230196
# status: OK
#
# Coordinates (x, y, z)
#==================================================

[-199, 98, 410]
[-199, 98, 411]
[-199, 98, 412]
[-199, 98, 413]
[-199, 98, 414]
[-199, 98, 415]
[-199, 98, 416]
[-199, 98, 417]
[-199, 98, 419]
[-199, 98, 420]
[-199, 98, 421]
[-199, 98, 422]
[-199, 99, 423]
[-200, 99, 424]
[-200, 99, 425]
[-200, 99, 426]
[-200, 99, 427]
[-200, 99, 428]
[-200, 99, 429]
[-200, 99, 430]
[-200, 99, 431]
[-200, 100, 432]
[-200, 100, 433]
[-200, 100, 434]
[-201, 100, 435]
[-201, 100, 436]
[-201, 100, 437]
[-201, 101, 438]
[-201, 101, 439]
[-201, 101, 440]
[-201, 101, 441]
[-202, 101, 442]
[-202, 102, 443]
[-202, 102, 444]
[-202, 102, 445]
[-202, 102, 446]
[-202, 102, 446]
[-202, 103, 447]
[-203, 103, 448]
[-203, 103, 449]
[-203, 103, 450]
[-203, 104, 451]
[-203, 104, 452]
[-203, 104, 453]
[-204, 105, 454]
[-204, 105, 455]
[-204, 105, 456]
[-204, 105, 456]
[-204, 106, 457]
[-205, 106, 458]
[-205, 106, 459]
[-205, 107, 460]
[-205, 107, 461]
[-205, 107, 461]
[-206, 108, 462]
[-206, 108, 463]
[-206, 108, 464]
[-206, 109, 465]
[-207, 109, 466]
[-207, 109, 466]
[-207, 110, 467]
[-207, 110, 468]
[-207, 111, 469]
[-208, 111, 469]
[-208, 111, 470]
[-208, 112, 471]
[-208, 112, 472]
[-209, 112, 472]
[-209, 113, 473]
[-209, 113, 474]
[-209, 114, 475]
[-210, 114, 475]
[-210, 115, 476]
[-210, 115, 477]
[-210, 115, 477]
[-211, 116, 478]
[-211, 116, 479]
[-211, 117, 479]
[-212, 117, 480]
[-212, 118, 481]
[-212, 118, 481]
[-212, 118, 482]
[-213, 119, 483]
[-213, 119, 483]
[-213, 120, 484]
[-214, 120, 484]
[-214, 121, 485]
[-214, 121, 486]
[-215, 122, 486]
[-215, 122, 487]
[-215, 123, 487]
[-216, 123, 488]
[-216, 124, 488]
[-216, 124, 489]
[-217, 125, 489]
[-217, 125, 490]
[-218, 126, 491]
[-218, 126, 491]
[-218, 127, 492]
[-219, 127, 492]
[-219, 128, 492]
[-220, 128, 493]
[-220, 129, 493]
[-220, 129, 494]
[-221, 130, 494]
[-221, 131, 495]
[-222, 131, 495]
[-222, 132, 496]
[-223, 132, 496]
[-223, 133, 496]
[-223, 133, 497]
[-224, 134, 497]
[-224, 134, 497]
[-225, 135, 498]
[-225, 136, 498]
[-226, 136, 498]
[-226, 137, 499]
[-227, 137, 499]
[-227, 138, 499]
[-228, 138, 500]
[-228, 139, 500]
[-229, 140, 500]
[-229, 140, 501]
[-230, 141, 501]
[-230, 141, 501]
[-231, 142, 501]
[-232, 143, 502]
[-232, 143, 502]
[-233, 144, 502]
[-233, 144, 502]
[-234, 145, 502]
[-234, 146, 503]
[-235, 146, 503]
[-236, 147, 503]
[-236, 147, 503]
[-237, 148, 503]
[-238, 149, 503]
[-238, 149, 503]
[-239, 150, 504]
[-239, 150, 504]
[-240, 151, 504]
[-241, 152, 504]
[-241, 152, 504]
[-242, 153, 504]
[-243, 154, 504]
[-243, 154, 504]
[-244, 155, 504]
[-245, 155, 504]
[-245, 156, 504]
[-246, 157, 504]
[-247, 157, 504]
[-247, 158, 504]
[-248, 159, 504]
[-249, 159, 504]
[-250, 160, 504]
[-250, 160, 504]
[-251, 161, 504]
[-252, 162, 504]
[-252, 162, 504]
[-253, 163, 504]
[-254, 164, 504]
[-255, 164, 503]
[-255, 165, 503]
[-256, 166, 503]
[-257, 166, 503]
[-257, 167, 503]
[-258, 168, 503]
[-259, 168, 503]
[-260, 169, 502]
[-260, 169, 502]
[-261, 170, 502]
[-262, 171, 502]
[-263, 171, 502]
[-263, 172, 501]
[-264, 173, 501]
[-265, 173, 501]
[-266, 174, 501]
[-266, 175, 500]
[-267, 175, 500]
[-268, 176, 500]
[-269, 177, 499]
[-269, 177, 499]
[-270, 178, 499]
[-271, 178, 499]
[-272, 179, 498]
[-272, 180, 498]
[-273, 180, 497]
[-274, 181, 497]
[-274, 182, 497]
[-275, 182, 496]
[-276, 183, 496]
[-277, 184, 496]
[-277, 184, 495]
[-278, 185, 495]
[-279, 186, 494]
[-279, 186, 494]
[-280, 187, 493]
[-281, 187, 493]
[-282, 188, 493]
[-282, 189, 492]
[-283, 189, 492]
[-284, 190, 491]
[-284, 191, 491]
[-285, 191, 490]
[-286, 192, 490]
[-286, 192, 489]
[-287, 193, 488]
[-288, 194, 488]
[-288, 194, 487]
[-289, 195, 487]
[-290, 196, 486]
[-290, 196, 486]
[-291, 197, 485]
[-291, 197, 484]
[-292, 198, 484]
[-293, 199, 483]
[-293, 199, 483]
[-294, 200, 482]
[-295, 200, 481]
[-295, 201, 481]
[-296, 202, 480]
[-296, 202, 479]
[-297, 203, 479]
[-297, 203, 478]
[-298, 204, 477]
[-299, 205, 477]
[-299, 205, 476]
[-300, 206, 475]
[-300, 206, 474]
[-301, 207, 474]
[-301, 208, 473]
[-302, 208, 472]
[-302, 209, 471]
[-303, 209, 471]
[-303, 210, 470]
[-304, 210, 469]
[-304, 211, 468]
[-305, 212, 468]
[-305, 212, 467]
[-306, 213, 466]
[-306, 213, 465]
[-306, 214, 464]
[-307, 214, 464]
[-307, 215, 463]
[-308, 215, 462]
[-308, 216, 461]
[-309, 217, 460]
[-309, 217, 459]
[-309, 218, 458]
[-310, 218, 458]
[-310, 219, 457]
[-311, 219, 456]
[-311, 220, 455]
[-311, 220, 454]
[-312, 221, 453]
[-312, 221, 452]
[-313, 222, 451]
[-313, 222, 450]
[-313, 223, 449]
[-314, 223, 449]
[-314, 224, 448]
[-314, 224, 447]
[-315, 225, 446]
[-315, 225, 445]
[-315, 226, 444]
[-316, 226, 443]
[-316, 227, 442]
[-316, 227, 441]
[-317, 228, 440]
[-317, 228, 439]
[-317, 228, 438]
[-317, 229, 437]
[-318, 229, 436]
[-318, 230, 435]
[-318, 230, 434]
[-319, 231, 433]
[-319, 231, 432]
[-319, 231, 431]
[-319, 232, 430]
[-320, 232, 429]
[-320, 233, 428]
[-320, 233, 427]
[-320, 234, 426]
[-321, 234, 425]
[-321, 234, 424]
[-321, 235, 423]
[-321, 235, 421]
[-322, 235, 420]
[-322, 236, 419]
[-322, 236, 418]
[-322, 237, 417]
[-322, 237, 416]
[-323, 237, 415]
[-323, 238, 414]
[-323, 238, 413]
[-323, 238, 412]
[-324, 239, 411]
[-324, 239, 410]
[-324, 239, 409]
[-324, 240, 407]
[-324, 240, 406]
[-325, 240, 405]
[-325, 241, 404]
[-325, 241, 403]
[-325, 241, 402]
[-325, 241, 401]
[-326, 242, 400]
[-326, 242, 399]
[-326, 242, 398]
[-326, 243, 396]
[-326, 243, 395]
[-326, 243, 394]
[-327, 243, 393]
[-327, 244, 392]
[-327, 244, 391]
[-327, 244, 390]
[-327, 244, 389]
[-327, 244, 387]
[-327, 245, 386]
[-328, 245, 385]
[-328, 245, 384]
[-328, 245, 383]
[-328, 245, 382]
[-328, 246, 381]
[-328, 246, 380]
[-328, 246, 379]
[-329, 246, 377]
[-329, 246, 376]
[-329, 246, 375]
[-329, 247, 374]
[-329, 247, 373]
[-329, 247, 372]
[-329, 247, 371]
[-329, 247, 370]
[-329, 247, 368]
[-329, 247, 367]
[-329, 247, 366]
[-330, 247, 365]
[-330, 248, 364]
[-330, 248, 363]
[-330, 248, 362]
[-330, 248, 361]
[-330, 248, 360]
[-330, 248, 359]
[-330, 248, 357]
[-330, 248, 356]
[-330, 248, 355]
[-330, 248, 354]
[-330, 248, 353]
[-330, 248, 352]
