# Curve Parameters
# y_end: 232
# loops: 1
# A (south bulge): 140
# B (lateral wiggle): 60
# samples: 350
#
# Analysis Results
# max_grade: 0.861318
# length_3d: 426.31
# length_2d: 398.86
# min_horiz_step: 0.220531
# status: OK
#
# Coordinates (x, y, z)
#==================================================

[-199, 98, 410]
[-199, 98, 411]
[-199, 98, 413]
[-199, 98, 414]
[-199, 98, 415]
[-199, 98, 416]
[-199, 98, 418]
[-199, 98, 419]
[-199, 98, 420]
[-199, 98, 421]
[-199, 98, 422]
[-199, 98, 424]
[-199, 98, 425]
[-199, 99, 426]
[-199, 99, 427]
[-199, 99, 429]
[-199, 99, 430]
[-199, 99, 431]
[-200, 99, 432]
[-200, 99, 433]
[-200, 99, 435]
[-200, 99, 436]
[-200, 100, 437]
[-200, 100, 438]
[-200, 100, 439]
[-200, 100, 440]
[-200, 100, 442]
[-200, 100, 443]
[-200, 100, 444]
[-200, 101, 445]
[-200, 101, 446]
[-200, 101, 447]
[-199, 101, 448]
[-199, 101, 450]
[-199, 102, 451]
[-199, 102, 452]
[-199, 102, 453]
[-199, 102, 454]
[-199, 102, 455]
[-199, 103, 456]
[-199, 103, 457]
[-199, 103, 458]
[-199, 103, 459]
[-198, 104, 460]
[-198, 104, 461]
[-198, 104, 463]
[-198, 104, 464]
[-198, 105, 465]
[-198, 105, 466]
[-198, 105, 467]
[-197, 105, 468]
[-197, 106, 469]
[-197, 106, 470]
[-197, 106, 471]
[-197, 107, 472]
[-196, 107, 473]
[-196, 107, 474]
[-196, 108, 475]
[-196, 108, 476]
[-196, 108, 476]
[-195, 109, 477]
[-195, 109, 478]
[-195, 109, 479]
[-195, 110, 480]
[-194, 110, 481]
[-194, 110, 482]
[-194, 111, 483]
[-194, 111, 484]
[-193, 111, 485]
[-193, 112, 486]
[-193, 112, 486]
[-193, 112, 487]
[-192, 113, 488]
[-192, 113, 489]
[-192, 114, 490]
[-192, 114, 491]
[-191, 114, 491]
[-191, 115, 492]
[-191, 115, 493]
[-191, 115, 494]
[-191, 116, 495]
[-190, 116, 495]
[-190, 117, 496]
[-190, 117, 497]
[-190, 118, 498]
[-190, 118, 498]
[-190, 118, 499]
[-189, 119, 500]
[-189, 119, 500]
[-189, 120, 501]
[-189, 120, 502]
[-189, 121, 503]
[-189, 121, 503]
[-189, 121, 504]
[-189, 122, 504]
[-189, 122, 505]
[-189, 123, 506]
[-189, 123, 506]
[-189, 124, 507]
[-189, 124, 508]
[-189, 125, 508]
[-189, 125, 509]
[-189, 126, 509]
[-190, 126, 510]
[-190, 127, 510]
[-190, 127, 511]
[-190, 128, 511]
[-190, 128, 512]
[-191, 129, 512]
[-191, 129, 513]
[-191, 130, 513]
[-192, 130, 514]
[-192, 131, 514]
[-192, 131, 515]
[-193, 132, 515]
[-193, 132, 516]
[-194, 133, 516]
[-194, 133, 516]
[-195, 134, 517]
[-195, 134, 517]
[-196, 135, 518]
[-197, 135, 518]
[-197, 136, 518]
[-198, 136, 519]
[-199, 137, 519]
[-199, 137, 519]
[-200, 138, 520]
[-201, 138, 520]
[-202, 139, 520]
[-203, 139, 521]
[-203, 140, 521]
[-204, 140, 521]
[-205, 141, 521]
[-206, 142, 521]
[-207, 142, 522]
[-208, 143, 522]
[-209, 143, 522]
[-210, 144, 522]
[-211, 144, 522]
[-213, 145, 523]
[-214, 145, 523]
[-215, 146, 523]
[-216, 146, 523]
[-217, 147, 523]
[-218, 148, 523]
[-220, 148, 523]
[-221, 149, 523]
[-222, 149, 524]
[-224, 150, 524]
[-225, 150, 524]
[-226, 151, 524]
[-228, 152, 524]
[-229, 152, 524]
[-231, 153, 524]
[-232, 153, 524]
[-234, 154, 524]
[-235, 154, 524]
[-237, 155, 524]
[-238, 156, 524]
[-240, 156, 523]
[-241, 157, 523]
[-243, 157, 523]
[-244, 158, 523]
[-246, 158, 523]
[-247, 159, 523]
[-249, 160, 523]
[-251, 160, 523]
[-252, 161, 523]
[-254, 161, 522]
[-255, 162, 522]
[-257, 162, 522]
[-259, 163, 522]
[-260, 164, 522]
[-262, 164, 521]
[-264, 165, 521]
[-265, 165, 521]
[-267, 166, 521]
[-269, 166, 520]
[-270, 167, 520]
[-272, 168, 520]
[-274, 168, 519]
[-275, 169, 519]
[-277, 169, 519]
[-278, 170, 518]
[-280, 170, 518]
[-282, 171, 518]
[-283, 172, 517]
[-285, 172, 517]
[-286, 173, 517]
[-288, 173, 516]
[-289, 174, 516]
[-291, 174, 515]
[-292, 175, 515]
[-294, 176, 514]
[-295, 176, 514]
[-297, 177, 514]
[-298, 177, 513]
[-300, 178, 513]
[-301, 178, 512]
[-303, 179, 512]
[-304, 180, 511]
[-305, 180, 510]
[-307, 181, 510]
[-308, 181, 509]
[-309, 182, 509]
[-311, 182, 508]
[-312, 183, 508]
[-313, 184, 507]
[-314, 184, 506]
[-315, 185, 506]
[-316, 185, 505]
[-318, 186, 505]
[-319, 186, 504]
[-320, 187, 503]
[-321, 187, 503]
[-322, 188, 502]
[-323, 188, 501]
[-324, 189, 500]
[-325, 190, 500]
[-326, 190, 499]
[-326, 191, 498]
[-327, 191, 498]
[-328, 192, 497]
[-329, 192, 496]
[-330, 193, 495]
[-330, 193, 495]
[-331, 194, 494]
[-332, 194, 493]
[-332, 195, 492]
[-333, 195, 491]
[-334, 196, 491]
[-334, 196, 490]
[-335, 197, 489]
[-335, 197, 488]
[-336, 198, 487]
[-336, 198, 486]
[-337, 199, 485]
[-337, 199, 485]
[-337, 200, 484]
[-338, 200, 483]
[-338, 201, 482]
[-338, 201, 481]
[-339, 202, 480]
[-339, 202, 479]
[-339, 203, 478]
[-339, 203, 477]
[-339, 204, 476]
[-340, 204, 475]
[-340, 205, 474]
[-340, 205, 473]
[-340, 206, 472]
[-340, 206, 471]
[-340, 207, 470]
[-340, 207, 469]
[-340, 208, 468]
[-340, 208, 467]
[-340, 209, 466]
[-340, 209, 465]
[-340, 209, 464]
[-340, 210, 463]
[-340, 210, 462]
[-340, 211, 461]
[-340, 211, 460]
[-339, 212, 459]
[-339, 212, 458]
[-339, 212, 457]
[-339, 213, 455]
[-339, 213, 454]
[-339, 214, 453]
[-338, 214, 452]
[-338, 215, 451]
[-338, 215, 450]
[-338, 215, 449]
[-338, 216, 448]
[-337, 216, 446]
[-337, 216, 445]
[-337, 217, 444]
[-337, 217, 443]
[-336, 218, 442]
[-336, 218, 441]
[-336, 218, 439]
[-336, 219, 438]
[-335, 219, 437]
[-335, 219, 436]
[-335, 220, 435]
[-335, 220, 433]
[-334, 220, 432]
[-334, 221, 431]
[-334, 221, 430]
[-334, 221, 429]
[-333, 222, 427]
[-333, 222, 426]
[-333, 222, 425]
[-333, 223, 424]
[-333, 223, 422]
[-332, 223, 421]
[-332, 224, 420]
[-332, 224, 419]
[-332, 224, 417]
[-332, 225, 416]
[-331, 225, 415]
[-331, 225, 414]
[-331, 225, 412]
[-331, 226, 411]
[-331, 226, 410]
[-331, 226, 409]
[-331, 226, 407]
[-330, 227, 406]
[-330, 227, 405]
[-330, 227, 403]
[-330, 227, 402]
[-330, 228, 401]
[-330, 228, 400]
[-330, 228, 398]
[-330, 228, 397]
[-330, 228, 396]
[-330, 229, 394]
[-330, 229, 393]
[-329, 229, 392]
[-329, 229, 391]
[-329, 229, 389]
[-329, 230, 388]
[-329, 230, 387]
[-329, 230, 385]
[-329, 230, 384]
[-329, 230, 383]
[-329, 230, 382]
[-329, 230, 380]
[-329, 231, 379]
[-329, 231, 378]
[-329, 231, 376]
[-329, 231, 375]
[-330, 231, 374]
[-330, 231, 372]
[-330, 231, 371]
[-330, 231, 370]
[-330, 231, 369]
[-330, 232, 367]
[-330, 232, 366]
[-330, 232, 365]
[-330, 232, 363]
[-330, 232, 362]
[-330, 232, 361]
[-330, 232, 360]
[-330, 232, 358]
[-330, 232, 357]
[-330, 232, 356]
[-330, 232, 355]
[-330, 232, 353]
[-330, 232, 352]
