# Curve Parameters
# y_end: 234
# loops: 1
# A (south bulge): 120
# B (lateral wiggle): 40
# samples: 350
#
# Analysis Results
# max_grade: 0.951431
# length_3d: 369.63
# length_2d: 337.06
# min_horiz_step: 0.199709
# status: OK
#
# Coordinates (x, y, z)
#==================================================

[-199, 98, 410]
[-199, 98, 411]
[-199, 98, 412]
[-199, 98, 413]
[-199, 98, 414]
[-199, 98, 415]
[-199, 98, 416]
[-199, 98, 417]
[-199, 98, 419]
[-199, 98, 420]
[-199, 98, 421]
[-199, 98, 422]
[-199, 98, 423]
[-199, 99, 424]
[-199, 99, 425]
[-200, 99, 426]
[-200, 99, 427]
[-200, 99, 428]
[-200, 99, 429]
[-200, 99, 430]
[-200, 99, 431]
[-200, 99, 432]
[-200, 100, 433]
[-200, 100, 434]
[-200, 100, 435]
[-200, 100, 436]
[-200, 100, 437]
[-200, 100, 438]
[-200, 100, 439]
[-200, 101, 440]
[-200, 101, 441]
[-200, 101, 442]
[-200, 101, 443]
[-200, 101, 444]
[-200, 102, 445]
[-200, 102, 446]
[-200, 102, 446]
[-200, 102, 447]
[-200, 102, 448]
[-200, 103, 449]
[-200, 103, 450]
[-200, 103, 451]
[-200, 103, 452]
[-200, 104, 453]
[-200, 104, 454]
[-200, 104, 455]
[-200, 104, 456]
[-200, 105, 456]
[-200, 105, 457]
[-200, 105, 458]
[-200, 106, 459]
[-200, 106, 460]
[-200, 106, 461]
[-200, 106, 461]
[-200, 107, 462]
[-200, 107, 463]
[-200, 107, 464]
[-200, 108, 465]
[-200, 108, 466]
[-200, 108, 466]
[-200, 109, 467]
[-200, 109, 468]
[-200, 109, 469]
[-200, 110, 469]
[-200, 110, 470]
[-200, 110, 471]
[-200, 111, 472]
[-200, 111, 472]
[-200, 111, 473]
[-200, 112, 474]
[-199, 112, 475]
[-199, 113, 475]
[-199, 113, 476]
[-199, 113, 477]
[-199, 114, 477]
[-199, 114, 478]
[-199, 115, 479]
[-199, 115, 479]
[-199, 115, 480]
[-199, 116, 481]
[-199, 116, 481]
[-199, 117, 482]
[-199, 117, 483]
[-199, 117, 483]
[-199, 118, 484]
[-199, 118, 484]
[-199, 119, 485]
[-199, 119, 486]
[-200, 120, 486]
[-200, 120, 487]
[-200, 120, 487]
[-200, 121, 488]
[-200, 121, 488]
[-200, 122, 489]
[-200, 122, 489]
[-200, 123, 490]
[-200, 123, 491]
[-201, 124, 491]
[-201, 124, 492]
[-201, 125, 492]
[-201, 125, 492]
[-201, 126, 493]
[-202, 126, 493]
[-202, 127, 494]
[-202, 127, 494]
[-202, 128, 495]
[-203, 128, 495]
[-203, 129, 496]
[-203, 129, 496]
[-204, 130, 496]
[-204, 130, 497]
[-205, 131, 497]
[-205, 131, 497]
[-205, 132, 498]
[-206, 132, 498]
[-206, 133, 498]
[-207, 133, 499]
[-207, 134, 499]
[-208, 134, 499]
[-208, 135, 500]
[-209, 135, 500]
[-210, 136, 500]
[-210, 136, 501]
[-211, 137, 501]
[-211, 137, 501]
[-212, 138, 501]
[-213, 138, 502]
[-213, 139, 502]
[-214, 139, 502]
[-215, 140, 502]
[-216, 141, 502]
[-216, 141, 503]
[-217, 142, 503]
[-218, 142, 503]
[-219, 143, 503]
[-220, 143, 503]
[-221, 144, 503]
[-221, 144, 503]
[-222, 145, 504]
[-223, 146, 504]
[-224, 146, 504]
[-225, 147, 504]
[-226, 147, 504]
[-227, 148, 504]
[-228, 148, 504]
[-229, 149, 504]
[-230, 149, 504]
[-231, 150, 504]
[-232, 151, 504]
[-233, 151, 504]
[-235, 152, 504]
[-236, 152, 504]
[-237, 153, 504]
[-238, 153, 504]
[-239, 154, 504]
[-240, 155, 504]
[-241, 155, 504]
[-243, 156, 504]
[-244, 156, 504]
[-245, 157, 504]
[-246, 158, 504]
[-247, 158, 503]
[-249, 159, 503]
[-250, 159, 503]
[-251, 160, 503]
[-252, 160, 503]
[-254, 161, 503]
[-255, 162, 503]
[-256, 162, 502]
[-257, 163, 502]
[-259, 163, 502]
[-260, 164, 502]
[-261, 165, 502]
[-263, 165, 501]
[-264, 166, 501]
[-265, 166, 501]
[-266, 167, 501]
[-268, 167, 500]
[-269, 168, 500]
[-270, 169, 500]
[-272, 169, 499]
[-273, 170, 499]
[-274, 170, 499]
[-275, 171, 499]
[-277, 172, 498]
[-278, 172, 498]
[-279, 173, 497]
[-280, 173, 497]
[-282, 174, 497]
[-283, 174, 496]
[-284, 175, 496]
[-285, 176, 496]
[-286, 176, 495]
[-288, 177, 495]
[-289, 177, 494]
[-290, 178, 494]
[-291, 179, 493]
[-292, 179, 493]
[-293, 180, 493]
[-294, 180, 492]
[-296, 181, 492]
[-297, 181, 491]
[-298, 182, 491]
[-299, 183, 490]
[-300, 183, 490]
[-301, 184, 489]
[-302, 184, 488]
[-303, 185, 488]
[-304, 185, 487]
[-305, 186, 487]
[-306, 186, 486]
[-307, 187, 486]
[-308, 188, 485]
[-308, 188, 484]
[-309, 189, 484]
[-310, 189, 483]
[-311, 190, 483]
[-312, 190, 482]
[-313, 191, 481]
[-313, 191, 481]
[-314, 192, 480]
[-315, 193, 479]
[-316, 193, 479]
[-316, 194, 478]
[-317, 194, 477]
[-318, 195, 477]
[-318, 195, 476]
[-319, 196, 475]
[-319, 196, 474]
[-320, 197, 474]
[-321, 197, 473]
[-321, 198, 472]
[-322, 198, 471]
[-322, 199, 471]
[-323, 199, 470]
[-323, 200, 469]
[-324, 200, 468]
[-324, 201, 468]
[-324, 201, 467]
[-325, 202, 466]
[-325, 202, 465]
[-326, 203, 464]
[-326, 203, 464]
[-326, 204, 463]
[-327, 204, 462]
[-327, 205, 461]
[-327, 205, 460]
[-327, 206, 459]
[-328, 206, 458]
[-328, 207, 458]
[-328, 207, 457]
[-328, 208, 456]
[-328, 208, 455]
[-329, 209, 454]
[-329, 209, 453]
[-329, 210, 452]
[-329, 210, 451]
[-329, 211, 450]
[-329, 211, 449]
[-329, 212, 449]
[-329, 212, 448]
[-329, 212, 447]
[-330, 213, 446]
[-330, 213, 445]
[-330, 214, 444]
[-330, 214, 443]
[-330, 215, 442]
[-330, 215, 441]
[-330, 215, 440]
[-330, 216, 439]
[-330, 216, 438]
[-330, 217, 437]
[-330, 217, 436]
[-330, 217, 435]
[-330, 218, 434]
[-330, 218, 433]
[-330, 219, 432]
[-330, 219, 431]
[-330, 219, 430]
[-330, 220, 429]
[-329, 220, 428]
[-329, 221, 427]
[-329, 221, 426]
[-329, 221, 425]
[-329, 222, 424]
[-329, 222, 423]
[-329, 222, 421]
[-329, 223, 420]
[-329, 223, 419]
[-329, 223, 418]
[-329, 224, 417]
[-329, 224, 416]
[-329, 224, 415]
[-329, 225, 414]
[-329, 225, 413]
[-329, 225, 412]
[-329, 226, 411]
[-329, 226, 410]
[-329, 226, 409]
[-329, 226, 407]
[-329, 227, 406]
[-329, 227, 405]
[-329, 227, 404]
[-329, 228, 403]
[-329, 228, 402]
[-329, 228, 401]
[-329, 228, 400]
[-329, 229, 399]
[-329, 229, 398]
[-329, 229, 396]
[-329, 229, 395]
[-329, 230, 394]
[-329, 230, 393]
[-329, 230, 392]
[-329, 230, 391]
[-329, 230, 390]
[-329, 231, 389]
[-329, 231, 387]
[-329, 231, 386]
[-329, 231, 385]
[-329, 231, 384]
[-329, 232, 383]
[-329, 232, 382]
[-329, 232, 381]
[-329, 232, 380]
[-329, 232, 379]
[-329, 232, 377]
[-329, 232, 376]
[-329, 233, 375]
[-329, 233, 374]
[-329, 233, 373]
[-329, 233, 372]
[-329, 233, 371]
[-329, 233, 370]
[-329, 233, 368]
[-330, 233, 367]
[-330, 233, 366]
[-330, 234, 365]
[-330, 234, 364]
[-330, 234, 363]
[-330, 234, 362]
[-330, 234, 361]
[-330, 234, 360]
[-330, 234, 359]
[-330, 234, 357]
[-330, 234, 356]
[-330, 234, 355]
[-330, 234, 354]
[-330, 234, 353]
[-330, 234, 352]
