# Curve Parameters
# y_end: 232
# loops: 1
# A (south bulge): 140
# B (lateral wiggle): 40
# samples: 350
#
# Analysis Results
# max_grade: 0.813296
# length_3d: 402.82
# length_2d: 373.34
# min_horiz_step: 0.235202
# status: OK
#
# Coordinates (x, y, z)
#==================================================

[-199, 98, 410]
[-199, 98, 411]
[-199, 98, 413]
[-199, 98, 414]
[-199, 98, 415]
[-199, 98, 416]
[-199, 98, 418]
[-199, 98, 419]
[-199, 98, 420]
[-199, 98, 421]
[-199, 98, 422]
[-199, 98, 424]
[-199, 98, 425]
[-199, 99, 426]
[-199, 99, 427]
[-200, 99, 429]
[-200, 99, 430]
[-200, 99, 431]
[-200, 99, 432]
[-200, 99, 433]
[-200, 99, 435]
[-200, 99, 436]
[-200, 100, 437]
[-200, 100, 438]
[-200, 100, 439]
[-200, 100, 440]
[-200, 100, 442]
[-200, 100, 443]
[-200, 100, 444]
[-200, 101, 445]
[-200, 101, 446]
[-200, 101, 447]
[-200, 101, 448]
[-200, 101, 450]
[-200, 102, 451]
[-200, 102, 452]
[-200, 102, 453]
[-200, 102, 454]
[-200, 102, 455]
[-200, 103, 456]
[-200, 103, 457]
[-200, 103, 458]
[-200, 103, 459]
[-200, 104, 460]
[-200, 104, 461]
[-200, 104, 463]
[-200, 104, 464]
[-200, 105, 465]
[-200, 105, 466]
[-200, 105, 467]
[-200, 105, 468]
[-200, 106, 469]
[-200, 106, 470]
[-200, 106, 471]
[-200, 107, 472]
[-200, 107, 473]
[-200, 107, 474]
[-200, 108, 475]
[-200, 108, 476]
[-200, 108, 476]
[-200, 109, 477]
[-200, 109, 478]
[-200, 109, 479]
[-200, 110, 480]
[-200, 110, 481]
[-200, 110, 482]
[-200, 111, 483]
[-200, 111, 484]
[-200, 111, 485]
[-200, 112, 486]
[-199, 112, 486]
[-199, 112, 487]
[-199, 113, 488]
[-199, 113, 489]
[-199, 114, 490]
[-199, 114, 491]
[-199, 114, 491]
[-199, 115, 492]
[-199, 115, 493]
[-199, 115, 494]
[-199, 116, 495]
[-199, 116, 495]
[-199, 117, 496]
[-199, 117, 497]
[-199, 118, 498]
[-199, 118, 498]
[-199, 118, 499]
[-199, 119, 500]
[-200, 119, 500]
[-200, 120, 501]
[-200, 120, 502]
[-200, 121, 503]
[-200, 121, 503]
[-200, 121, 504]
[-200, 122, 504]
[-200, 122, 505]
[-200, 123, 506]
[-201, 123, 506]
[-201, 124, 507]
[-201, 124, 508]
[-201, 125, 508]
[-201, 125, 509]
[-202, 126, 509]
[-202, 126, 510]
[-202, 127, 510]
[-202, 127, 511]
[-203, 128, 511]
[-203, 128, 512]
[-203, 129, 512]
[-204, 129, 513]
[-204, 130, 513]
[-205, 130, 514]
[-205, 131, 514]
[-205, 131, 515]
[-206, 132, 515]
[-206, 132, 516]
[-207, 133, 516]
[-207, 133, 516]
[-208, 134, 517]
[-208, 134, 517]
[-209, 135, 518]
[-210, 135, 518]
[-210, 136, 518]
[-211, 136, 519]
[-211, 137, 519]
[-212, 137, 519]
[-213, 138, 520]
[-213, 138, 520]
[-214, 139, 520]
[-215, 139, 521]
[-216, 140, 521]
[-216, 140, 521]
[-217, 141, 521]
[-218, 142, 521]
[-219, 142, 522]
[-220, 143, 522]
[-221, 143, 522]
[-221, 144, 522]
[-222, 144, 522]
[-223, 145, 523]
[-224, 145, 523]
[-225, 146, 523]
[-226, 146, 523]
[-227, 147, 523]
[-228, 148, 523]
[-229, 148, 523]
[-230, 149, 523]
[-231, 149, 524]
[-232, 150, 524]
[-233, 150, 524]
[-235, 151, 524]
[-236, 152, 524]
[-237, 152, 524]
[-238, 153, 524]
[-239, 153, 524]
[-240, 154, 524]
[-241, 154, 524]
[-243, 155, 524]
[-244, 156, 524]
[-245, 156, 523]
[-246, 157, 523]
[-247, 157, 523]
[-249, 158, 523]
[-250, 158, 523]
[-251, 159, 523]
[-252, 160, 523]
[-254, 160, 523]
[-255, 161, 523]
[-256, 161, 522]
[-257, 162, 522]
[-259, 162, 522]
[-260, 163, 522]
[-261, 164, 522]
[-263, 164, 521]
[-264, 165, 521]
[-265, 165, 521]
[-266, 166, 521]
[-268, 166, 520]
[-269, 167, 520]
[-270, 168, 520]
[-272, 168, 519]
[-273, 169, 519]
[-274, 169, 519]
[-275, 170, 518]
[-277, 170, 518]
[-278, 171, 518]
[-279, 172, 517]
[-280, 172, 517]
[-282, 173, 517]
[-283, 173, 516]
[-284, 174, 516]
[-285, 174, 515]
[-286, 175, 515]
[-288, 176, 514]
[-289, 176, 514]
[-290, 177, 514]
[-291, 177, 513]
[-292, 178, 513]
[-293, 178, 512]
[-294, 179, 512]
[-296, 180, 511]
[-297, 180, 510]
[-298, 181, 510]
[-299, 181, 509]
[-300, 182, 509]
[-301, 182, 508]
[-302, 183, 508]
[-303, 184, 507]
[-304, 184, 506]
[-305, 185, 506]
[-306, 185, 505]
[-307, 186, 505]
[-308, 186, 504]
[-308, 187, 503]
[-309, 187, 503]
[-310, 188, 502]
[-311, 188, 501]
[-312, 189, 500]
[-313, 190, 500]
[-313, 190, 499]
[-314, 191, 498]
[-315, 191, 498]
[-316, 192, 497]
[-316, 192, 496]
[-317, 193, 495]
[-318, 193, 495]
[-318, 194, 494]
[-319, 194, 493]
[-319, 195, 492]
[-320, 195, 491]
[-321, 196, 491]
[-321, 196, 490]
[-322, 197, 489]
[-322, 197, 488]
[-323, 198, 487]
[-323, 198, 486]
[-324, 199, 485]
[-324, 199, 485]
[-324, 200, 484]
[-325, 200, 483]
[-325, 201, 482]
[-326, 201, 481]
[-326, 202, 480]
[-326, 202, 479]
[-327, 203, 478]
[-327, 203, 477]
[-327, 204, 476]
[-327, 204, 475]
[-328, 205, 474]
[-328, 205, 473]
[-328, 206, 472]
[-328, 206, 471]
[-328, 207, 470]
[-329, 207, 469]
[-329, 208, 468]
[-329, 208, 467]
[-329, 209, 466]
[-329, 209, 465]
[-329, 209, 464]
[-329, 210, 463]
[-329, 210, 462]
[-329, 211, 461]
[-330, 211, 460]
[-330, 212, 459]
[-330, 212, 458]
[-330, 212, 457]
[-330, 213, 455]
[-330, 213, 454]
[-330, 214, 453]
[-330, 214, 452]
[-330, 215, 451]
[-330, 215, 450]
[-330, 215, 449]
[-330, 216, 448]
[-330, 216, 446]
[-330, 216, 445]
[-330, 217, 444]
[-330, 217, 443]
[-330, 218, 442]
[-330, 218, 441]
[-329, 218, 439]
[-329, 219, 438]
[-329, 219, 437]
[-329, 219, 436]
[-329, 220, 435]
[-329, 220, 433]
[-329, 220, 432]
[-329, 221, 431]
[-329, 221, 430]
[-329, 221, 429]
[-329, 222, 427]
[-329, 222, 426]
[-329, 222, 425]
[-329, 223, 424]
[-329, 223, 422]
[-329, 223, 421]
[-329, 224, 420]
[-329, 224, 419]
[-329, 224, 417]
[-329, 225, 416]
[-329, 225, 415]
[-329, 225, 414]
[-329, 225, 412]
[-329, 226, 411]
[-329, 226, 410]
[-329, 226, 409]
[-329, 226, 407]
[-329, 227, 406]
[-329, 227, 405]
[-329, 227, 403]
[-329, 227, 402]
[-329, 228, 401]
[-329, 228, 400]
[-329, 228, 398]
[-329, 228, 397]
[-329, 228, 396]
[-329, 229, 394]
[-329, 229, 393]
[-329, 229, 392]
[-329, 229, 391]
[-329, 229, 389]
[-329, 230, 388]
[-329, 230, 387]
[-329, 230, 385]
[-329, 230, 384]
[-329, 230, 383]
[-329, 230, 382]
[-329, 230, 380]
[-329, 231, 379]
[-329, 231, 378]
[-329, 231, 376]
[-329, 231, 375]
[-329, 231, 374]
[-329, 231, 372]
[-329, 231, 371]
[-330, 231, 370]
[-330, 231, 369]
[-330, 232, 367]
[-330, 232, 366]
[-330, 232, 365]
[-330, 232, 363]
[-330, 232, 362]
[-330, 232, 361]
[-330, 232, 360]
[-330, 232, 358]
[-330, 232, 357]
[-330, 232, 356]
[-330, 232, 355]
[-330, 232, 353]
[-330, 232, 352]
