# Curve Parameters
# y_end: 226
# loops: 1
# A (south bulge): 120
# B (lateral wiggle): 20
# samples: 350
#
# Analysis Results
# max_grade: 0.827536
# length_3d: 347.86
# length_2d: 316.42
# min_horiz_step: 0.222167
# status: OK
#
# Coordinates (x, y, z)
#==================================================

[-199, 98, 410]
[-199, 98, 411]
[-199, 98, 412]
[-199, 98, 413]
[-199, 98, 414]
[-199, 98, 415]
[-199, 98, 416]
[-199, 98, 417]
[-199, 98, 419]
[-199, 98, 420]
[-199, 98, 421]
[-199, 98, 422]
[-199, 98, 423]
[-199, 99, 424]
[-200, 99, 425]
[-200, 99, 426]
[-200, 99, 427]
[-200, 99, 428]
[-200, 99, 429]
[-200, 99, 430]
[-200, 99, 431]
[-200, 99, 432]
[-200, 99, 433]
[-200, 100, 434]
[-200, 100, 435]
[-200, 100, 436]
[-201, 100, 437]
[-201, 100, 438]
[-201, 100, 439]
[-201, 101, 440]
[-201, 101, 441]
[-201, 101, 442]
[-201, 101, 443]
[-201, 101, 444]
[-201, 101, 445]
[-202, 102, 446]
[-202, 102, 446]
[-202, 102, 447]
[-202, 102, 448]
[-202, 102, 449]
[-202, 103, 450]
[-202, 103, 451]
[-202, 103, 452]
[-202, 103, 453]
[-203, 104, 454]
[-203, 104, 455]
[-203, 104, 456]
[-203, 104, 456]
[-203, 105, 457]
[-203, 105, 458]
[-203, 105, 459]
[-203, 105, 460]
[-204, 106, 461]
[-204, 106, 461]
[-204, 106, 462]
[-204, 107, 463]
[-204, 107, 464]
[-204, 107, 465]
[-204, 107, 466]
[-204, 108, 466]
[-205, 108, 467]
[-205, 108, 468]
[-205, 109, 469]
[-205, 109, 469]
[-205, 109, 470]
[-205, 110, 471]
[-205, 110, 472]
[-206, 110, 472]
[-206, 111, 473]
[-206, 111, 474]
[-206, 111, 475]
[-206, 112, 475]
[-206, 112, 476]
[-207, 112, 477]
[-207, 113, 477]
[-207, 113, 478]
[-207, 114, 479]
[-207, 114, 479]
[-207, 114, 480]
[-208, 115, 481]
[-208, 115, 481]
[-208, 115, 482]
[-208, 116, 483]
[-208, 116, 483]
[-209, 117, 484]
[-209, 117, 484]
[-209, 117, 485]
[-209, 118, 486]
[-210, 118, 486]
[-210, 119, 487]
[-210, 119, 487]
[-210, 120, 488]
[-211, 120, 488]
[-211, 120, 489]
[-211, 121, 489]
[-212, 121, 490]
[-212, 122, 491]
[-212, 122, 491]
[-212, 123, 492]
[-213, 123, 492]
[-213, 124, 492]
[-213, 124, 493]
[-214, 124, 493]
[-214, 125, 494]
[-215, 125, 494]
[-215, 126, 495]
[-215, 126, 495]
[-216, 127, 496]
[-216, 127, 496]
[-217, 128, 496]
[-217, 128, 497]
[-217, 129, 497]
[-218, 129, 497]
[-218, 130, 498]
[-219, 130, 498]
[-219, 131, 498]
[-220, 131, 499]
[-220, 132, 499]
[-221, 132, 499]
[-221, 132, 500]
[-222, 133, 500]
[-222, 133, 500]
[-223, 134, 501]
[-224, 134, 501]
[-224, 135, 501]
[-225, 135, 501]
[-225, 136, 502]
[-226, 137, 502]
[-227, 137, 502]
[-227, 138, 502]
[-228, 138, 502]
[-228, 139, 503]
[-229, 139, 503]
[-230, 140, 503]
[-230, 140, 503]
[-231, 141, 503]
[-232, 141, 503]
[-233, 142, 503]
[-233, 142, 504]
[-234, 143, 504]
[-235, 143, 504]
[-236, 144, 504]
[-236, 144, 504]
[-237, 145, 504]
[-238, 145, 504]
[-239, 146, 504]
[-239, 146, 504]
[-240, 147, 504]
[-241, 148, 504]
[-242, 148, 504]
[-243, 149, 504]
[-243, 149, 504]
[-244, 150, 504]
[-245, 150, 504]
[-246, 151, 504]
[-247, 151, 504]
[-248, 152, 504]
[-249, 152, 504]
[-250, 153, 504]
[-250, 153, 504]
[-251, 154, 504]
[-252, 155, 503]
[-253, 155, 503]
[-254, 156, 503]
[-255, 156, 503]
[-256, 157, 503]
[-257, 157, 503]
[-258, 158, 503]
[-259, 158, 502]
[-259, 159, 502]
[-260, 160, 502]
[-261, 160, 502]
[-262, 161, 502]
[-263, 161, 501]
[-264, 162, 501]
[-265, 162, 501]
[-266, 163, 501]
[-267, 163, 500]
[-268, 164, 500]
[-269, 164, 500]
[-270, 165, 499]
[-270, 166, 499]
[-271, 166, 499]
[-272, 167, 499]
[-273, 167, 498]
[-274, 168, 498]
[-275, 168, 497]
[-276, 169, 497]
[-277, 169, 497]
[-278, 170, 496]
[-279, 171, 496]
[-279, 171, 496]
[-280, 172, 495]
[-281, 172, 495]
[-282, 173, 494]
[-283, 173, 494]
[-284, 174, 493]
[-285, 174, 493]
[-286, 175, 493]
[-286, 175, 492]
[-287, 176, 492]
[-288, 176, 491]
[-289, 177, 491]
[-290, 178, 490]
[-290, 178, 490]
[-291, 179, 489]
[-292, 179, 488]
[-293, 180, 488]
[-293, 180, 487]
[-294, 181, 487]
[-295, 181, 486]
[-296, 182, 486]
[-296, 182, 485]
[-297, 183, 484]
[-298, 183, 484]
[-299, 184, 483]
[-299, 184, 483]
[-300, 185, 482]
[-301, 185, 481]
[-301, 186, 481]
[-302, 186, 480]
[-302, 187, 479]
[-303, 187, 479]
[-304, 188, 478]
[-304, 189, 477]
[-305, 189, 477]
[-305, 190, 476]
[-306, 190, 475]
[-307, 191, 474]
[-307, 191, 474]
[-308, 192, 473]
[-308, 192, 472]
[-309, 192, 471]
[-309, 193, 471]
[-310, 193, 470]
[-310, 194, 469]
[-311, 194, 468]
[-311, 195, 468]
[-312, 195, 467]
[-312, 196, 466]
[-312, 196, 465]
[-313, 197, 464]
[-313, 197, 464]
[-314, 198, 463]
[-314, 198, 462]
[-314, 199, 461]
[-315, 199, 460]
[-315, 200, 459]
[-316, 200, 458]
[-316, 200, 458]
[-316, 201, 457]
[-317, 201, 456]
[-317, 202, 455]
[-317, 202, 454]
[-317, 203, 453]
[-318, 203, 452]
[-318, 204, 451]
[-318, 204, 450]
[-319, 204, 449]
[-319, 205, 449]
[-319, 205, 448]
[-319, 206, 447]
[-320, 206, 446]
[-320, 207, 445]
[-320, 207, 444]
[-320, 207, 443]
[-321, 208, 442]
[-321, 208, 441]
[-321, 209, 440]
[-321, 209, 439]
[-321, 209, 438]
[-322, 210, 437]
[-322, 210, 436]
[-322, 210, 435]
[-322, 211, 434]
[-322, 211, 433]
[-322, 212, 432]
[-323, 212, 431]
[-323, 212, 430]
[-323, 213, 429]
[-323, 213, 428]
[-323, 213, 427]
[-323, 214, 426]
[-324, 214, 425]
[-324, 214, 424]
[-324, 215, 423]
[-324, 215, 421]
[-324, 215, 420]
[-324, 216, 419]
[-324, 216, 418]
[-325, 216, 417]
[-325, 217, 416]
[-325, 217, 415]
[-325, 217, 414]
[-325, 217, 413]
[-325, 218, 412]
[-325, 218, 411]
[-325, 218, 410]
[-326, 219, 409]
[-326, 219, 407]
[-326, 219, 406]
[-326, 219, 405]
[-326, 220, 404]
[-326, 220, 403]
[-326, 220, 402]
[-326, 220, 401]
[-327, 221, 400]
[-327, 221, 399]
[-327, 221, 398]
[-327, 221, 396]
[-327, 222, 395]
[-327, 222, 394]
[-327, 222, 393]
[-327, 222, 392]
[-327, 222, 391]
[-328, 223, 390]
[-328, 223, 389]
[-328, 223, 387]
[-328, 223, 386]
[-328, 223, 385]
[-328, 223, 384]
[-328, 224, 383]
[-328, 224, 382]
[-328, 224, 381]
[-329, 224, 380]
[-329, 224, 379]
[-329, 224, 377]
[-329, 225, 376]
[-329, 225, 375]
[-329, 225, 374]
[-329, 225, 373]
[-329, 225, 372]
[-329, 225, 371]
[-329, 225, 370]
[-329, 225, 368]
[-329, 225, 367]
[-330, 225, 366]
[-330, 226, 365]
[-330, 226, 364]
[-330, 226, 363]
[-330, 226, 362]
[-330, 226, 361]
[-330, 226, 360]
[-330, 226, 359]
[-330, 226, 357]
[-330, 226, 356]
[-330, 226, 355]
[-330, 226, 354]
[-330, 226, 353]
[-330, 226, 352]
