# Curve Parameters
# y_end: 224
# loops: 1
# A (south bulge): 120
# B (lateral wiggle): 60
# samples: 350
#
# Analysis Results
# max_grade: 0.965228
# length_3d: 389.30
# length_2d: 362.92
# min_horiz_step: 0.182545
# status: OK
#
# Coordinates (x, y, z)
#==================================================

[-199, 98, 410]
[-199, 98, 411]
[-199, 98, 412]
[-199, 98, 413]
[-199, 98, 414]
[-199, 98, 415]
[-199, 98, 416]
[-199, 98, 417]
[-199, 98, 419]
[-199, 98, 420]
[-199, 98, 421]
[-199, 98, 422]
[-199, 98, 423]
[-199, 99, 424]
[-199, 99, 425]
[-199, 99, 426]
[-199, 99, 427]
[-199, 99, 428]
[-200, 99, 429]
[-200, 99, 430]
[-200, 99, 431]
[-200, 99, 432]
[-200, 99, 433]
[-200, 100, 434]
[-200, 100, 435]
[-200, 100, 436]
[-200, 100, 437]
[-200, 100, 438]
[-200, 100, 439]
[-200, 100, 440]
[-200, 101, 441]
[-200, 101, 442]
[-199, 101, 443]
[-199, 101, 444]
[-199, 101, 445]
[-199, 102, 446]
[-199, 102, 446]
[-199, 102, 447]
[-199, 102, 448]
[-199, 102, 449]
[-199, 103, 450]
[-199, 103, 451]
[-199, 103, 452]
[-198, 103, 453]
[-198, 104, 454]
[-198, 104, 455]
[-198, 104, 456]
[-198, 104, 456]
[-198, 104, 457]
[-198, 105, 458]
[-197, 105, 459]
[-197, 105, 460]
[-197, 106, 461]
[-197, 106, 461]
[-197, 106, 462]
[-196, 106, 463]
[-196, 107, 464]
[-196, 107, 465]
[-196, 107, 466]
[-196, 108, 466]
[-195, 108, 467]
[-195, 108, 468]
[-195, 109, 469]
[-195, 109, 469]
[-194, 109, 470]
[-194, 109, 471]
[-194, 110, 472]
[-194, 110, 472]
[-193, 110, 473]
[-193, 111, 474]
[-193, 111, 475]
[-193, 112, 475]
[-192, 112, 476]
[-192, 112, 477]
[-192, 113, 477]
[-192, 113, 478]
[-191, 113, 479]
[-191, 114, 479]
[-191, 114, 480]
[-191, 114, 481]
[-191, 115, 481]
[-190, 115, 482]
[-190, 116, 483]
[-190, 116, 483]
[-190, 116, 484]
[-190, 117, 484]
[-190, 117, 485]
[-189, 118, 486]
[-189, 118, 486]
[-189, 118, 487]
[-189, 119, 487]
[-189, 119, 488]
[-189, 120, 488]
[-189, 120, 489]
[-189, 120, 489]
[-189, 121, 490]
[-189, 121, 491]
[-189, 122, 491]
[-189, 122, 492]
[-189, 123, 492]
[-189, 123, 492]
[-189, 124, 493]
[-189, 124, 493]
[-190, 124, 494]
[-190, 125, 494]
[-190, 125, 495]
[-190, 126, 495]
[-190, 126, 496]
[-191, 127, 496]
[-191, 127, 496]
[-191, 128, 497]
[-192, 128, 497]
[-192, 129, 497]
[-192, 129, 498]
[-193, 130, 498]
[-193, 130, 498]
[-194, 131, 499]
[-194, 131, 499]
[-195, 131, 499]
[-195, 132, 500]
[-196, 132, 500]
[-197, 133, 500]
[-197, 133, 501]
[-198, 134, 501]
[-199, 134, 501]
[-199, 135, 501]
[-200, 135, 502]
[-201, 136, 502]
[-202, 136, 502]
[-203, 137, 502]
[-203, 137, 502]
[-204, 138, 503]
[-205, 138, 503]
[-206, 139, 503]
[-207, 139, 503]
[-208, 140, 503]
[-209, 140, 503]
[-210, 141, 503]
[-211, 142, 504]
[-213, 142, 504]
[-214, 143, 504]
[-215, 143, 504]
[-216, 144, 504]
[-217, 144, 504]
[-218, 145, 504]
[-220, 145, 504]
[-221, 146, 504]
[-222, 146, 504]
[-224, 147, 504]
[-225, 147, 504]
[-226, 148, 504]
[-228, 148, 504]
[-229, 149, 504]
[-231, 149, 504]
[-232, 150, 504]
[-234, 150, 504]
[-235, 151, 504]
[-237, 152, 504]
[-238, 152, 504]
[-240, 153, 504]
[-241, 153, 504]
[-243, 154, 503]
[-244, 154, 503]
[-246, 155, 503]
[-247, 155, 503]
[-249, 156, 503]
[-251, 156, 503]
[-252, 157, 503]
[-254, 157, 502]
[-255, 158, 502]
[-257, 159, 502]
[-259, 159, 502]
[-260, 160, 502]
[-262, 160, 501]
[-264, 161, 501]
[-265, 161, 501]
[-267, 162, 501]
[-269, 162, 500]
[-270, 163, 500]
[-272, 163, 500]
[-274, 164, 499]
[-275, 165, 499]
[-277, 165, 499]
[-278, 166, 499]
[-280, 166, 498]
[-282, 167, 498]
[-283, 167, 497]
[-285, 168, 497]
[-286, 168, 497]
[-288, 169, 496]
[-289, 169, 496]
[-291, 170, 496]
[-292, 170, 495]
[-294, 171, 495]
[-295, 172, 494]
[-297, 172, 494]
[-298, 173, 493]
[-300, 173, 493]
[-301, 174, 493]
[-303, 174, 492]
[-304, 175, 492]
[-305, 175, 491]
[-307, 176, 491]
[-308, 176, 490]
[-309, 177, 490]
[-311, 177, 489]
[-312, 178, 488]
[-313, 178, 488]
[-314, 179, 487]
[-315, 179, 487]
[-316, 180, 486]
[-318, 180, 486]
[-319, 181, 485]
[-320, 182, 484]
[-321, 182, 484]
[-322, 183, 483]
[-323, 183, 483]
[-324, 184, 482]
[-325, 184, 481]
[-326, 185, 481]
[-326, 185, 480]
[-327, 186, 479]
[-328, 186, 479]
[-329, 187, 478]
[-330, 187, 477]
[-330, 188, 477]
[-331, 188, 476]
[-332, 189, 475]
[-332, 189, 474]
[-333, 190, 474]
[-334, 190, 473]
[-334, 191, 472]
[-335, 191, 471]
[-335, 191, 471]
[-336, 192, 470]
[-336, 192, 469]
[-337, 193, 468]
[-337, 193, 468]
[-337, 194, 467]
[-338, 194, 466]
[-338, 195, 465]
[-338, 195, 464]
[-339, 196, 464]
[-339, 196, 463]
[-339, 197, 462]
[-339, 197, 461]
[-339, 198, 460]
[-340, 198, 459]
[-340, 198, 458]
[-340, 199, 458]
[-340, 199, 457]
[-340, 200, 456]
[-340, 200, 455]
[-340, 201, 454]
[-340, 201, 453]
[-340, 202, 452]
[-340, 202, 451]
[-340, 202, 450]
[-340, 203, 449]
[-340, 203, 449]
[-340, 204, 448]
[-340, 204, 447]
[-340, 204, 446]
[-339, 205, 445]
[-339, 205, 444]
[-339, 206, 443]
[-339, 206, 442]
[-339, 206, 441]
[-339, 207, 440]
[-338, 207, 439]
[-338, 208, 438]
[-338, 208, 437]
[-338, 208, 436]
[-338, 209, 435]
[-337, 209, 434]
[-337, 209, 433]
[-337, 210, 432]
[-337, 210, 431]
[-336, 210, 430]
[-336, 211, 429]
[-336, 211, 428]
[-336, 212, 427]
[-335, 212, 426]
[-335, 212, 425]
[-335, 213, 424]
[-335, 213, 423]
[-334, 213, 421]
[-334, 213, 420]
[-334, 214, 419]
[-334, 214, 418]
[-333, 214, 417]
[-333, 215, 416]
[-333, 215, 415]
[-333, 215, 414]
[-333, 216, 413]
[-332, 216, 412]
[-332, 216, 411]
[-332, 216, 410]
[-332, 217, 409]
[-332, 217, 407]
[-331, 217, 406]
[-331, 218, 405]
[-331, 218, 404]
[-331, 218, 403]
[-331, 218, 402]
[-331, 218, 401]
[-331, 219, 400]
[-330, 219, 399]
[-330, 219, 398]
[-330, 219, 396]
[-330, 220, 395]
[-330, 220, 394]
[-330, 220, 393]
[-330, 220, 392]
[-330, 220, 391]
[-330, 221, 390]
[-330, 221, 389]
[-330, 221, 387]
[-329, 221, 386]
[-329, 221, 385]
[-329, 222, 384]
[-329, 222, 383]
[-329, 222, 382]
[-329, 222, 381]
[-329, 222, 380]
[-329, 222, 379]
[-329, 222, 377]
[-329, 223, 376]
[-329, 223, 375]
[-329, 223, 374]
[-329, 223, 373]
[-329, 223, 372]
[-330, 223, 371]
[-330, 223, 370]
[-330, 223, 368]
[-330, 223, 367]
[-330, 223, 366]
[-330, 224, 365]
[-330, 224, 364]
[-330, 224, 363]
[-330, 224, 362]
[-330, 224, 361]
[-330, 224, 360]
[-330, 224, 359]
[-330, 224, 357]
[-330, 224, 356]
[-330, 224, 355]
[-330, 224, 354]
[-330, 224, 353]
[-330, 224, 352]
