# Curve Parameters
# y_end: 228
# loops: 1
# A (south bulge): 140
# B (lateral wiggle): 30
# samples: 350
#
# Analysis Results
# max_grade: 0.772288
# length_3d: 391.28
# length_2d: 362.28
# min_horiz_step: 0.243295
# status: OK
#
# Coordinates (x, y, z)
#==================================================

[-199, 98, 410]
[-199, 98, 411]
[-199, 98, 413]
[-199, 98, 414]
[-199, 98, 415]
[-199, 98, 416]
[-199, 98, 418]
[-199, 98, 419]
[-199, 98, 420]
[-199, 98, 421]
[-199, 98, 422]
[-199, 98, 424]
[-199, 98, 425]
[-199, 99, 426]
[-199, 99, 427]
[-200, 99, 429]
[-200, 99, 430]
[-200, 99, 431]
[-200, 99, 432]
[-200, 99, 433]
[-200, 99, 435]
[-200, 99, 436]
[-200, 99, 437]
[-200, 100, 438]
[-200, 100, 439]
[-200, 100, 440]
[-200, 100, 442]
[-200, 100, 443]
[-200, 100, 444]
[-201, 101, 445]
[-201, 101, 446]
[-201, 101, 447]
[-201, 101, 448]
[-201, 101, 450]
[-201, 101, 451]
[-201, 102, 452]
[-201, 102, 453]
[-201, 102, 454]
[-201, 102, 455]
[-201, 103, 456]
[-201, 103, 457]
[-201, 103, 458]
[-201, 103, 459]
[-201, 103, 460]
[-202, 104, 461]
[-202, 104, 463]
[-202, 104, 464]
[-202, 104, 465]
[-202, 105, 466]
[-202, 105, 467]
[-202, 105, 468]
[-202, 106, 469]
[-202, 106, 470]
[-202, 106, 471]
[-202, 106, 472]
[-202, 107, 473]
[-202, 107, 474]
[-202, 107, 475]
[-202, 108, 476]
[-202, 108, 476]
[-202, 108, 477]
[-202, 109, 478]
[-202, 109, 479]
[-202, 109, 480]
[-202, 110, 481]
[-203, 110, 482]
[-203, 110, 483]
[-203, 111, 484]
[-203, 111, 485]
[-203, 111, 486]
[-203, 112, 486]
[-203, 112, 487]
[-203, 112, 488]
[-203, 113, 489]
[-203, 113, 490]
[-203, 113, 491]
[-203, 114, 491]
[-203, 114, 492]
[-203, 115, 493]
[-203, 115, 494]
[-204, 115, 495]
[-204, 116, 495]
[-204, 116, 496]
[-204, 117, 497]
[-204, 117, 498]
[-204, 117, 498]
[-204, 118, 499]
[-204, 118, 500]
[-205, 119, 500]
[-205, 119, 501]
[-205, 119, 502]
[-205, 120, 503]
[-205, 120, 503]
[-205, 121, 504]
[-206, 121, 504]
[-206, 122, 505]
[-206, 122, 506]
[-206, 123, 506]
[-207, 123, 507]
[-207, 123, 508]
[-207, 124, 508]
[-207, 124, 509]
[-208, 125, 509]
[-208, 125, 510]
[-208, 126, 510]
[-209, 126, 511]
[-209, 127, 511]
[-209, 127, 512]
[-210, 128, 512]
[-210, 128, 513]
[-211, 129, 513]
[-211, 129, 514]
[-211, 130, 514]
[-212, 130, 515]
[-212, 131, 515]
[-213, 131, 516]
[-213, 132, 516]
[-214, 132, 516]
[-214, 133, 517]
[-215, 133, 517]
[-215, 134, 518]
[-216, 134, 518]
[-217, 135, 518]
[-217, 135, 519]
[-218, 136, 519]
[-218, 136, 519]
[-219, 137, 520]
[-220, 137, 520]
[-220, 138, 520]
[-221, 138, 521]
[-222, 139, 521]
[-222, 139, 521]
[-223, 140, 521]
[-224, 140, 521]
[-225, 141, 522]
[-225, 141, 522]
[-226, 142, 522]
[-227, 142, 522]
[-228, 143, 522]
[-229, 143, 523]
[-230, 144, 523]
[-230, 145, 523]
[-231, 145, 523]
[-232, 146, 523]
[-233, 146, 523]
[-234, 147, 523]
[-235, 147, 523]
[-236, 148, 524]
[-237, 148, 524]
[-238, 149, 524]
[-239, 149, 524]
[-240, 150, 524]
[-241, 150, 524]
[-242, 151, 524]
[-243, 152, 524]
[-244, 152, 524]
[-245, 153, 524]
[-246, 153, 524]
[-247, 154, 524]
[-248, 154, 523]
[-249, 155, 523]
[-250, 155, 523]
[-251, 156, 523]
[-252, 157, 523]
[-253, 157, 523]
[-254, 158, 523]
[-255, 158, 523]
[-256, 159, 523]
[-257, 159, 522]
[-258, 160, 522]
[-260, 160, 522]
[-261, 161, 522]
[-262, 162, 522]
[-263, 162, 521]
[-264, 163, 521]
[-265, 163, 521]
[-266, 164, 521]
[-267, 164, 520]
[-268, 165, 520]
[-269, 166, 520]
[-271, 166, 519]
[-272, 167, 519]
[-273, 167, 519]
[-274, 168, 518]
[-275, 168, 518]
[-276, 169, 518]
[-277, 169, 517]
[-278, 170, 517]
[-279, 171, 517]
[-280, 171, 516]
[-281, 172, 516]
[-282, 172, 515]
[-283, 173, 515]
[-284, 173, 514]
[-285, 174, 514]
[-286, 174, 514]
[-287, 175, 513]
[-288, 176, 513]
[-289, 176, 512]
[-290, 177, 512]
[-291, 177, 511]
[-292, 178, 510]
[-293, 178, 510]
[-294, 179, 509]
[-295, 179, 509]
[-296, 180, 508]
[-297, 180, 508]
[-298, 181, 507]
[-299, 181, 506]
[-299, 182, 506]
[-300, 183, 505]
[-301, 183, 505]
[-302, 184, 504]
[-303, 184, 503]
[-304, 185, 503]
[-304, 185, 502]
[-305, 186, 501]
[-306, 186, 500]
[-307, 187, 500]
[-307, 187, 499]
[-308, 188, 498]
[-309, 188, 498]
[-309, 189, 497]
[-310, 189, 496]
[-311, 190, 495]
[-311, 190, 495]
[-312, 191, 494]
[-312, 191, 493]
[-313, 192, 492]
[-314, 192, 491]
[-314, 193, 491]
[-315, 193, 490]
[-315, 194, 489]
[-316, 194, 488]
[-316, 195, 487]
[-317, 195, 486]
[-317, 196, 485]
[-318, 196, 485]
[-318, 197, 484]
[-318, 197, 483]
[-319, 198, 482]
[-319, 198, 481]
[-320, 199, 480]
[-320, 199, 479]
[-320, 200, 478]
[-321, 200, 477]
[-321, 201, 476]
[-321, 201, 475]
[-322, 202, 474]
[-322, 202, 473]
[-322, 203, 472]
[-322, 203, 471]
[-323, 203, 470]
[-323, 204, 469]
[-323, 204, 468]
[-323, 205, 467]
[-324, 205, 466]
[-324, 206, 465]
[-324, 206, 464]
[-324, 207, 463]
[-324, 207, 462]
[-324, 207, 461]
[-325, 208, 460]
[-325, 208, 459]
[-325, 209, 458]
[-325, 209, 457]
[-325, 209, 455]
[-325, 210, 454]
[-325, 210, 453]
[-325, 211, 452]
[-326, 211, 451]
[-326, 211, 450]
[-326, 212, 449]
[-326, 212, 448]
[-326, 213, 446]
[-326, 213, 445]
[-326, 213, 444]
[-326, 214, 443]
[-326, 214, 442]
[-326, 214, 441]
[-326, 215, 439]
[-326, 215, 438]
[-326, 215, 437]
[-326, 216, 436]
[-326, 216, 435]
[-327, 216, 433]
[-327, 217, 432]
[-327, 217, 431]
[-327, 217, 430]
[-327, 218, 429]
[-327, 218, 427]
[-327, 218, 426]
[-327, 219, 425]
[-327, 219, 424]
[-327, 219, 422]
[-327, 220, 421]
[-327, 220, 420]
[-327, 220, 419]
[-327, 220, 417]
[-327, 221, 416]
[-327, 221, 415]
[-327, 221, 414]
[-327, 222, 412]
[-327, 222, 411]
[-327, 222, 410]
[-327, 222, 409]
[-328, 223, 407]
[-328, 223, 406]
[-328, 223, 405]
[-328, 223, 403]
[-328, 223, 402]
[-328, 224, 401]
[-328, 224, 400]
[-328, 224, 398]
[-328, 224, 397]
[-328, 225, 396]
[-328, 225, 394]
[-328, 225, 393]
[-328, 225, 392]
[-328, 225, 391]
[-328, 225, 389]
[-329, 226, 388]
[-329, 226, 387]
[-329, 226, 385]
[-329, 226, 384]
[-329, 226, 383]
[-329, 226, 382]
[-329, 227, 380]
[-329, 227, 379]
[-329, 227, 378]
[-329, 227, 376]
[-329, 227, 375]
[-329, 227, 374]
[-329, 227, 372]
[-329, 227, 371]
[-330, 227, 370]
[-330, 227, 369]
[-330, 228, 367]
[-330, 228, 366]
[-330, 228, 365]
[-330, 228, 363]
[-330, 228, 362]
[-330, 228, 361]
[-330, 228, 360]
[-330, 228, 358]
[-330, 228, 357]
[-330, 228, 356]
[-330, 228, 355]
[-330, 228, 353]
[-330, 228, 352]
