# Curve Parameters
# y_end: 244
# loops: 1
# A (south bulge): 140
# B (lateral wiggle): 30
# samples: 350
#
# Analysis Results
# max_grade: 0.867339
# length_3d: 398.31
# length_2d: 362.28
# min_horiz_step: 0.243295
# status: OK
#
# Coordinates (x, y, z)
#==================================================

[-199, 98, 410]
[-199, 98, 411]
[-199, 98, 413]
[-199, 98, 414]
[-199, 98, 415]
[-199, 98, 416]
[-199, 98, 418]
[-199, 98, 419]
[-199, 98, 420]
[-199, 98, 421]
[-199, 98, 422]
[-199, 98, 424]
[-199, 99, 425]
[-199, 99, 426]
[-199, 99, 427]
[-200, 99, 429]
[-200, 99, 430]
[-200, 99, 431]
[-200, 99, 432]
[-200, 99, 433]
[-200, 99, 435]
[-200, 100, 436]
[-200, 100, 437]
[-200, 100, 438]
[-200, 100, 439]
[-200, 100, 440]
[-200, 100, 442]
[-200, 100, 443]
[-200, 101, 444]
[-201, 101, 445]
[-201, 101, 446]
[-201, 101, 447]
[-201, 101, 448]
[-201, 102, 450]
[-201, 102, 451]
[-201, 102, 452]
[-201, 102, 453]
[-201, 103, 454]
[-201, 103, 455]
[-201, 103, 456]
[-201, 103, 457]
[-201, 104, 458]
[-201, 104, 459]
[-201, 104, 460]
[-202, 104, 461]
[-202, 105, 463]
[-202, 105, 464]
[-202, 105, 465]
[-202, 106, 466]
[-202, 106, 467]
[-202, 106, 468]
[-202, 106, 469]
[-202, 107, 470]
[-202, 107, 471]
[-202, 107, 472]
[-202, 108, 473]
[-202, 108, 474]
[-202, 108, 475]
[-202, 109, 476]
[-202, 109, 476]
[-202, 109, 477]
[-202, 110, 478]
[-202, 110, 479]
[-202, 111, 480]
[-202, 111, 481]
[-203, 111, 482]
[-203, 112, 483]
[-203, 112, 484]
[-203, 112, 485]
[-203, 113, 486]
[-203, 113, 486]
[-203, 114, 487]
[-203, 114, 488]
[-203, 114, 489]
[-203, 115, 490]
[-203, 115, 491]
[-203, 116, 491]
[-203, 116, 492]
[-203, 117, 493]
[-203, 117, 494]
[-204, 117, 495]
[-204, 118, 495]
[-204, 118, 496]
[-204, 119, 497]
[-204, 119, 498]
[-204, 120, 498]
[-204, 120, 499]
[-204, 121, 500]
[-205, 121, 500]
[-205, 122, 501]
[-205, 122, 502]
[-205, 123, 503]
[-205, 123, 503]
[-205, 124, 504]
[-206, 124, 504]
[-206, 125, 505]
[-206, 125, 506]
[-206, 126, 506]
[-207, 126, 507]
[-207, 127, 508]
[-207, 127, 508]
[-207, 128, 509]
[-208, 128, 509]
[-208, 129, 510]
[-208, 129, 510]
[-209, 130, 511]
[-209, 130, 511]
[-209, 131, 512]
[-210, 131, 512]
[-210, 132, 513]
[-211, 132, 513]
[-211, 133, 514]
[-211, 133, 514]
[-212, 134, 515]
[-212, 135, 515]
[-213, 135, 516]
[-213, 136, 516]
[-214, 136, 516]
[-214, 137, 517]
[-215, 137, 517]
[-215, 138, 518]
[-216, 138, 518]
[-217, 139, 518]
[-217, 140, 519]
[-218, 140, 519]
[-218, 141, 519]
[-219, 141, 520]
[-220, 142, 520]
[-220, 143, 520]
[-221, 143, 521]
[-222, 144, 521]
[-222, 144, 521]
[-223, 145, 521]
[-224, 145, 521]
[-225, 146, 522]
[-225, 147, 522]
[-226, 147, 522]
[-227, 148, 522]
[-228, 148, 522]
[-229, 149, 523]
[-230, 150, 523]
[-230, 150, 523]
[-231, 151, 523]
[-232, 151, 523]
[-233, 152, 523]
[-234, 153, 523]
[-235, 153, 523]
[-236, 154, 524]
[-237, 154, 524]
[-238, 155, 524]
[-239, 156, 524]
[-240, 156, 524]
[-241, 157, 524]
[-242, 158, 524]
[-243, 158, 524]
[-244, 159, 524]
[-245, 159, 524]
[-246, 160, 524]
[-247, 161, 524]
[-248, 161, 523]
[-249, 162, 523]
[-250, 163, 523]
[-251, 163, 523]
[-252, 164, 523]
[-253, 164, 523]
[-254, 165, 523]
[-255, 166, 523]
[-256, 166, 523]
[-257, 167, 522]
[-258, 168, 522]
[-260, 168, 522]
[-261, 169, 522]
[-262, 169, 522]
[-263, 170, 521]
[-264, 171, 521]
[-265, 171, 521]
[-266, 172, 521]
[-267, 173, 520]
[-268, 173, 520]
[-269, 174, 520]
[-271, 174, 519]
[-272, 175, 519]
[-273, 176, 519]
[-274, 176, 518]
[-275, 177, 518]
[-276, 178, 518]
[-277, 178, 517]
[-278, 179, 517]
[-279, 179, 517]
[-280, 180, 516]
[-281, 181, 516]
[-282, 181, 515]
[-283, 182, 515]
[-284, 183, 514]
[-285, 183, 514]
[-286, 184, 514]
[-287, 184, 513]
[-288, 185, 513]
[-289, 186, 512]
[-290, 186, 512]
[-291, 187, 511]
[-292, 188, 510]
[-293, 188, 510]
[-294, 189, 509]
[-295, 189, 509]
[-296, 190, 508]
[-297, 191, 508]
[-298, 191, 507]
[-299, 192, 506]
[-299, 192, 506]
[-300, 193, 505]
[-301, 194, 505]
[-302, 194, 504]
[-303, 195, 503]
[-304, 195, 503]
[-304, 196, 502]
[-305, 197, 501]
[-306, 197, 500]
[-307, 198, 500]
[-307, 198, 499]
[-308, 199, 498]
[-309, 199, 498]
[-309, 200, 497]
[-310, 201, 496]
[-311, 201, 495]
[-311, 202, 495]
[-312, 202, 494]
[-312, 203, 493]
[-313, 204, 492]
[-314, 204, 491]
[-314, 205, 491]
[-315, 205, 490]
[-315, 206, 489]
[-316, 206, 488]
[-316, 207, 487]
[-317, 207, 486]
[-317, 208, 485]
[-318, 209, 485]
[-318, 209, 484]
[-318, 210, 483]
[-319, 210, 482]
[-319, 211, 481]
[-320, 211, 480]
[-320, 212, 479]
[-320, 212, 478]
[-321, 213, 477]
[-321, 213, 476]
[-321, 214, 475]
[-322, 214, 474]
[-322, 215, 473]
[-322, 215, 472]
[-322, 216, 471]
[-323, 216, 470]
[-323, 217, 469]
[-323, 217, 468]
[-323, 218, 467]
[-324, 218, 466]
[-324, 219, 465]
[-324, 219, 464]
[-324, 220, 463]
[-324, 220, 462]
[-324, 221, 461]
[-325, 221, 460]
[-325, 222, 459]
[-325, 222, 458]
[-325, 223, 457]
[-325, 223, 455]
[-325, 224, 454]
[-325, 224, 453]
[-325, 225, 452]
[-326, 225, 451]
[-326, 225, 450]
[-326, 226, 449]
[-326, 226, 448]
[-326, 227, 446]
[-326, 227, 445]
[-326, 228, 444]
[-326, 228, 443]
[-326, 228, 442]
[-326, 229, 441]
[-326, 229, 439]
[-326, 230, 438]
[-326, 230, 437]
[-326, 230, 436]
[-326, 231, 435]
[-327, 231, 433]
[-327, 231, 432]
[-327, 232, 431]
[-327, 232, 430]
[-327, 233, 429]
[-327, 233, 427]
[-327, 233, 426]
[-327, 234, 425]
[-327, 234, 424]
[-327, 234, 422]
[-327, 235, 421]
[-327, 235, 420]
[-327, 235, 419]
[-327, 236, 417]
[-327, 236, 416]
[-327, 236, 415]
[-327, 236, 414]
[-327, 237, 412]
[-327, 237, 411]
[-327, 237, 410]
[-327, 238, 409]
[-328, 238, 407]
[-328, 238, 406]
[-328, 238, 405]
[-328, 239, 403]
[-328, 239, 402]
[-328, 239, 401]
[-328, 239, 400]
[-328, 240, 398]
[-328, 240, 397]
[-328, 240, 396]
[-328, 240, 394]
[-328, 241, 393]
[-328, 241, 392]
[-328, 241, 391]
[-328, 241, 389]
[-329, 241, 388]
[-329, 242, 387]
[-329, 242, 385]
[-329, 242, 384]
[-329, 242, 383]
[-329, 242, 382]
[-329, 242, 380]
[-329, 242, 379]
[-329, 243, 378]
[-329, 243, 376]
[-329, 243, 375]
[-329, 243, 374]
[-329, 243, 372]
[-329, 243, 371]
[-330, 243, 370]
[-330, 243, 369]
[-330, 243, 367]
[-330, 244, 366]
[-330, 244, 365]
[-330, 244, 363]
[-330, 244, 362]
[-330, 244, 361]
[-330, 244, 360]
[-330, 244, 358]
[-330, 244, 357]
[-330, 244, 356]
[-330, 244, 355]
[-330, 244, 353]
[-330, 244, 352]
