# Curve Parameters
# y_end: 226
# loops: 1
# A (south bulge): 140
# B (lateral wiggle): 40
# samples: 350
#
# Analysis Results
# max_grade: 0.776880
# length_3d: 400.38
# length_2d: 373.34
# min_horiz_step: 0.235202
# status: OK
#
# Coordinates (x, y, z)
#==================================================

[-199, 98, 410]
[-199, 98, 411]
[-199, 98, 413]
[-199, 98, 414]
[-199, 98, 415]
[-199, 98, 416]
[-199, 98, 418]
[-199, 98, 419]
[-199, 98, 420]
[-199, 98, 421]
[-199, 98, 422]
[-199, 98, 424]
[-199, 98, 425]
[-199, 99, 426]
[-199, 99, 427]
[-200, 99, 429]
[-200, 99, 430]
[-200, 99, 431]
[-200, 99, 432]
[-200, 99, 433]
[-200, 99, 435]
[-200, 99, 436]
[-200, 99, 437]
[-200, 100, 438]
[-200, 100, 439]
[-200, 100, 440]
[-200, 100, 442]
[-200, 100, 443]
[-200, 100, 444]
[-200, 101, 445]
[-200, 101, 446]
[-200, 101, 447]
[-200, 101, 448]
[-200, 101, 450]
[-200, 101, 451]
[-200, 102, 452]
[-200, 102, 453]
[-200, 102, 454]
[-200, 102, 455]
[-200, 102, 456]
[-200, 103, 457]
[-200, 103, 458]
[-200, 103, 459]
[-200, 103, 460]
[-200, 104, 461]
[-200, 104, 463]
[-200, 104, 464]
[-200, 104, 465]
[-200, 105, 466]
[-200, 105, 467]
[-200, 105, 468]
[-200, 105, 469]
[-200, 106, 470]
[-200, 106, 471]
[-200, 106, 472]
[-200, 107, 473]
[-200, 107, 474]
[-200, 107, 475]
[-200, 107, 476]
[-200, 108, 476]
[-200, 108, 477]
[-200, 108, 478]
[-200, 109, 479]
[-200, 109, 480]
[-200, 109, 481]
[-200, 110, 482]
[-200, 110, 483]
[-200, 110, 484]
[-200, 111, 485]
[-200, 111, 486]
[-199, 111, 486]
[-199, 112, 487]
[-199, 112, 488]
[-199, 112, 489]
[-199, 113, 490]
[-199, 113, 491]
[-199, 114, 491]
[-199, 114, 492]
[-199, 114, 493]
[-199, 115, 494]
[-199, 115, 495]
[-199, 115, 495]
[-199, 116, 496]
[-199, 116, 497]
[-199, 117, 498]
[-199, 117, 498]
[-199, 117, 499]
[-199, 118, 500]
[-200, 118, 500]
[-200, 119, 501]
[-200, 119, 502]
[-200, 120, 503]
[-200, 120, 503]
[-200, 120, 504]
[-200, 121, 504]
[-200, 121, 505]
[-200, 122, 506]
[-201, 122, 506]
[-201, 123, 507]
[-201, 123, 508]
[-201, 124, 508]
[-201, 124, 509]
[-202, 124, 509]
[-202, 125, 510]
[-202, 125, 510]
[-202, 126, 511]
[-203, 126, 511]
[-203, 127, 512]
[-203, 127, 512]
[-204, 128, 513]
[-204, 128, 513]
[-205, 129, 514]
[-205, 129, 514]
[-205, 130, 515]
[-206, 130, 515]
[-206, 131, 516]
[-207, 131, 516]
[-207, 132, 516]
[-208, 132, 517]
[-208, 132, 517]
[-209, 133, 518]
[-210, 133, 518]
[-210, 134, 518]
[-211, 134, 519]
[-211, 135, 519]
[-212, 135, 519]
[-213, 136, 520]
[-213, 137, 520]
[-214, 137, 520]
[-215, 138, 521]
[-216, 138, 521]
[-216, 139, 521]
[-217, 139, 521]
[-218, 140, 521]
[-219, 140, 522]
[-220, 141, 522]
[-221, 141, 522]
[-221, 142, 522]
[-222, 142, 522]
[-223, 143, 523]
[-224, 143, 523]
[-225, 144, 523]
[-226, 144, 523]
[-227, 145, 523]
[-228, 145, 523]
[-229, 146, 523]
[-230, 146, 523]
[-231, 147, 524]
[-232, 148, 524]
[-233, 148, 524]
[-235, 149, 524]
[-236, 149, 524]
[-237, 150, 524]
[-238, 150, 524]
[-239, 151, 524]
[-240, 151, 524]
[-241, 152, 524]
[-243, 152, 524]
[-244, 153, 524]
[-245, 153, 523]
[-246, 154, 523]
[-247, 155, 523]
[-249, 155, 523]
[-250, 156, 523]
[-251, 156, 523]
[-252, 157, 523]
[-254, 157, 523]
[-255, 158, 523]
[-256, 158, 522]
[-257, 159, 522]
[-259, 160, 522]
[-260, 160, 522]
[-261, 161, 522]
[-263, 161, 521]
[-264, 162, 521]
[-265, 162, 521]
[-266, 163, 521]
[-268, 163, 520]
[-269, 164, 520]
[-270, 164, 520]
[-272, 165, 519]
[-273, 166, 519]
[-274, 166, 519]
[-275, 167, 518]
[-277, 167, 518]
[-278, 168, 518]
[-279, 168, 517]
[-280, 169, 517]
[-282, 169, 517]
[-283, 170, 516]
[-284, 171, 516]
[-285, 171, 515]
[-286, 172, 515]
[-288, 172, 514]
[-289, 173, 514]
[-290, 173, 514]
[-291, 174, 513]
[-292, 174, 513]
[-293, 175, 512]
[-294, 175, 512]
[-296, 176, 511]
[-297, 176, 510]
[-298, 177, 510]
[-299, 178, 509]
[-300, 178, 509]
[-301, 179, 508]
[-302, 179, 508]
[-303, 180, 507]
[-304, 180, 506]
[-305, 181, 506]
[-306, 181, 505]
[-307, 182, 505]
[-308, 182, 504]
[-308, 183, 503]
[-309, 183, 503]
[-310, 184, 502]
[-311, 184, 501]
[-312, 185, 500]
[-313, 185, 500]
[-313, 186, 499]
[-314, 186, 498]
[-315, 187, 498]
[-316, 187, 497]
[-316, 188, 496]
[-317, 189, 495]
[-318, 189, 495]
[-318, 190, 494]
[-319, 190, 493]
[-319, 191, 492]
[-320, 191, 491]
[-321, 192, 491]
[-321, 192, 490]
[-322, 192, 489]
[-322, 193, 488]
[-323, 193, 487]
[-323, 194, 486]
[-324, 194, 485]
[-324, 195, 485]
[-324, 195, 484]
[-325, 196, 483]
[-325, 196, 482]
[-326, 197, 481]
[-326, 197, 480]
[-326, 198, 479]
[-327, 198, 478]
[-327, 199, 477]
[-327, 199, 476]
[-327, 200, 475]
[-328, 200, 474]
[-328, 200, 473]
[-328, 201, 472]
[-328, 201, 471]
[-328, 202, 470]
[-329, 202, 469]
[-329, 203, 468]
[-329, 203, 467]
[-329, 204, 466]
[-329, 204, 465]
[-329, 204, 464]
[-329, 205, 463]
[-329, 205, 462]
[-329, 206, 461]
[-330, 206, 460]
[-330, 207, 459]
[-330, 207, 458]
[-330, 207, 457]
[-330, 208, 455]
[-330, 208, 454]
[-330, 209, 453]
[-330, 209, 452]
[-330, 209, 451]
[-330, 210, 450]
[-330, 210, 449]
[-330, 210, 448]
[-330, 211, 446]
[-330, 211, 445]
[-330, 212, 444]
[-330, 212, 443]
[-330, 212, 442]
[-330, 213, 441]
[-329, 213, 439]
[-329, 213, 438]
[-329, 214, 437]
[-329, 214, 436]
[-329, 214, 435]
[-329, 215, 433]
[-329, 215, 432]
[-329, 215, 431]
[-329, 216, 430]
[-329, 216, 429]
[-329, 216, 427]
[-329, 217, 426]
[-329, 217, 425]
[-329, 217, 424]
[-329, 217, 422]
[-329, 218, 421]
[-329, 218, 420]
[-329, 218, 419]
[-329, 219, 417]
[-329, 219, 416]
[-329, 219, 415]
[-329, 219, 414]
[-329, 220, 412]
[-329, 220, 411]
[-329, 220, 410]
[-329, 220, 409]
[-329, 221, 407]
[-329, 221, 406]
[-329, 221, 405]
[-329, 221, 403]
[-329, 222, 402]
[-329, 222, 401]
[-329, 222, 400]
[-329, 222, 398]
[-329, 222, 397]
[-329, 223, 396]
[-329, 223, 394]
[-329, 223, 393]
[-329, 223, 392]
[-329, 223, 391]
[-329, 223, 389]
[-329, 224, 388]
[-329, 224, 387]
[-329, 224, 385]
[-329, 224, 384]
[-329, 224, 383]
[-329, 224, 382]
[-329, 225, 380]
[-329, 225, 379]
[-329, 225, 378]
[-329, 225, 376]
[-329, 225, 375]
[-329, 225, 374]
[-329, 225, 372]
[-329, 225, 371]
[-330, 225, 370]
[-330, 225, 369]
[-330, 226, 367]
[-330, 226, 366]
[-330, 226, 365]
[-330, 226, 363]
[-330, 226, 362]
[-330, 226, 361]
[-330, 226, 360]
[-330, 226, 358]
[-330, 226, 357]
[-330, 226, 356]
[-330, 226, 355]
[-330, 226, 353]
[-330, 226, 352]
