# Curve Parameters
# y_end: 238
# loops: 1
# A (south bulge): 100
# B (lateral wiggle): 10
# samples: 350
#
# Analysis Results
# max_grade: 0.972221
# length_3d: 314.71
# length_2d: 273.26
# min_horiz_step: 0.207327
# status: OK
#
# Coordinates (x, y, z)
#==================================================

[-199, 98, 410]
[-199, 98, 411]
[-199, 98, 412]
[-199, 98, 413]
[-199, 98, 414]
[-199, 98, 414]
[-199, 98, 415]
[-199, 98, 416]
[-199, 98, 417]
[-199, 98, 418]
[-199, 98, 419]
[-199, 98, 420]
[-199, 98, 421]
[-200, 99, 421]
[-200, 99, 422]
[-200, 99, 423]
[-200, 99, 424]
[-200, 99, 425]
[-200, 99, 426]
[-200, 99, 427]
[-200, 99, 427]
[-200, 99, 428]
[-200, 100, 429]
[-200, 100, 430]
[-201, 100, 431]
[-201, 100, 431]
[-201, 100, 432]
[-201, 100, 433]
[-201, 101, 434]
[-201, 101, 435]
[-201, 101, 435]
[-202, 101, 436]
[-202, 101, 437]
[-202, 102, 438]
[-202, 102, 439]
[-202, 102, 439]
[-202, 102, 440]
[-202, 102, 441]
[-203, 103, 442]
[-203, 103, 442]
[-203, 103, 443]
[-203, 103, 444]
[-203, 104, 445]
[-203, 104, 445]
[-204, 104, 446]
[-204, 104, 447]
[-204, 105, 447]
[-204, 105, 448]
[-204, 105, 449]
[-205, 106, 450]
[-205, 106, 450]
[-205, 106, 451]
[-205, 106, 452]
[-205, 107, 452]
[-206, 107, 453]
[-206, 107, 454]
[-206, 108, 454]
[-206, 108, 455]
[-207, 108, 456]
[-207, 109, 456]
[-207, 109, 457]
[-207, 109, 457]
[-207, 110, 458]
[-208, 110, 459]
[-208, 110, 459]
[-208, 111, 460]
[-208, 111, 461]
[-209, 111, 461]
[-209, 112, 462]
[-209, 112, 462]
[-209, 113, 463]
[-210, 113, 463]
[-210, 113, 464]
[-210, 114, 465]
[-210, 114, 465]
[-211, 115, 466]
[-211, 115, 466]
[-211, 115, 467]
[-212, 116, 467]
[-212, 116, 468]
[-212, 117, 468]
[-212, 117, 469]
[-213, 118, 469]
[-213, 118, 470]
[-213, 118, 470]
[-214, 119, 471]
[-214, 119, 471]
[-214, 120, 472]
[-215, 120, 472]
[-215, 121, 472]
[-215, 121, 473]
[-216, 122, 473]
[-216, 122, 474]
[-216, 123, 474]
[-217, 123, 475]
[-217, 123, 475]
[-218, 124, 475]
[-218, 124, 476]
[-218, 125, 476]
[-219, 125, 476]
[-219, 126, 477]
[-220, 126, 477]
[-220, 127, 477]
[-220, 127, 478]
[-221, 128, 478]
[-221, 128, 478]
[-222, 129, 479]
[-222, 129, 479]
[-223, 130, 479]
[-223, 130, 480]
[-223, 131, 480]
[-224, 131, 480]
[-224, 132, 481]
[-225, 133, 481]
[-225, 133, 481]
[-226, 134, 481]
[-226, 134, 481]
[-227, 135, 482]
[-227, 135, 482]
[-228, 136, 482]
[-228, 136, 482]
[-229, 137, 483]
[-229, 137, 483]
[-230, 138, 483]
[-230, 138, 483]
[-231, 139, 483]
[-232, 140, 483]
[-232, 140, 484]
[-233, 141, 484]
[-233, 141, 484]
[-234, 142, 484]
[-234, 142, 484]
[-235, 143, 484]
[-236, 143, 484]
[-236, 144, 484]
[-237, 145, 484]
[-238, 145, 484]
[-238, 146, 485]
[-239, 146, 485]
[-239, 147, 485]
[-240, 148, 485]
[-241, 148, 485]
[-241, 149, 485]
[-242, 149, 485]
[-243, 150, 485]
[-243, 150, 485]
[-244, 151, 485]
[-245, 152, 485]
[-245, 152, 485]
[-246, 153, 485]
[-247, 153, 485]
[-247, 154, 485]
[-248, 155, 485]
[-249, 155, 484]
[-250, 156, 484]
[-250, 156, 484]
[-251, 157, 484]
[-252, 158, 484]
[-252, 158, 484]
[-253, 159, 484]
[-254, 159, 484]
[-255, 160, 484]
[-255, 160, 483]
[-256, 161, 483]
[-257, 162, 483]
[-257, 162, 483]
[-258, 163, 483]
[-259, 163, 483]
[-260, 164, 482]
[-260, 165, 482]
[-261, 165, 482]
[-262, 166, 482]
[-263, 166, 482]
[-263, 167, 481]
[-264, 168, 481]
[-265, 168, 481]
[-266, 169, 481]
[-266, 170, 480]
[-267, 170, 480]
[-268, 171, 480]
[-269, 171, 480]
[-269, 172, 479]
[-270, 173, 479]
[-271, 173, 479]
[-272, 174, 478]
[-272, 174, 478]
[-273, 175, 478]
[-274, 176, 477]
[-274, 176, 477]
[-275, 177, 477]
[-276, 177, 476]
[-277, 178, 476]
[-277, 178, 475]
[-278, 179, 475]
[-279, 180, 475]
[-279, 180, 474]
[-280, 181, 474]
[-281, 181, 473]
[-282, 182, 473]
[-282, 183, 473]
[-283, 183, 472]
[-284, 184, 472]
[-284, 184, 471]
[-285, 185, 471]
[-286, 186, 470]
[-286, 186, 470]
[-287, 187, 469]
[-288, 187, 469]
[-288, 188, 468]
[-289, 188, 468]
[-290, 189, 467]
[-290, 190, 467]
[-291, 190, 466]
[-291, 191, 466]
[-292, 191, 465]
[-293, 192, 465]
[-293, 193, 464]
[-294, 193, 463]
[-295, 194, 463]
[-295, 194, 462]
[-296, 195, 462]
[-296, 195, 461]
[-297, 196, 460]
[-297, 196, 460]
[-298, 197, 459]
[-299, 198, 459]
[-299, 198, 458]
[-300, 199, 457]
[-300, 199, 457]
[-301, 200, 456]
[-301, 200, 455]
[-302, 201, 455]
[-302, 201, 454]
[-303, 202, 453]
[-303, 202, 453]
[-304, 203, 452]
[-304, 203, 451]
[-305, 204, 451]
[-305, 205, 450]
[-306, 205, 449]
[-306, 206, 449]
[-306, 206, 448]
[-307, 207, 447]
[-307, 207, 446]
[-308, 208, 446]
[-308, 208, 445]
[-309, 209, 444]
[-309, 209, 443]
[-309, 210, 443]
[-310, 210, 442]
[-310, 211, 441]
[-311, 211, 440]
[-311, 212, 440]
[-311, 212, 439]
[-312, 213, 438]
[-312, 213, 437]
[-313, 213, 436]
[-313, 214, 436]
[-313, 214, 435]
[-314, 215, 434]
[-314, 215, 433]
[-314, 216, 432]
[-315, 216, 432]
[-315, 217, 431]
[-315, 217, 430]
[-316, 218, 429]
[-316, 218, 428]
[-316, 218, 427]
[-317, 219, 427]
[-317, 219, 426]
[-317, 220, 425]
[-317, 220, 424]
[-318, 221, 423]
[-318, 221, 422]
[-318, 221, 421]
[-319, 222, 421]
[-319, 222, 420]
[-319, 223, 419]
[-319, 223, 418]
[-320, 223, 417]
[-320, 224, 416]
[-320, 224, 415]
[-320, 225, 414]
[-321, 225, 413]
[-321, 225, 413]
[-321, 226, 412]
[-321, 226, 411]
[-322, 226, 410]
[-322, 227, 409]
[-322, 227, 408]
[-322, 227, 407]
[-322, 228, 406]
[-323, 228, 405]
[-323, 228, 404]
[-323, 229, 403]
[-323, 229, 402]
[-324, 229, 402]
[-324, 230, 401]
[-324, 230, 400]
[-324, 230, 399]
[-324, 230, 398]
[-325, 231, 397]
[-325, 231, 396]
[-325, 231, 395]
[-325, 232, 394]
[-325, 232, 393]
[-326, 232, 392]
[-326, 232, 391]
[-326, 233, 390]
[-326, 233, 389]
[-326, 233, 388]
[-326, 233, 387]
[-327, 234, 387]
[-327, 234, 386]
[-327, 234, 385]
[-327, 234, 384]
[-327, 234, 383]
[-327, 235, 382]
[-327, 235, 381]
[-328, 235, 380]
[-328, 235, 379]
[-328, 235, 378]
[-328, 236, 377]
[-328, 236, 376]
[-328, 236, 375]
[-328, 236, 374]
[-329, 236, 373]
[-329, 236, 372]
[-329, 237, 371]
[-329, 237, 370]
[-329, 237, 370]
[-329, 237, 369]
[-329, 237, 368]
[-329, 237, 367]
[-329, 237, 366]
[-329, 237, 365]
[-329, 237, 364]
[-330, 238, 363]
[-330, 238, 362]
[-330, 238, 361]
[-330, 238, 360]
[-330, 238, 359]
[-330, 238, 358]
[-330, 238, 357]
[-330, 238, 357]
[-330, 238, 356]
[-330, 238, 355]
[-330, 238, 354]
[-330, 238, 353]
[-330, 238, 352]
