# Curve Parameters
# y_end: 228
# loops: 1
# A (south bulge): 100
# B (lateral wiggle): 10
# samples: 350
#
# Analysis Results
# max_grade: 0.902776
# length_3d: 309.49
# length_2d: 273.26
# min_horiz_step: 0.207327
# status: OK
#
# Coordinates (x, y, z)
#==================================================

[-199, 98, 410]
[-199, 98, 411]
[-199, 98, 412]
[-199, 98, 413]
[-199, 98, 414]
[-199, 98, 414]
[-199, 98, 415]
[-199, 98, 416]
[-199, 98, 417]
[-199, 98, 418]
[-199, 98, 419]
[-199, 98, 420]
[-199, 98, 421]
[-200, 99, 421]
[-200, 99, 422]
[-200, 99, 423]
[-200, 99, 424]
[-200, 99, 425]
[-200, 99, 426]
[-200, 99, 427]
[-200, 99, 427]
[-200, 99, 428]
[-200, 99, 429]
[-200, 100, 430]
[-201, 100, 431]
[-201, 100, 431]
[-201, 100, 432]
[-201, 100, 433]
[-201, 100, 434]
[-201, 101, 435]
[-201, 101, 435]
[-202, 101, 436]
[-202, 101, 437]
[-202, 101, 438]
[-202, 101, 439]
[-202, 102, 439]
[-202, 102, 440]
[-202, 102, 441]
[-203, 102, 442]
[-203, 103, 442]
[-203, 103, 443]
[-203, 103, 444]
[-203, 103, 445]
[-203, 103, 445]
[-204, 104, 446]
[-204, 104, 447]
[-204, 104, 447]
[-204, 104, 448]
[-204, 105, 449]
[-205, 105, 450]
[-205, 105, 450]
[-205, 106, 451]
[-205, 106, 452]
[-205, 106, 452]
[-206, 106, 453]
[-206, 107, 454]
[-206, 107, 454]
[-206, 107, 455]
[-207, 108, 456]
[-207, 108, 456]
[-207, 108, 457]
[-207, 109, 457]
[-207, 109, 458]
[-208, 109, 459]
[-208, 110, 459]
[-208, 110, 460]
[-208, 110, 461]
[-209, 111, 461]
[-209, 111, 462]
[-209, 111, 462]
[-209, 112, 463]
[-210, 112, 463]
[-210, 112, 464]
[-210, 113, 465]
[-210, 113, 465]
[-211, 113, 466]
[-211, 114, 466]
[-211, 114, 467]
[-212, 115, 467]
[-212, 115, 468]
[-212, 115, 468]
[-212, 116, 469]
[-213, 116, 469]
[-213, 117, 470]
[-213, 117, 470]
[-214, 117, 471]
[-214, 118, 471]
[-214, 118, 472]
[-215, 119, 472]
[-215, 119, 472]
[-215, 119, 473]
[-216, 120, 473]
[-216, 120, 474]
[-216, 121, 474]
[-217, 121, 475]
[-217, 122, 475]
[-218, 122, 475]
[-218, 123, 476]
[-218, 123, 476]
[-219, 123, 476]
[-219, 124, 477]
[-220, 124, 477]
[-220, 125, 477]
[-220, 125, 478]
[-221, 126, 478]
[-221, 126, 478]
[-222, 127, 479]
[-222, 127, 479]
[-223, 128, 479]
[-223, 128, 480]
[-223, 129, 480]
[-224, 129, 480]
[-224, 130, 481]
[-225, 130, 481]
[-225, 131, 481]
[-226, 131, 481]
[-226, 132, 481]
[-227, 132, 482]
[-227, 133, 482]
[-228, 133, 482]
[-228, 134, 482]
[-229, 134, 483]
[-229, 135, 483]
[-230, 135, 483]
[-230, 136, 483]
[-231, 136, 483]
[-232, 137, 483]
[-232, 137, 484]
[-233, 138, 484]
[-233, 138, 484]
[-234, 139, 484]
[-234, 139, 484]
[-235, 140, 484]
[-236, 140, 484]
[-236, 141, 484]
[-237, 141, 484]
[-238, 142, 484]
[-238, 142, 485]
[-239, 143, 485]
[-239, 143, 485]
[-240, 144, 485]
[-241, 145, 485]
[-241, 145, 485]
[-242, 146, 485]
[-243, 146, 485]
[-243, 147, 485]
[-244, 147, 485]
[-245, 148, 485]
[-245, 148, 485]
[-246, 149, 485]
[-247, 149, 485]
[-247, 150, 485]
[-248, 150, 485]
[-249, 151, 484]
[-250, 152, 484]
[-250, 152, 484]
[-251, 153, 484]
[-252, 153, 484]
[-252, 154, 484]
[-253, 154, 484]
[-254, 155, 484]
[-255, 155, 484]
[-255, 156, 483]
[-256, 157, 483]
[-257, 157, 483]
[-257, 158, 483]
[-258, 158, 483]
[-259, 159, 483]
[-260, 159, 482]
[-260, 160, 482]
[-261, 160, 482]
[-262, 161, 482]
[-263, 162, 482]
[-263, 162, 481]
[-264, 163, 481]
[-265, 163, 481]
[-266, 164, 481]
[-266, 164, 480]
[-267, 165, 480]
[-268, 166, 480]
[-269, 166, 480]
[-269, 167, 479]
[-270, 167, 479]
[-271, 168, 479]
[-272, 168, 478]
[-272, 169, 478]
[-273, 169, 478]
[-274, 170, 477]
[-274, 171, 477]
[-275, 171, 477]
[-276, 172, 476]
[-277, 172, 476]
[-277, 173, 475]
[-278, 173, 475]
[-279, 174, 475]
[-279, 174, 474]
[-280, 175, 474]
[-281, 176, 473]
[-282, 176, 473]
[-282, 177, 473]
[-283, 177, 472]
[-284, 178, 472]
[-284, 178, 471]
[-285, 179, 471]
[-286, 179, 470]
[-286, 180, 470]
[-287, 180, 469]
[-288, 181, 469]
[-288, 181, 468]
[-289, 182, 468]
[-290, 183, 467]
[-290, 183, 467]
[-291, 184, 466]
[-291, 184, 466]
[-292, 185, 465]
[-293, 185, 465]
[-293, 186, 464]
[-294, 186, 463]
[-295, 187, 463]
[-295, 187, 462]
[-296, 188, 462]
[-296, 188, 461]
[-297, 189, 460]
[-297, 189, 460]
[-298, 190, 459]
[-299, 190, 459]
[-299, 191, 458]
[-300, 191, 457]
[-300, 192, 457]
[-301, 192, 456]
[-301, 193, 455]
[-302, 193, 455]
[-302, 194, 454]
[-303, 194, 453]
[-303, 195, 453]
[-304, 195, 452]
[-304, 196, 451]
[-305, 196, 451]
[-305, 197, 450]
[-306, 197, 449]
[-306, 198, 449]
[-306, 198, 448]
[-307, 199, 447]
[-307, 199, 446]
[-308, 200, 446]
[-308, 200, 445]
[-309, 201, 444]
[-309, 201, 443]
[-309, 202, 443]
[-310, 202, 442]
[-310, 203, 441]
[-311, 203, 440]
[-311, 203, 440]
[-311, 204, 439]
[-312, 204, 438]
[-312, 205, 437]
[-313, 205, 436]
[-313, 206, 436]
[-313, 206, 435]
[-314, 207, 434]
[-314, 207, 433]
[-314, 207, 432]
[-315, 208, 432]
[-315, 208, 431]
[-315, 209, 430]
[-316, 209, 429]
[-316, 209, 428]
[-316, 210, 427]
[-317, 210, 427]
[-317, 211, 426]
[-317, 211, 425]
[-317, 211, 424]
[-318, 212, 423]
[-318, 212, 422]
[-318, 213, 421]
[-319, 213, 421]
[-319, 213, 420]
[-319, 214, 419]
[-319, 214, 418]
[-320, 214, 417]
[-320, 215, 416]
[-320, 215, 415]
[-320, 215, 414]
[-321, 216, 413]
[-321, 216, 413]
[-321, 216, 412]
[-321, 217, 411]
[-322, 217, 410]
[-322, 217, 409]
[-322, 218, 408]
[-322, 218, 407]
[-322, 218, 406]
[-323, 219, 405]
[-323, 219, 404]
[-323, 219, 403]
[-323, 220, 402]
[-324, 220, 402]
[-324, 220, 401]
[-324, 220, 400]
[-324, 221, 399]
[-324, 221, 398]
[-325, 221, 397]
[-325, 222, 396]
[-325, 222, 395]
[-325, 222, 394]
[-325, 222, 393]
[-326, 223, 392]
[-326, 223, 391]
[-326, 223, 390]
[-326, 223, 389]
[-326, 223, 388]
[-326, 224, 387]
[-327, 224, 387]
[-327, 224, 386]
[-327, 224, 385]
[-327, 225, 384]
[-327, 225, 383]
[-327, 225, 382]
[-327, 225, 381]
[-328, 225, 380]
[-328, 225, 379]
[-328, 226, 378]
[-328, 226, 377]
[-328, 226, 376]
[-328, 226, 375]
[-328, 226, 374]
[-329, 226, 373]
[-329, 227, 372]
[-329, 227, 371]
[-329, 227, 370]
[-329, 227, 370]
[-329, 227, 369]
[-329, 227, 368]
[-329, 227, 367]
[-329, 227, 366]
[-329, 227, 365]
[-329, 227, 364]
[-330, 228, 363]
[-330, 228, 362]
[-330, 228, 361]
[-330, 228, 360]
[-330, 228, 359]
[-330, 228, 358]
[-330, 228, 357]
[-330, 228, 357]
[-330, 228, 356]
[-330, 228, 355]
[-330, 228, 354]
[-330, 228, 353]
[-330, 228, 352]
