# Curve Parameters
# y_end: 246
# loops: 1
# A (south bulge): 140
# B (lateral wiggle): 20
# samples: 350
#
# Analysis Results
# max_grade: 0.878425
# length_3d: 391.02
# length_2d: 352.40
# min_horiz_step: 0.249812
# status: OK
#
# Coordinates (x, y, z)
#==================================================

[-199, 98, 410]
[-199, 98, 411]
[-199, 98, 413]
[-199, 98, 414]
[-199, 98, 415]
[-199, 98, 416]
[-199, 98, 418]
[-199, 98, 419]
[-199, 98, 420]
[-199, 98, 421]
[-199, 98, 422]
[-199, 98, 424]
[-199, 99, 425]
[-199, 99, 426]
[-200, 99, 427]
[-200, 99, 429]
[-200, 99, 430]
[-200, 99, 431]
[-200, 99, 432]
[-200, 99, 433]
[-200, 99, 435]
[-200, 100, 436]
[-200, 100, 437]
[-200, 100, 438]
[-200, 100, 439]
[-200, 100, 440]
[-201, 100, 442]
[-201, 101, 443]
[-201, 101, 444]
[-201, 101, 445]
[-201, 101, 446]
[-201, 101, 447]
[-201, 102, 448]
[-201, 102, 450]
[-201, 102, 451]
[-202, 102, 452]
[-202, 102, 453]
[-202, 103, 454]
[-202, 103, 455]
[-202, 103, 456]
[-202, 103, 457]
[-202, 104, 458]
[-202, 104, 459]
[-202, 104, 460]
[-203, 104, 461]
[-203, 105, 463]
[-203, 105, 464]
[-203, 105, 465]
[-203, 106, 466]
[-203, 106, 467]
[-203, 106, 468]
[-203, 107, 469]
[-204, 107, 470]
[-204, 107, 471]
[-204, 108, 472]
[-204, 108, 473]
[-204, 108, 474]
[-204, 109, 475]
[-204, 109, 476]
[-204, 109, 476]
[-205, 110, 477]
[-205, 110, 478]
[-205, 110, 479]
[-205, 111, 480]
[-205, 111, 481]
[-205, 111, 482]
[-205, 112, 483]
[-206, 112, 484]
[-206, 113, 485]
[-206, 113, 486]
[-206, 113, 486]
[-206, 114, 487]
[-206, 114, 488]
[-207, 115, 489]
[-207, 115, 490]
[-207, 116, 491]
[-207, 116, 491]
[-207, 116, 492]
[-207, 117, 493]
[-208, 117, 494]
[-208, 118, 495]
[-208, 118, 495]
[-208, 119, 496]
[-208, 119, 497]
[-209, 120, 498]
[-209, 120, 498]
[-209, 121, 499]
[-209, 121, 500]
[-210, 121, 500]
[-210, 122, 501]
[-210, 122, 502]
[-210, 123, 503]
[-211, 123, 503]
[-211, 124, 504]
[-211, 124, 504]
[-212, 125, 505]
[-212, 125, 506]
[-212, 126, 506]
[-212, 126, 507]
[-213, 127, 508]
[-213, 127, 508]
[-213, 128, 509]
[-214, 129, 509]
[-214, 129, 510]
[-215, 130, 510]
[-215, 130, 511]
[-215, 131, 511]
[-216, 131, 512]
[-216, 132, 512]
[-217, 132, 513]
[-217, 133, 513]
[-217, 133, 514]
[-218, 134, 514]
[-218, 134, 515]
[-219, 135, 515]
[-219, 136, 516]
[-220, 136, 516]
[-220, 137, 516]
[-221, 137, 517]
[-221, 138, 517]
[-222, 138, 518]
[-222, 139, 518]
[-223, 140, 518]
[-224, 140, 519]
[-224, 141, 519]
[-225, 141, 519]
[-225, 142, 520]
[-226, 143, 520]
[-227, 143, 520]
[-227, 144, 521]
[-228, 144, 521]
[-228, 145, 521]
[-229, 146, 521]
[-230, 146, 521]
[-230, 147, 522]
[-231, 147, 522]
[-232, 148, 522]
[-233, 149, 522]
[-233, 149, 522]
[-234, 150, 523]
[-235, 150, 523]
[-236, 151, 523]
[-236, 152, 523]
[-237, 152, 523]
[-238, 153, 523]
[-239, 153, 523]
[-239, 154, 523]
[-240, 155, 524]
[-241, 155, 524]
[-242, 156, 524]
[-243, 157, 524]
[-243, 157, 524]
[-244, 158, 524]
[-245, 158, 524]
[-246, 159, 524]
[-247, 160, 524]
[-248, 160, 524]
[-249, 161, 524]
[-250, 162, 524]
[-250, 162, 523]
[-251, 163, 523]
[-252, 163, 523]
[-253, 164, 523]
[-254, 165, 523]
[-255, 165, 523]
[-256, 166, 523]
[-257, 167, 523]
[-258, 167, 523]
[-259, 168, 522]
[-259, 169, 522]
[-260, 169, 522]
[-261, 170, 522]
[-262, 170, 522]
[-263, 171, 521]
[-264, 172, 521]
[-265, 172, 521]
[-266, 173, 521]
[-267, 174, 520]
[-268, 174, 520]
[-269, 175, 520]
[-270, 175, 519]
[-270, 176, 519]
[-271, 177, 519]
[-272, 177, 518]
[-273, 178, 518]
[-274, 179, 518]
[-275, 179, 517]
[-276, 180, 517]
[-277, 181, 517]
[-278, 181, 516]
[-279, 182, 516]
[-279, 182, 515]
[-280, 183, 515]
[-281, 184, 514]
[-282, 184, 514]
[-283, 185, 514]
[-284, 186, 513]
[-285, 186, 513]
[-286, 187, 512]
[-286, 187, 512]
[-287, 188, 511]
[-288, 189, 510]
[-289, 189, 510]
[-290, 190, 509]
[-290, 191, 509]
[-291, 191, 508]
[-292, 192, 508]
[-293, 192, 507]
[-293, 193, 506]
[-294, 194, 506]
[-295, 194, 505]
[-296, 195, 505]
[-296, 195, 504]
[-297, 196, 503]
[-298, 197, 503]
[-299, 197, 502]
[-299, 198, 501]
[-300, 198, 500]
[-301, 199, 500]
[-301, 200, 499]
[-302, 200, 498]
[-302, 201, 498]
[-303, 201, 497]
[-304, 202, 496]
[-304, 203, 495]
[-305, 203, 495]
[-305, 204, 494]
[-306, 204, 493]
[-307, 205, 492]
[-307, 206, 491]
[-308, 206, 491]
[-308, 207, 490]
[-309, 207, 489]
[-309, 208, 488]
[-310, 208, 487]
[-310, 209, 486]
[-311, 210, 485]
[-311, 210, 485]
[-312, 211, 484]
[-312, 211, 483]
[-312, 212, 482]
[-313, 212, 481]
[-313, 213, 480]
[-314, 213, 479]
[-314, 214, 478]
[-314, 214, 477]
[-315, 215, 476]
[-315, 215, 475]
[-316, 216, 474]
[-316, 217, 473]
[-316, 217, 472]
[-317, 218, 471]
[-317, 218, 470]
[-317, 219, 469]
[-317, 219, 468]
[-318, 220, 467]
[-318, 220, 466]
[-318, 221, 465]
[-319, 221, 464]
[-319, 222, 463]
[-319, 222, 462]
[-319, 223, 461]
[-320, 223, 460]
[-320, 223, 459]
[-320, 224, 458]
[-320, 224, 457]
[-321, 225, 455]
[-321, 225, 454]
[-321, 226, 453]
[-321, 226, 452]
[-321, 227, 451]
[-322, 227, 450]
[-322, 228, 449]
[-322, 228, 448]
[-322, 228, 446]
[-322, 229, 445]
[-322, 229, 444]
[-323, 230, 443]
[-323, 230, 442]
[-323, 231, 441]
[-323, 231, 439]
[-323, 231, 438]
[-323, 232, 437]
[-324, 232, 436]
[-324, 233, 435]
[-324, 233, 433]
[-324, 233, 432]
[-324, 234, 431]
[-324, 234, 430]
[-324, 234, 429]
[-325, 235, 427]
[-325, 235, 426]
[-325, 235, 425]
[-325, 236, 424]
[-325, 236, 422]
[-325, 236, 421]
[-325, 237, 420]
[-325, 237, 419]
[-326, 237, 417]
[-326, 238, 416]
[-326, 238, 415]
[-326, 238, 414]
[-326, 239, 412]
[-326, 239, 411]
[-326, 239, 410]
[-326, 240, 409]
[-327, 240, 407]
[-327, 240, 406]
[-327, 240, 405]
[-327, 241, 403]
[-327, 241, 402]
[-327, 241, 401]
[-327, 241, 400]
[-327, 242, 398]
[-327, 242, 397]
[-328, 242, 396]
[-328, 242, 394]
[-328, 242, 393]
[-328, 243, 392]
[-328, 243, 391]
[-328, 243, 389]
[-328, 243, 388]
[-328, 243, 387]
[-328, 244, 385]
[-329, 244, 384]
[-329, 244, 383]
[-329, 244, 382]
[-329, 244, 380]
[-329, 244, 379]
[-329, 245, 378]
[-329, 245, 376]
[-329, 245, 375]
[-329, 245, 374]
[-329, 245, 372]
[-329, 245, 371]
[-329, 245, 370]
[-330, 245, 369]
[-330, 245, 367]
[-330, 246, 366]
[-330, 246, 365]
[-330, 246, 363]
[-330, 246, 362]
[-330, 246, 361]
[-330, 246, 360]
[-330, 246, 358]
[-330, 246, 357]
[-330, 246, 356]
[-330, 246, 355]
[-330, 246, 353]
[-330, 246, 352]
