# Curve Parameters
# y_end: 240
# loops: 1
# A (south bulge): 140
# B (lateral wiggle): 10
# samples: 350
#
# Analysis Results
# max_grade: 0.893567
# length_3d: 381.41
# length_2d: 343.72
# min_horiz_step: 0.247671
# status: OK
#
# Coordinates (x, y, z)
#==================================================

[-199, 98, 410]
[-199, 98, 411]
[-199, 98, 413]
[-199, 98, 414]
[-199, 98, 415]
[-199, 98, 416]
[-199, 98, 418]
[-199, 98, 419]
[-199, 98, 420]
[-199, 98, 421]
[-199, 98, 422]
[-199, 98, 424]
[-199, 98, 425]
[-200, 99, 426]
[-200, 99, 427]
[-200, 99, 429]
[-200, 99, 430]
[-200, 99, 431]
[-200, 99, 432]
[-200, 99, 433]
[-200, 99, 435]
[-200, 99, 436]
[-200, 100, 437]
[-200, 100, 438]
[-201, 100, 439]
[-201, 100, 440]
[-201, 100, 442]
[-201, 100, 443]
[-201, 101, 444]
[-201, 101, 445]
[-201, 101, 446]
[-202, 101, 447]
[-202, 101, 448]
[-202, 102, 450]
[-202, 102, 451]
[-202, 102, 452]
[-202, 102, 453]
[-202, 102, 454]
[-203, 103, 455]
[-203, 103, 456]
[-203, 103, 457]
[-203, 103, 458]
[-203, 104, 459]
[-203, 104, 460]
[-204, 104, 461]
[-204, 104, 463]
[-204, 105, 464]
[-204, 105, 465]
[-204, 105, 466]
[-205, 106, 467]
[-205, 106, 468]
[-205, 106, 469]
[-205, 107, 470]
[-205, 107, 471]
[-206, 107, 472]
[-206, 107, 473]
[-206, 108, 474]
[-206, 108, 475]
[-207, 108, 476]
[-207, 109, 476]
[-207, 109, 477]
[-207, 109, 478]
[-207, 110, 479]
[-208, 110, 480]
[-208, 111, 481]
[-208, 111, 482]
[-208, 111, 483]
[-209, 112, 484]
[-209, 112, 485]
[-209, 112, 486]
[-209, 113, 486]
[-210, 113, 487]
[-210, 114, 488]
[-210, 114, 489]
[-210, 114, 490]
[-211, 115, 491]
[-211, 115, 491]
[-211, 116, 492]
[-212, 116, 493]
[-212, 117, 494]
[-212, 117, 495]
[-212, 117, 495]
[-213, 118, 496]
[-213, 118, 497]
[-213, 119, 498]
[-214, 119, 498]
[-214, 120, 499]
[-214, 120, 500]
[-215, 121, 500]
[-215, 121, 501]
[-215, 121, 502]
[-216, 122, 503]
[-216, 122, 503]
[-216, 123, 504]
[-217, 123, 504]
[-217, 124, 505]
[-218, 124, 506]
[-218, 125, 506]
[-218, 125, 507]
[-219, 126, 508]
[-219, 126, 508]
[-220, 127, 509]
[-220, 127, 509]
[-220, 128, 510]
[-221, 128, 510]
[-221, 129, 511]
[-222, 129, 511]
[-222, 130, 512]
[-223, 130, 512]
[-223, 131, 513]
[-223, 131, 513]
[-224, 132, 514]
[-224, 132, 514]
[-225, 133, 515]
[-225, 134, 515]
[-226, 134, 516]
[-226, 135, 516]
[-227, 135, 516]
[-227, 136, 517]
[-228, 136, 517]
[-228, 137, 518]
[-229, 137, 518]
[-229, 138, 518]
[-230, 138, 519]
[-230, 139, 519]
[-231, 140, 519]
[-232, 140, 520]
[-232, 141, 520]
[-233, 141, 520]
[-233, 142, 521]
[-234, 142, 521]
[-234, 143, 521]
[-235, 144, 521]
[-236, 144, 521]
[-236, 145, 522]
[-237, 145, 522]
[-238, 146, 522]
[-238, 146, 522]
[-239, 147, 522]
[-239, 148, 523]
[-240, 148, 523]
[-241, 149, 523]
[-241, 149, 523]
[-242, 150, 523]
[-243, 151, 523]
[-243, 151, 523]
[-244, 152, 523]
[-245, 152, 524]
[-245, 153, 524]
[-246, 154, 524]
[-247, 154, 524]
[-247, 155, 524]
[-248, 155, 524]
[-249, 156, 524]
[-250, 157, 524]
[-250, 157, 524]
[-251, 158, 524]
[-252, 158, 524]
[-252, 159, 524]
[-253, 160, 523]
[-254, 160, 523]
[-255, 161, 523]
[-255, 161, 523]
[-256, 162, 523]
[-257, 163, 523]
[-257, 163, 523]
[-258, 164, 523]
[-259, 164, 523]
[-260, 165, 522]
[-260, 166, 522]
[-261, 166, 522]
[-262, 167, 522]
[-263, 167, 522]
[-263, 168, 521]
[-264, 169, 521]
[-265, 169, 521]
[-266, 170, 521]
[-266, 171, 520]
[-267, 171, 520]
[-268, 172, 520]
[-269, 172, 519]
[-269, 173, 519]
[-270, 174, 519]
[-271, 174, 518]
[-272, 175, 518]
[-272, 175, 518]
[-273, 176, 517]
[-274, 177, 517]
[-274, 177, 517]
[-275, 178, 516]
[-276, 178, 516]
[-277, 179, 515]
[-277, 180, 515]
[-278, 180, 514]
[-279, 181, 514]
[-279, 181, 514]
[-280, 182, 513]
[-281, 183, 513]
[-282, 183, 512]
[-282, 184, 512]
[-283, 184, 511]
[-284, 185, 510]
[-284, 186, 510]
[-285, 186, 509]
[-286, 187, 509]
[-286, 187, 508]
[-287, 188, 508]
[-288, 189, 507]
[-288, 189, 506]
[-289, 190, 506]
[-290, 190, 505]
[-290, 191, 505]
[-291, 192, 504]
[-291, 192, 503]
[-292, 193, 503]
[-293, 193, 502]
[-293, 194, 501]
[-294, 194, 500]
[-295, 195, 500]
[-295, 196, 499]
[-296, 196, 498]
[-296, 197, 498]
[-297, 197, 497]
[-297, 198, 496]
[-298, 198, 495]
[-299, 199, 495]
[-299, 200, 494]
[-300, 200, 493]
[-300, 201, 492]
[-301, 201, 491]
[-301, 202, 491]
[-302, 202, 490]
[-302, 203, 489]
[-303, 203, 488]
[-303, 204, 487]
[-304, 204, 486]
[-304, 205, 485]
[-305, 206, 485]
[-305, 206, 484]
[-306, 207, 483]
[-306, 207, 482]
[-306, 208, 481]
[-307, 208, 480]
[-307, 209, 479]
[-308, 209, 478]
[-308, 210, 477]
[-309, 210, 476]
[-309, 211, 475]
[-309, 211, 474]
[-310, 212, 473]
[-310, 212, 472]
[-311, 213, 471]
[-311, 213, 470]
[-311, 214, 469]
[-312, 214, 468]
[-312, 215, 467]
[-313, 215, 466]
[-313, 216, 465]
[-313, 216, 464]
[-314, 217, 463]
[-314, 217, 462]
[-314, 217, 461]
[-315, 218, 460]
[-315, 218, 459]
[-315, 219, 458]
[-316, 219, 457]
[-316, 220, 455]
[-316, 220, 454]
[-317, 221, 453]
[-317, 221, 452]
[-317, 221, 451]
[-317, 222, 450]
[-318, 222, 449]
[-318, 223, 448]
[-318, 223, 446]
[-319, 224, 445]
[-319, 224, 444]
[-319, 224, 443]
[-319, 225, 442]
[-320, 225, 441]
[-320, 226, 439]
[-320, 226, 438]
[-320, 226, 437]
[-321, 227, 436]
[-321, 227, 435]
[-321, 227, 433]
[-321, 228, 432]
[-322, 228, 431]
[-322, 229, 430]
[-322, 229, 429]
[-322, 229, 427]
[-322, 230, 426]
[-323, 230, 425]
[-323, 230, 424]
[-323, 231, 422]
[-323, 231, 421]
[-324, 231, 420]
[-324, 231, 419]
[-324, 232, 417]
[-324, 232, 416]
[-324, 232, 415]
[-325, 233, 414]
[-325, 233, 412]
[-325, 233, 411]
[-325, 234, 410]
[-325, 234, 409]
[-326, 234, 407]
[-326, 234, 406]
[-326, 235, 405]
[-326, 235, 403]
[-326, 235, 402]
[-326, 235, 401]
[-327, 236, 400]
[-327, 236, 398]
[-327, 236, 397]
[-327, 236, 396]
[-327, 236, 394]
[-327, 237, 393]
[-327, 237, 392]
[-328, 237, 391]
[-328, 237, 389]
[-328, 237, 388]
[-328, 238, 387]
[-328, 238, 385]
[-328, 238, 384]
[-328, 238, 383]
[-329, 238, 382]
[-329, 238, 380]
[-329, 239, 379]
[-329, 239, 378]
[-329, 239, 376]
[-329, 239, 375]
[-329, 239, 374]
[-329, 239, 372]
[-329, 239, 371]
[-329, 239, 370]
[-329, 239, 369]
[-330, 240, 367]
[-330, 240, 366]
[-330, 240, 365]
[-330, 240, 363]
[-330, 240, 362]
[-330, 240, 361]
[-330, 240, 360]
[-330, 240, 358]
[-330, 240, 357]
[-330, 240, 356]
[-330, 240, 355]
[-330, 240, 353]
[-330, 240, 352]
