# Curve Parameters
# y_end: 252
# loops: 1
# A (south bulge): 140
# B (lateral wiggle): 40
# samples: 350
#
# Analysis Results
# max_grade: 0.934683
# length_3d: 411.58
# length_2d: 373.34
# min_horiz_step: 0.235202
# status: OK
#
# Coordinates (x, y, z)
#==================================================

[-199, 98, 410]
[-199, 98, 411]
[-199, 98, 413]
[-199, 98, 414]
[-199, 98, 415]
[-199, 98, 416]
[-199, 98, 418]
[-199, 98, 419]
[-199, 98, 420]
[-199, 98, 421]
[-199, 98, 422]
[-199, 98, 424]
[-199, 99, 425]
[-199, 99, 426]
[-199, 99, 427]
[-200, 99, 429]
[-200, 99, 430]
[-200, 99, 431]
[-200, 99, 432]
[-200, 99, 433]
[-200, 99, 435]
[-200, 100, 436]
[-200, 100, 437]
[-200, 100, 438]
[-200, 100, 439]
[-200, 100, 440]
[-200, 100, 442]
[-200, 101, 443]
[-200, 101, 444]
[-200, 101, 445]
[-200, 101, 446]
[-200, 101, 447]
[-200, 102, 448]
[-200, 102, 450]
[-200, 102, 451]
[-200, 102, 452]
[-200, 103, 453]
[-200, 103, 454]
[-200, 103, 455]
[-200, 103, 456]
[-200, 104, 457]
[-200, 104, 458]
[-200, 104, 459]
[-200, 104, 460]
[-200, 105, 461]
[-200, 105, 463]
[-200, 105, 464]
[-200, 106, 465]
[-200, 106, 466]
[-200, 106, 467]
[-200, 107, 468]
[-200, 107, 469]
[-200, 107, 470]
[-200, 108, 471]
[-200, 108, 472]
[-200, 108, 473]
[-200, 109, 474]
[-200, 109, 475]
[-200, 109, 476]
[-200, 110, 476]
[-200, 110, 477]
[-200, 110, 478]
[-200, 111, 479]
[-200, 111, 480]
[-200, 112, 481]
[-200, 112, 482]
[-200, 112, 483]
[-200, 113, 484]
[-200, 113, 485]
[-200, 114, 486]
[-199, 114, 486]
[-199, 115, 487]
[-199, 115, 488]
[-199, 115, 489]
[-199, 116, 490]
[-199, 116, 491]
[-199, 117, 491]
[-199, 117, 492]
[-199, 118, 493]
[-199, 118, 494]
[-199, 119, 495]
[-199, 119, 495]
[-199, 120, 496]
[-199, 120, 497]
[-199, 120, 498]
[-199, 121, 498]
[-199, 121, 499]
[-199, 122, 500]
[-200, 122, 500]
[-200, 123, 501]
[-200, 123, 502]
[-200, 124, 503]
[-200, 124, 503]
[-200, 125, 504]
[-200, 125, 504]
[-200, 126, 505]
[-200, 127, 506]
[-201, 127, 506]
[-201, 128, 507]
[-201, 128, 508]
[-201, 129, 508]
[-201, 129, 509]
[-202, 130, 509]
[-202, 130, 510]
[-202, 131, 510]
[-202, 131, 511]
[-203, 132, 511]
[-203, 133, 512]
[-203, 133, 512]
[-204, 134, 513]
[-204, 134, 513]
[-205, 135, 514]
[-205, 135, 514]
[-205, 136, 515]
[-206, 137, 515]
[-206, 137, 516]
[-207, 138, 516]
[-207, 138, 516]
[-208, 139, 517]
[-208, 140, 517]
[-209, 140, 518]
[-210, 141, 518]
[-210, 141, 518]
[-211, 142, 519]
[-211, 143, 519]
[-212, 143, 519]
[-213, 144, 520]
[-213, 144, 520]
[-214, 145, 520]
[-215, 146, 521]
[-216, 146, 521]
[-216, 147, 521]
[-217, 147, 521]
[-218, 148, 521]
[-219, 149, 522]
[-220, 149, 522]
[-221, 150, 522]
[-221, 151, 522]
[-222, 151, 522]
[-223, 152, 523]
[-224, 152, 523]
[-225, 153, 523]
[-226, 154, 523]
[-227, 154, 523]
[-228, 155, 523]
[-229, 156, 523]
[-230, 156, 523]
[-231, 157, 524]
[-232, 158, 524]
[-233, 158, 524]
[-235, 159, 524]
[-236, 160, 524]
[-237, 160, 524]
[-238, 161, 524]
[-239, 161, 524]
[-240, 162, 524]
[-241, 163, 524]
[-243, 163, 524]
[-244, 164, 524]
[-245, 165, 523]
[-246, 165, 523]
[-247, 166, 523]
[-249, 167, 523]
[-250, 167, 523]
[-251, 168, 523]
[-252, 169, 523]
[-254, 169, 523]
[-255, 170, 523]
[-256, 171, 522]
[-257, 171, 522]
[-259, 172, 522]
[-260, 173, 522]
[-261, 173, 522]
[-263, 174, 521]
[-264, 175, 521]
[-265, 175, 521]
[-266, 176, 521]
[-268, 177, 520]
[-269, 177, 520]
[-270, 178, 520]
[-272, 179, 519]
[-273, 179, 519]
[-274, 180, 519]
[-275, 181, 518]
[-277, 181, 518]
[-278, 182, 518]
[-279, 183, 517]
[-280, 183, 517]
[-282, 184, 517]
[-283, 185, 516]
[-284, 185, 516]
[-285, 186, 515]
[-286, 187, 515]
[-288, 187, 514]
[-289, 188, 514]
[-290, 189, 514]
[-291, 189, 513]
[-292, 190, 513]
[-293, 190, 512]
[-294, 191, 512]
[-296, 192, 511]
[-297, 192, 510]
[-298, 193, 510]
[-299, 194, 509]
[-300, 194, 509]
[-301, 195, 508]
[-302, 196, 508]
[-303, 196, 507]
[-304, 197, 506]
[-305, 198, 506]
[-306, 198, 505]
[-307, 199, 505]
[-308, 199, 504]
[-308, 200, 503]
[-309, 201, 503]
[-310, 201, 502]
[-311, 202, 501]
[-312, 203, 500]
[-313, 203, 500]
[-313, 204, 499]
[-314, 204, 498]
[-315, 205, 498]
[-316, 206, 497]
[-316, 206, 496]
[-317, 207, 495]
[-318, 207, 495]
[-318, 208, 494]
[-319, 209, 493]
[-319, 209, 492]
[-320, 210, 491]
[-321, 210, 491]
[-321, 211, 490]
[-322, 212, 489]
[-322, 212, 488]
[-323, 213, 487]
[-323, 213, 486]
[-324, 214, 485]
[-324, 215, 485]
[-324, 215, 484]
[-325, 216, 483]
[-325, 216, 482]
[-326, 217, 481]
[-326, 217, 480]
[-326, 218, 479]
[-327, 219, 478]
[-327, 219, 477]
[-327, 220, 476]
[-327, 220, 475]
[-328, 221, 474]
[-328, 221, 473]
[-328, 222, 472]
[-328, 222, 471]
[-328, 223, 470]
[-329, 223, 469]
[-329, 224, 468]
[-329, 225, 467]
[-329, 225, 466]
[-329, 226, 465]
[-329, 226, 464]
[-329, 227, 463]
[-329, 227, 462]
[-329, 228, 461]
[-330, 228, 460]
[-330, 229, 459]
[-330, 229, 458]
[-330, 230, 457]
[-330, 230, 455]
[-330, 230, 454]
[-330, 231, 453]
[-330, 231, 452]
[-330, 232, 451]
[-330, 232, 450]
[-330, 233, 449]
[-330, 233, 448]
[-330, 234, 446]
[-330, 234, 445]
[-330, 235, 444]
[-330, 235, 443]
[-330, 235, 442]
[-330, 236, 441]
[-329, 236, 439]
[-329, 237, 438]
[-329, 237, 437]
[-329, 238, 436]
[-329, 238, 435]
[-329, 238, 433]
[-329, 239, 432]
[-329, 239, 431]
[-329, 240, 430]
[-329, 240, 429]
[-329, 240, 427]
[-329, 241, 426]
[-329, 241, 425]
[-329, 241, 424]
[-329, 242, 422]
[-329, 242, 421]
[-329, 242, 420]
[-329, 243, 419]
[-329, 243, 417]
[-329, 243, 416]
[-329, 244, 415]
[-329, 244, 414]
[-329, 244, 412]
[-329, 245, 411]
[-329, 245, 410]
[-329, 245, 409]
[-329, 246, 407]
[-329, 246, 406]
[-329, 246, 405]
[-329, 246, 403]
[-329, 247, 402]
[-329, 247, 401]
[-329, 247, 400]
[-329, 247, 398]
[-329, 248, 397]
[-329, 248, 396]
[-329, 248, 394]
[-329, 248, 393]
[-329, 249, 392]
[-329, 249, 391]
[-329, 249, 389]
[-329, 249, 388]
[-329, 249, 387]
[-329, 250, 385]
[-329, 250, 384]
[-329, 250, 383]
[-329, 250, 382]
[-329, 250, 380]
[-329, 250, 379]
[-329, 251, 378]
[-329, 251, 376]
[-329, 251, 375]
[-329, 251, 374]
[-329, 251, 372]
[-329, 251, 371]
[-330, 251, 370]
[-330, 251, 369]
[-330, 251, 367]
[-330, 252, 366]
[-330, 252, 365]
[-330, 252, 363]
[-330, 252, 362]
[-330, 252, 361]
[-330, 252, 360]
[-330, 252, 358]
[-330, 252, 357]
[-330, 252, 356]
[-330, 252, 355]
[-330, 252, 353]
[-330, 252, 352]
