# Curve Parameters
# y_end: 222
# loops: 1
# A (south bulge): 100
# B (lateral wiggle): 10
# samples: 350
#
# Analysis Results
# max_grade: 0.861110
# length_3d: 306.49
# length_2d: 273.26
# min_horiz_step: 0.207327
# status: OK
#
# Coordinates (x, y, z)
#==================================================

[-199, 98, 410]
[-199, 98, 411]
[-199, 98, 412]
[-199, 98, 413]
[-199, 98, 414]
[-199, 98, 414]
[-199, 98, 415]
[-199, 98, 416]
[-199, 98, 417]
[-199, 98, 418]
[-199, 98, 419]
[-199, 98, 420]
[-199, 98, 421]
[-200, 99, 421]
[-200, 99, 422]
[-200, 99, 423]
[-200, 99, 424]
[-200, 99, 425]
[-200, 99, 426]
[-200, 99, 427]
[-200, 99, 427]
[-200, 99, 428]
[-200, 99, 429]
[-200, 100, 430]
[-201, 100, 431]
[-201, 100, 431]
[-201, 100, 432]
[-201, 100, 433]
[-201, 100, 434]
[-201, 100, 435]
[-201, 101, 435]
[-202, 101, 436]
[-202, 101, 437]
[-202, 101, 438]
[-202, 101, 439]
[-202, 101, 439]
[-202, 102, 440]
[-202, 102, 441]
[-203, 102, 442]
[-203, 102, 442]
[-203, 103, 443]
[-203, 103, 444]
[-203, 103, 445]
[-203, 103, 445]
[-204, 103, 446]
[-204, 104, 447]
[-204, 104, 447]
[-204, 104, 448]
[-204, 104, 449]
[-205, 105, 450]
[-205, 105, 450]
[-205, 105, 451]
[-205, 105, 452]
[-205, 106, 452]
[-206, 106, 453]
[-206, 106, 454]
[-206, 107, 454]
[-206, 107, 455]
[-207, 107, 456]
[-207, 107, 456]
[-207, 108, 457]
[-207, 108, 457]
[-207, 108, 458]
[-208, 109, 459]
[-208, 109, 459]
[-208, 109, 460]
[-208, 110, 461]
[-209, 110, 461]
[-209, 110, 462]
[-209, 111, 462]
[-209, 111, 463]
[-210, 111, 463]
[-210, 112, 464]
[-210, 112, 465]
[-210, 112, 465]
[-211, 113, 466]
[-211, 113, 466]
[-211, 113, 467]
[-212, 114, 467]
[-212, 114, 468]
[-212, 115, 468]
[-212, 115, 469]
[-213, 115, 469]
[-213, 116, 470]
[-213, 116, 470]
[-214, 116, 471]
[-214, 117, 471]
[-214, 117, 472]
[-215, 118, 472]
[-215, 118, 472]
[-215, 118, 473]
[-216, 119, 473]
[-216, 119, 474]
[-216, 120, 474]
[-217, 120, 475]
[-217, 121, 475]
[-218, 121, 475]
[-218, 121, 476]
[-218, 122, 476]
[-219, 122, 476]
[-219, 123, 477]
[-220, 123, 477]
[-220, 124, 477]
[-220, 124, 478]
[-221, 124, 478]
[-221, 125, 478]
[-222, 125, 479]
[-222, 126, 479]
[-223, 126, 479]
[-223, 127, 480]
[-223, 127, 480]
[-224, 128, 480]
[-224, 128, 481]
[-225, 129, 481]
[-225, 129, 481]
[-226, 130, 481]
[-226, 130, 481]
[-227, 130, 482]
[-227, 131, 482]
[-228, 131, 482]
[-228, 132, 482]
[-229, 132, 483]
[-229, 133, 483]
[-230, 133, 483]
[-230, 134, 483]
[-231, 134, 483]
[-232, 135, 483]
[-232, 135, 484]
[-233, 136, 484]
[-233, 136, 484]
[-234, 137, 484]
[-234, 137, 484]
[-235, 138, 484]
[-236, 138, 484]
[-236, 139, 484]
[-237, 139, 484]
[-238, 140, 484]
[-238, 140, 485]
[-239, 141, 485]
[-239, 141, 485]
[-240, 142, 485]
[-241, 142, 485]
[-241, 143, 485]
[-242, 143, 485]
[-243, 144, 485]
[-243, 144, 485]
[-244, 145, 485]
[-245, 145, 485]
[-245, 146, 485]
[-246, 147, 485]
[-247, 147, 485]
[-247, 148, 485]
[-248, 148, 485]
[-249, 149, 484]
[-250, 149, 484]
[-250, 150, 484]
[-251, 150, 484]
[-252, 151, 484]
[-252, 151, 484]
[-253, 152, 484]
[-254, 152, 484]
[-255, 153, 484]
[-255, 153, 483]
[-256, 154, 483]
[-257, 154, 483]
[-257, 155, 483]
[-258, 155, 483]
[-259, 156, 483]
[-260, 157, 482]
[-260, 157, 482]
[-261, 158, 482]
[-262, 158, 482]
[-263, 159, 482]
[-263, 159, 481]
[-264, 160, 481]
[-265, 160, 481]
[-266, 161, 481]
[-266, 161, 480]
[-267, 162, 480]
[-268, 162, 480]
[-269, 163, 480]
[-269, 163, 479]
[-270, 164, 479]
[-271, 165, 479]
[-272, 165, 478]
[-272, 166, 478]
[-273, 166, 478]
[-274, 167, 477]
[-274, 167, 477]
[-275, 168, 477]
[-276, 168, 476]
[-277, 169, 476]
[-277, 169, 475]
[-278, 170, 475]
[-279, 170, 475]
[-279, 171, 474]
[-280, 171, 474]
[-281, 172, 473]
[-282, 172, 473]
[-282, 173, 473]
[-283, 173, 472]
[-284, 174, 472]
[-284, 175, 471]
[-285, 175, 471]
[-286, 176, 470]
[-286, 176, 470]
[-287, 177, 469]
[-288, 177, 469]
[-288, 178, 468]
[-289, 178, 468]
[-290, 179, 467]
[-290, 179, 467]
[-291, 180, 466]
[-291, 180, 466]
[-292, 181, 465]
[-293, 181, 465]
[-293, 182, 464]
[-294, 182, 463]
[-295, 183, 463]
[-295, 183, 462]
[-296, 184, 462]
[-296, 184, 461]
[-297, 185, 460]
[-297, 185, 460]
[-298, 186, 459]
[-299, 186, 459]
[-299, 187, 458]
[-300, 187, 457]
[-300, 188, 457]
[-301, 188, 456]
[-301, 189, 455]
[-302, 189, 455]
[-302, 190, 454]
[-303, 190, 453]
[-303, 190, 453]
[-304, 191, 452]
[-304, 191, 451]
[-305, 192, 451]
[-305, 192, 450]
[-306, 193, 449]
[-306, 193, 449]
[-306, 194, 448]
[-307, 194, 447]
[-307, 195, 446]
[-308, 195, 446]
[-308, 196, 445]
[-309, 196, 444]
[-309, 196, 443]
[-309, 197, 443]
[-310, 197, 442]
[-310, 198, 441]
[-311, 198, 440]
[-311, 199, 440]
[-311, 199, 439]
[-312, 199, 438]
[-312, 200, 437]
[-313, 200, 436]
[-313, 201, 436]
[-313, 201, 435]
[-314, 202, 434]
[-314, 202, 433]
[-314, 202, 432]
[-315, 203, 432]
[-315, 203, 431]
[-315, 204, 430]
[-316, 204, 429]
[-316, 204, 428]
[-316, 205, 427]
[-317, 205, 427]
[-317, 205, 426]
[-317, 206, 425]
[-317, 206, 424]
[-318, 207, 423]
[-318, 207, 422]
[-318, 207, 421]
[-319, 208, 421]
[-319, 208, 420]
[-319, 208, 419]
[-319, 209, 418]
[-320, 209, 417]
[-320, 209, 416]
[-320, 210, 415]
[-320, 210, 414]
[-321, 210, 413]
[-321, 211, 413]
[-321, 211, 412]
[-321, 211, 411]
[-322, 212, 410]
[-322, 212, 409]
[-322, 212, 408]
[-322, 213, 407]
[-322, 213, 406]
[-323, 213, 405]
[-323, 213, 404]
[-323, 214, 403]
[-323, 214, 402]
[-324, 214, 402]
[-324, 215, 401]
[-324, 215, 400]
[-324, 215, 399]
[-324, 215, 398]
[-325, 216, 397]
[-325, 216, 396]
[-325, 216, 395]
[-325, 216, 394]
[-325, 217, 393]
[-326, 217, 392]
[-326, 217, 391]
[-326, 217, 390]
[-326, 217, 389]
[-326, 218, 388]
[-326, 218, 387]
[-327, 218, 387]
[-327, 218, 386]
[-327, 219, 385]
[-327, 219, 384]
[-327, 219, 383]
[-327, 219, 382]
[-327, 219, 381]
[-328, 219, 380]
[-328, 220, 379]
[-328, 220, 378]
[-328, 220, 377]
[-328, 220, 376]
[-328, 220, 375]
[-328, 220, 374]
[-329, 220, 373]
[-329, 221, 372]
[-329, 221, 371]
[-329, 221, 370]
[-329, 221, 370]
[-329, 221, 369]
[-329, 221, 368]
[-329, 221, 367]
[-329, 221, 366]
[-329, 221, 365]
[-329, 221, 364]
[-330, 222, 363]
[-330, 222, 362]
[-330, 222, 361]
[-330, 222, 360]
[-330, 222, 359]
[-330, 222, 358]
[-330, 222, 357]
[-330, 222, 357]
[-330, 222, 356]
[-330, 222, 355]
[-330, 222, 354]
[-330, 222, 353]
[-330, 222, 352]
