# Curve Parameters
# y_end: 232
# loops: 1
# A (south bulge): 120
# B (lateral wiggle): 40
# samples: 350
#
# Analysis Results
# max_grade: 0.937439
# length_3d: 368.75
# length_2d: 337.06
# min_horiz_step: 0.199709
# status: OK
#
# Coordinates (x, y, z)
#==================================================

[-199, 98, 410]
[-199, 98, 411]
[-199, 98, 412]
[-199, 98, 413]
[-199, 98, 414]
[-199, 98, 415]
[-199, 98, 416]
[-199, 98, 417]
[-199, 98, 419]
[-199, 98, 420]
[-199, 98, 421]
[-199, 98, 422]
[-199, 98, 423]
[-199, 99, 424]
[-199, 99, 425]
[-200, 99, 426]
[-200, 99, 427]
[-200, 99, 428]
[-200, 99, 429]
[-200, 99, 430]
[-200, 99, 431]
[-200, 99, 432]
[-200, 100, 433]
[-200, 100, 434]
[-200, 100, 435]
[-200, 100, 436]
[-200, 100, 437]
[-200, 100, 438]
[-200, 100, 439]
[-200, 101, 440]
[-200, 101, 441]
[-200, 101, 442]
[-200, 101, 443]
[-200, 101, 444]
[-200, 102, 445]
[-200, 102, 446]
[-200, 102, 446]
[-200, 102, 447]
[-200, 102, 448]
[-200, 103, 449]
[-200, 103, 450]
[-200, 103, 451]
[-200, 103, 452]
[-200, 104, 453]
[-200, 104, 454]
[-200, 104, 455]
[-200, 104, 456]
[-200, 105, 456]
[-200, 105, 457]
[-200, 105, 458]
[-200, 105, 459]
[-200, 106, 460]
[-200, 106, 461]
[-200, 106, 461]
[-200, 107, 462]
[-200, 107, 463]
[-200, 107, 464]
[-200, 108, 465]
[-200, 108, 466]
[-200, 108, 466]
[-200, 109, 467]
[-200, 109, 468]
[-200, 109, 469]
[-200, 110, 469]
[-200, 110, 470]
[-200, 110, 471]
[-200, 111, 472]
[-200, 111, 472]
[-200, 111, 473]
[-200, 112, 474]
[-199, 112, 475]
[-199, 112, 475]
[-199, 113, 476]
[-199, 113, 477]
[-199, 114, 477]
[-199, 114, 478]
[-199, 114, 479]
[-199, 115, 479]
[-199, 115, 480]
[-199, 115, 481]
[-199, 116, 481]
[-199, 116, 482]
[-199, 117, 483]
[-199, 117, 483]
[-199, 118, 484]
[-199, 118, 484]
[-199, 118, 485]
[-199, 119, 486]
[-200, 119, 486]
[-200, 120, 487]
[-200, 120, 487]
[-200, 121, 488]
[-200, 121, 488]
[-200, 121, 489]
[-200, 122, 489]
[-200, 122, 490]
[-200, 123, 491]
[-201, 123, 491]
[-201, 124, 492]
[-201, 124, 492]
[-201, 125, 492]
[-201, 125, 493]
[-202, 126, 493]
[-202, 126, 494]
[-202, 127, 494]
[-202, 127, 495]
[-203, 128, 495]
[-203, 128, 496]
[-203, 129, 496]
[-204, 129, 496]
[-204, 130, 497]
[-205, 130, 497]
[-205, 131, 497]
[-205, 131, 498]
[-206, 132, 498]
[-206, 132, 498]
[-207, 133, 499]
[-207, 133, 499]
[-208, 134, 499]
[-208, 134, 500]
[-209, 135, 500]
[-210, 135, 500]
[-210, 136, 501]
[-211, 136, 501]
[-211, 137, 501]
[-212, 137, 501]
[-213, 138, 502]
[-213, 138, 502]
[-214, 139, 502]
[-215, 139, 502]
[-216, 140, 502]
[-216, 140, 503]
[-217, 141, 503]
[-218, 142, 503]
[-219, 142, 503]
[-220, 143, 503]
[-221, 143, 503]
[-221, 144, 503]
[-222, 144, 504]
[-223, 145, 504]
[-224, 145, 504]
[-225, 146, 504]
[-226, 146, 504]
[-227, 147, 504]
[-228, 148, 504]
[-229, 148, 504]
[-230, 149, 504]
[-231, 149, 504]
[-232, 150, 504]
[-233, 150, 504]
[-235, 151, 504]
[-236, 152, 504]
[-237, 152, 504]
[-238, 153, 504]
[-239, 153, 504]
[-240, 154, 504]
[-241, 154, 504]
[-243, 155, 504]
[-244, 156, 504]
[-245, 156, 504]
[-246, 157, 504]
[-247, 157, 503]
[-249, 158, 503]
[-250, 158, 503]
[-251, 159, 503]
[-252, 160, 503]
[-254, 160, 503]
[-255, 161, 503]
[-256, 161, 502]
[-257, 162, 502]
[-259, 162, 502]
[-260, 163, 502]
[-261, 164, 502]
[-263, 164, 501]
[-264, 165, 501]
[-265, 165, 501]
[-266, 166, 501]
[-268, 166, 500]
[-269, 167, 500]
[-270, 168, 500]
[-272, 168, 499]
[-273, 169, 499]
[-274, 169, 499]
[-275, 170, 499]
[-277, 170, 498]
[-278, 171, 498]
[-279, 172, 497]
[-280, 172, 497]
[-282, 173, 497]
[-283, 173, 496]
[-284, 174, 496]
[-285, 174, 496]
[-286, 175, 495]
[-288, 176, 495]
[-289, 176, 494]
[-290, 177, 494]
[-291, 177, 493]
[-292, 178, 493]
[-293, 178, 493]
[-294, 179, 492]
[-296, 180, 492]
[-297, 180, 491]
[-298, 181, 491]
[-299, 181, 490]
[-300, 182, 490]
[-301, 182, 489]
[-302, 183, 488]
[-303, 184, 488]
[-304, 184, 487]
[-305, 185, 487]
[-306, 185, 486]
[-307, 186, 486]
[-308, 186, 485]
[-308, 187, 484]
[-309, 187, 484]
[-310, 188, 483]
[-311, 188, 483]
[-312, 189, 482]
[-313, 190, 481]
[-313, 190, 481]
[-314, 191, 480]
[-315, 191, 479]
[-316, 192, 479]
[-316, 192, 478]
[-317, 193, 477]
[-318, 193, 477]
[-318, 194, 476]
[-319, 194, 475]
[-319, 195, 474]
[-320, 195, 474]
[-321, 196, 473]
[-321, 196, 472]
[-322, 197, 471]
[-322, 197, 471]
[-323, 198, 470]
[-323, 198, 469]
[-324, 199, 468]
[-324, 199, 468]
[-324, 200, 467]
[-325, 200, 466]
[-325, 201, 465]
[-326, 201, 464]
[-326, 202, 464]
[-326, 202, 463]
[-327, 203, 462]
[-327, 203, 461]
[-327, 204, 460]
[-327, 204, 459]
[-328, 205, 458]
[-328, 205, 458]
[-328, 206, 457]
[-328, 206, 456]
[-328, 207, 455]
[-329, 207, 454]
[-329, 208, 453]
[-329, 208, 452]
[-329, 209, 451]
[-329, 209, 450]
[-329, 209, 449]
[-329, 210, 449]
[-329, 210, 448]
[-329, 211, 447]
[-330, 211, 446]
[-330, 212, 445]
[-330, 212, 444]
[-330, 212, 443]
[-330, 213, 442]
[-330, 213, 441]
[-330, 214, 440]
[-330, 214, 439]
[-330, 215, 438]
[-330, 215, 437]
[-330, 215, 436]
[-330, 216, 435]
[-330, 216, 434]
[-330, 216, 433]
[-330, 217, 432]
[-330, 217, 431]
[-330, 218, 430]
[-330, 218, 429]
[-329, 218, 428]
[-329, 219, 427]
[-329, 219, 426]
[-329, 219, 425]
[-329, 220, 424]
[-329, 220, 423]
[-329, 220, 421]
[-329, 221, 420]
[-329, 221, 419]
[-329, 221, 418]
[-329, 222, 417]
[-329, 222, 416]
[-329, 222, 415]
[-329, 223, 414]
[-329, 223, 413]
[-329, 223, 412]
[-329, 224, 411]
[-329, 224, 410]
[-329, 224, 409]
[-329, 225, 407]
[-329, 225, 406]
[-329, 225, 405]
[-329, 225, 404]
[-329, 226, 403]
[-329, 226, 402]
[-329, 226, 401]
[-329, 226, 400]
[-329, 227, 399]
[-329, 227, 398]
[-329, 227, 396]
[-329, 227, 395]
[-329, 228, 394]
[-329, 228, 393]
[-329, 228, 392]
[-329, 228, 391]
[-329, 228, 390]
[-329, 229, 389]
[-329, 229, 387]
[-329, 229, 386]
[-329, 229, 385]
[-329, 229, 384]
[-329, 230, 383]
[-329, 230, 382]
[-329, 230, 381]
[-329, 230, 380]
[-329, 230, 379]
[-329, 230, 377]
[-329, 230, 376]
[-329, 231, 375]
[-329, 231, 374]
[-329, 231, 373]
[-329, 231, 372]
[-329, 231, 371]
[-329, 231, 370]
[-329, 231, 368]
[-330, 231, 367]
[-330, 231, 366]
[-330, 232, 365]
[-330, 232, 364]
[-330, 232, 363]
[-330, 232, 362]
[-330, 232, 361]
[-330, 232, 360]
[-330, 232, 359]
[-330, 232, 357]
[-330, 232, 356]
[-330, 232, 355]
[-330, 232, 354]
[-330, 232, 353]
[-330, 232, 352]
