# Curve Parameters
# y_end: 236
# loops: 1
# A (south bulge): 140
# B (lateral wiggle): 10
# samples: 350
#
# Analysis Results
# max_grade: 0.868396
# length_3d: 379.49
# length_2d: 343.72
# min_horiz_step: 0.247671
# status: OK
#
# Coordinates (x, y, z)
#==================================================

[-199, 98, 410]
[-199, 98, 411]
[-199, 98, 413]
[-199, 98, 414]
[-199, 98, 415]
[-199, 98, 416]
[-199, 98, 418]
[-199, 98, 419]
[-199, 98, 420]
[-199, 98, 421]
[-199, 98, 422]
[-199, 98, 424]
[-199, 98, 425]
[-200, 99, 426]
[-200, 99, 427]
[-200, 99, 429]
[-200, 99, 430]
[-200, 99, 431]
[-200, 99, 432]
[-200, 99, 433]
[-200, 99, 435]
[-200, 99, 436]
[-200, 100, 437]
[-200, 100, 438]
[-201, 100, 439]
[-201, 100, 440]
[-201, 100, 442]
[-201, 100, 443]
[-201, 101, 444]
[-201, 101, 445]
[-201, 101, 446]
[-202, 101, 447]
[-202, 101, 448]
[-202, 101, 450]
[-202, 102, 451]
[-202, 102, 452]
[-202, 102, 453]
[-202, 102, 454]
[-203, 103, 455]
[-203, 103, 456]
[-203, 103, 457]
[-203, 103, 458]
[-203, 104, 459]
[-203, 104, 460]
[-204, 104, 461]
[-204, 104, 463]
[-204, 105, 464]
[-204, 105, 465]
[-204, 105, 466]
[-205, 105, 467]
[-205, 106, 468]
[-205, 106, 469]
[-205, 106, 470]
[-205, 107, 471]
[-206, 107, 472]
[-206, 107, 473]
[-206, 108, 474]
[-206, 108, 475]
[-207, 108, 476]
[-207, 108, 476]
[-207, 109, 477]
[-207, 109, 478]
[-207, 110, 479]
[-208, 110, 480]
[-208, 110, 481]
[-208, 111, 482]
[-208, 111, 483]
[-209, 111, 484]
[-209, 112, 485]
[-209, 112, 486]
[-209, 112, 486]
[-210, 113, 487]
[-210, 113, 488]
[-210, 114, 489]
[-210, 114, 490]
[-211, 114, 491]
[-211, 115, 491]
[-211, 115, 492]
[-212, 116, 493]
[-212, 116, 494]
[-212, 116, 495]
[-212, 117, 495]
[-213, 117, 496]
[-213, 118, 497]
[-213, 118, 498]
[-214, 119, 498]
[-214, 119, 499]
[-214, 119, 500]
[-215, 120, 500]
[-215, 120, 501]
[-215, 121, 502]
[-216, 121, 503]
[-216, 122, 503]
[-216, 122, 504]
[-217, 123, 504]
[-217, 123, 505]
[-218, 124, 506]
[-218, 124, 506]
[-218, 125, 507]
[-219, 125, 508]
[-219, 125, 508]
[-220, 126, 509]
[-220, 126, 509]
[-220, 127, 510]
[-221, 127, 510]
[-221, 128, 511]
[-222, 128, 511]
[-222, 129, 512]
[-223, 129, 512]
[-223, 130, 513]
[-223, 130, 513]
[-224, 131, 514]
[-224, 132, 514]
[-225, 132, 515]
[-225, 133, 515]
[-226, 133, 516]
[-226, 134, 516]
[-227, 134, 516]
[-227, 135, 517]
[-228, 135, 517]
[-228, 136, 518]
[-229, 136, 518]
[-229, 137, 518]
[-230, 137, 519]
[-230, 138, 519]
[-231, 138, 519]
[-232, 139, 520]
[-232, 140, 520]
[-233, 140, 520]
[-233, 141, 521]
[-234, 141, 521]
[-234, 142, 521]
[-235, 142, 521]
[-236, 143, 521]
[-236, 143, 522]
[-237, 144, 522]
[-238, 145, 522]
[-238, 145, 522]
[-239, 146, 522]
[-239, 146, 523]
[-240, 147, 523]
[-241, 147, 523]
[-241, 148, 523]
[-242, 149, 523]
[-243, 149, 523]
[-243, 150, 523]
[-244, 150, 523]
[-245, 151, 524]
[-245, 151, 524]
[-246, 152, 524]
[-247, 153, 524]
[-247, 153, 524]
[-248, 154, 524]
[-249, 154, 524]
[-250, 155, 524]
[-250, 155, 524]
[-251, 156, 524]
[-252, 157, 524]
[-252, 157, 524]
[-253, 158, 523]
[-254, 158, 523]
[-255, 159, 523]
[-255, 160, 523]
[-256, 160, 523]
[-257, 161, 523]
[-257, 161, 523]
[-258, 162, 523]
[-259, 163, 523]
[-260, 163, 522]
[-260, 164, 522]
[-261, 164, 522]
[-262, 165, 522]
[-263, 166, 522]
[-263, 166, 521]
[-264, 167, 521]
[-265, 167, 521]
[-266, 168, 521]
[-266, 168, 520]
[-267, 169, 520]
[-268, 170, 520]
[-269, 170, 519]
[-269, 171, 519]
[-270, 171, 519]
[-271, 172, 518]
[-272, 173, 518]
[-272, 173, 518]
[-273, 174, 517]
[-274, 174, 517]
[-274, 175, 517]
[-275, 176, 516]
[-276, 176, 516]
[-277, 177, 515]
[-277, 177, 515]
[-278, 178, 514]
[-279, 179, 514]
[-279, 179, 514]
[-280, 180, 513]
[-281, 180, 513]
[-282, 181, 512]
[-282, 181, 512]
[-283, 182, 511]
[-284, 183, 510]
[-284, 183, 510]
[-285, 184, 509]
[-286, 184, 509]
[-286, 185, 508]
[-287, 185, 508]
[-288, 186, 507]
[-288, 187, 506]
[-289, 187, 506]
[-290, 188, 505]
[-290, 188, 505]
[-291, 189, 504]
[-291, 189, 503]
[-292, 190, 503]
[-293, 191, 502]
[-293, 191, 501]
[-294, 192, 500]
[-295, 192, 500]
[-295, 193, 499]
[-296, 193, 498]
[-296, 194, 498]
[-297, 194, 497]
[-297, 195, 496]
[-298, 196, 495]
[-299, 196, 495]
[-299, 197, 494]
[-300, 197, 493]
[-300, 198, 492]
[-301, 198, 491]
[-301, 199, 491]
[-302, 199, 490]
[-302, 200, 489]
[-303, 200, 488]
[-303, 201, 487]
[-304, 201, 486]
[-304, 202, 485]
[-305, 202, 485]
[-305, 203, 484]
[-306, 204, 483]
[-306, 204, 482]
[-306, 205, 481]
[-307, 205, 480]
[-307, 206, 479]
[-308, 206, 478]
[-308, 207, 477]
[-309, 207, 476]
[-309, 208, 475]
[-309, 208, 474]
[-310, 209, 473]
[-310, 209, 472]
[-311, 209, 471]
[-311, 210, 470]
[-311, 210, 469]
[-312, 211, 468]
[-312, 211, 467]
[-313, 212, 466]
[-313, 212, 465]
[-313, 213, 464]
[-314, 213, 463]
[-314, 214, 462]
[-314, 214, 461]
[-315, 215, 460]
[-315, 215, 459]
[-315, 215, 458]
[-316, 216, 457]
[-316, 216, 455]
[-316, 217, 454]
[-317, 217, 453]
[-317, 218, 452]
[-317, 218, 451]
[-317, 218, 450]
[-318, 219, 449]
[-318, 219, 448]
[-318, 220, 446]
[-319, 220, 445]
[-319, 220, 444]
[-319, 221, 443]
[-319, 221, 442]
[-320, 222, 441]
[-320, 222, 439]
[-320, 222, 438]
[-320, 223, 437]
[-321, 223, 436]
[-321, 223, 435]
[-321, 224, 433]
[-321, 224, 432]
[-322, 224, 431]
[-322, 225, 430]
[-322, 225, 429]
[-322, 226, 427]
[-322, 226, 426]
[-323, 226, 425]
[-323, 226, 424]
[-323, 227, 422]
[-323, 227, 421]
[-324, 227, 420]
[-324, 228, 419]
[-324, 228, 417]
[-324, 228, 416]
[-324, 229, 415]
[-325, 229, 414]
[-325, 229, 412]
[-325, 229, 411]
[-325, 230, 410]
[-325, 230, 409]
[-326, 230, 407]
[-326, 230, 406]
[-326, 231, 405]
[-326, 231, 403]
[-326, 231, 402]
[-326, 231, 401]
[-327, 232, 400]
[-327, 232, 398]
[-327, 232, 397]
[-327, 232, 396]
[-327, 233, 394]
[-327, 233, 393]
[-327, 233, 392]
[-328, 233, 391]
[-328, 233, 389]
[-328, 233, 388]
[-328, 234, 387]
[-328, 234, 385]
[-328, 234, 384]
[-328, 234, 383]
[-329, 234, 382]
[-329, 234, 380]
[-329, 235, 379]
[-329, 235, 378]
[-329, 235, 376]
[-329, 235, 375]
[-329, 235, 374]
[-329, 235, 372]
[-329, 235, 371]
[-329, 235, 370]
[-329, 235, 369]
[-330, 236, 367]
[-330, 236, 366]
[-330, 236, 365]
[-330, 236, 363]
[-330, 236, 362]
[-330, 236, 361]
[-330, 236, 360]
[-330, 236, 358]
[-330, 236, 357]
[-330, 236, 356]
[-330, 236, 355]
[-330, 236, 353]
[-330, 236, 352]
