# Curve Parameters
# y_end: 248
# loops: 1
# A (south bulge): 140
# B (lateral wiggle): 40
# samples: 350
#
# Analysis Results
# max_grade: 0.910406
# length_3d: 409.75
# length_2d: 373.34
# min_horiz_step: 0.235202
# status: OK
#
# Coordinates (x, y, z)
#==================================================

[-199, 98, 410]
[-199, 98, 411]
[-199, 98, 413]
[-199, 98, 414]
[-199, 98, 415]
[-199, 98, 416]
[-199, 98, 418]
[-199, 98, 419]
[-199, 98, 420]
[-199, 98, 421]
[-199, 98, 422]
[-199, 98, 424]
[-199, 99, 425]
[-199, 99, 426]
[-199, 99, 427]
[-200, 99, 429]
[-200, 99, 430]
[-200, 99, 431]
[-200, 99, 432]
[-200, 99, 433]
[-200, 99, 435]
[-200, 100, 436]
[-200, 100, 437]
[-200, 100, 438]
[-200, 100, 439]
[-200, 100, 440]
[-200, 100, 442]
[-200, 101, 443]
[-200, 101, 444]
[-200, 101, 445]
[-200, 101, 446]
[-200, 101, 447]
[-200, 102, 448]
[-200, 102, 450]
[-200, 102, 451]
[-200, 102, 452]
[-200, 102, 453]
[-200, 103, 454]
[-200, 103, 455]
[-200, 103, 456]
[-200, 103, 457]
[-200, 104, 458]
[-200, 104, 459]
[-200, 104, 460]
[-200, 105, 461]
[-200, 105, 463]
[-200, 105, 464]
[-200, 105, 465]
[-200, 106, 466]
[-200, 106, 467]
[-200, 106, 468]
[-200, 107, 469]
[-200, 107, 470]
[-200, 107, 471]
[-200, 108, 472]
[-200, 108, 473]
[-200, 108, 474]
[-200, 109, 475]
[-200, 109, 476]
[-200, 109, 476]
[-200, 110, 477]
[-200, 110, 478]
[-200, 111, 479]
[-200, 111, 480]
[-200, 111, 481]
[-200, 112, 482]
[-200, 112, 483]
[-200, 112, 484]
[-200, 113, 485]
[-200, 113, 486]
[-199, 114, 486]
[-199, 114, 487]
[-199, 115, 488]
[-199, 115, 489]
[-199, 115, 490]
[-199, 116, 491]
[-199, 116, 491]
[-199, 117, 492]
[-199, 117, 493]
[-199, 118, 494]
[-199, 118, 495]
[-199, 118, 495]
[-199, 119, 496]
[-199, 119, 497]
[-199, 120, 498]
[-199, 120, 498]
[-199, 121, 499]
[-199, 121, 500]
[-200, 122, 500]
[-200, 122, 501]
[-200, 123, 502]
[-200, 123, 503]
[-200, 124, 503]
[-200, 124, 504]
[-200, 125, 504]
[-200, 125, 505]
[-200, 126, 506]
[-201, 126, 506]
[-201, 127, 507]
[-201, 127, 508]
[-201, 128, 508]
[-201, 128, 509]
[-202, 129, 509]
[-202, 129, 510]
[-202, 130, 510]
[-202, 131, 511]
[-203, 131, 511]
[-203, 132, 512]
[-203, 132, 512]
[-204, 133, 513]
[-204, 133, 513]
[-205, 134, 514]
[-205, 134, 514]
[-205, 135, 515]
[-206, 136, 515]
[-206, 136, 516]
[-207, 137, 516]
[-207, 137, 516]
[-208, 138, 517]
[-208, 138, 517]
[-209, 139, 518]
[-210, 140, 518]
[-210, 140, 518]
[-211, 141, 519]
[-211, 141, 519]
[-212, 142, 519]
[-213, 143, 520]
[-213, 143, 520]
[-214, 144, 520]
[-215, 144, 521]
[-216, 145, 521]
[-216, 146, 521]
[-217, 146, 521]
[-218, 147, 521]
[-219, 147, 522]
[-220, 148, 522]
[-221, 149, 522]
[-221, 149, 522]
[-222, 150, 522]
[-223, 150, 523]
[-224, 151, 523]
[-225, 152, 523]
[-226, 152, 523]
[-227, 153, 523]
[-228, 154, 523]
[-229, 154, 523]
[-230, 155, 523]
[-231, 155, 524]
[-232, 156, 524]
[-233, 157, 524]
[-235, 157, 524]
[-236, 158, 524]
[-237, 159, 524]
[-238, 159, 524]
[-239, 160, 524]
[-240, 160, 524]
[-241, 161, 524]
[-243, 162, 524]
[-244, 162, 524]
[-245, 163, 523]
[-246, 164, 523]
[-247, 164, 523]
[-249, 165, 523]
[-250, 166, 523]
[-251, 166, 523]
[-252, 167, 523]
[-254, 168, 523]
[-255, 168, 523]
[-256, 169, 522]
[-257, 169, 522]
[-259, 170, 522]
[-260, 171, 522]
[-261, 171, 522]
[-263, 172, 521]
[-264, 173, 521]
[-265, 173, 521]
[-266, 174, 521]
[-268, 175, 520]
[-269, 175, 520]
[-270, 176, 520]
[-272, 177, 519]
[-273, 177, 519]
[-274, 178, 519]
[-275, 178, 518]
[-277, 179, 518]
[-278, 180, 518]
[-279, 180, 517]
[-280, 181, 517]
[-282, 182, 517]
[-283, 182, 516]
[-284, 183, 516]
[-285, 184, 515]
[-286, 184, 515]
[-288, 185, 514]
[-289, 186, 514]
[-290, 186, 514]
[-291, 187, 513]
[-292, 187, 513]
[-293, 188, 512]
[-294, 189, 512]
[-296, 189, 511]
[-297, 190, 510]
[-298, 191, 510]
[-299, 191, 509]
[-300, 192, 509]
[-301, 192, 508]
[-302, 193, 508]
[-303, 194, 507]
[-304, 194, 506]
[-305, 195, 506]
[-306, 196, 505]
[-307, 196, 505]
[-308, 197, 504]
[-308, 197, 503]
[-309, 198, 503]
[-310, 199, 502]
[-311, 199, 501]
[-312, 200, 500]
[-313, 200, 500]
[-313, 201, 499]
[-314, 202, 498]
[-315, 202, 498]
[-316, 203, 497]
[-316, 203, 496]
[-317, 204, 495]
[-318, 205, 495]
[-318, 205, 494]
[-319, 206, 493]
[-319, 206, 492]
[-320, 207, 491]
[-321, 208, 491]
[-321, 208, 490]
[-322, 209, 489]
[-322, 209, 488]
[-323, 210, 487]
[-323, 210, 486]
[-324, 211, 485]
[-324, 212, 485]
[-324, 212, 484]
[-325, 213, 483]
[-325, 213, 482]
[-326, 214, 481]
[-326, 214, 480]
[-326, 215, 479]
[-327, 215, 478]
[-327, 216, 477]
[-327, 217, 476]
[-327, 217, 475]
[-328, 218, 474]
[-328, 218, 473]
[-328, 219, 472]
[-328, 219, 471]
[-328, 220, 470]
[-329, 220, 469]
[-329, 221, 468]
[-329, 221, 467]
[-329, 222, 466]
[-329, 222, 465]
[-329, 223, 464]
[-329, 223, 463]
[-329, 224, 462]
[-329, 224, 461]
[-330, 225, 460]
[-330, 225, 459]
[-330, 226, 458]
[-330, 226, 457]
[-330, 227, 455]
[-330, 227, 454]
[-330, 228, 453]
[-330, 228, 452]
[-330, 228, 451]
[-330, 229, 450]
[-330, 229, 449]
[-330, 230, 448]
[-330, 230, 446]
[-330, 231, 445]
[-330, 231, 444]
[-330, 231, 443]
[-330, 232, 442]
[-330, 232, 441]
[-329, 233, 439]
[-329, 233, 438]
[-329, 234, 437]
[-329, 234, 436]
[-329, 234, 435]
[-329, 235, 433]
[-329, 235, 432]
[-329, 235, 431]
[-329, 236, 430]
[-329, 236, 429]
[-329, 237, 427]
[-329, 237, 426]
[-329, 237, 425]
[-329, 238, 424]
[-329, 238, 422]
[-329, 238, 421]
[-329, 239, 420]
[-329, 239, 419]
[-329, 239, 417]
[-329, 240, 416]
[-329, 240, 415]
[-329, 240, 414]
[-329, 241, 412]
[-329, 241, 411]
[-329, 241, 410]
[-329, 241, 409]
[-329, 242, 407]
[-329, 242, 406]
[-329, 242, 405]
[-329, 243, 403]
[-329, 243, 402]
[-329, 243, 401]
[-329, 243, 400]
[-329, 244, 398]
[-329, 244, 397]
[-329, 244, 396]
[-329, 244, 394]
[-329, 244, 393]
[-329, 245, 392]
[-329, 245, 391]
[-329, 245, 389]
[-329, 245, 388]
[-329, 245, 387]
[-329, 246, 385]
[-329, 246, 384]
[-329, 246, 383]
[-329, 246, 382]
[-329, 246, 380]
[-329, 246, 379]
[-329, 247, 378]
[-329, 247, 376]
[-329, 247, 375]
[-329, 247, 374]
[-329, 247, 372]
[-329, 247, 371]
[-330, 247, 370]
[-330, 247, 369]
[-330, 247, 367]
[-330, 248, 366]
[-330, 248, 365]
[-330, 248, 363]
[-330, 248, 362]
[-330, 248, 361]
[-330, 248, 360]
[-330, 248, 358]
[-330, 248, 357]
[-330, 248, 356]
[-330, 248, 355]
[-330, 248, 353]
[-330, 248, 352]
