# Curve Parameters
# y_end: 224
# loops: 1
# A (south bulge): 140
# B (lateral wiggle): 60
# samples: 350
#
# Analysis Results
# max_grade: 0.809896
# length_3d: 423.28
# length_2d: 398.86
# min_horiz_step: 0.220531
# status: OK
#
# Coordinates (x, y, z)
#==================================================

[-199, 98, 410]
[-199, 98, 411]
[-199, 98, 413]
[-199, 98, 414]
[-199, 98, 415]
[-199, 98, 416]
[-199, 98, 418]
[-199, 98, 419]
[-199, 98, 420]
[-199, 98, 421]
[-199, 98, 422]
[-199, 98, 424]
[-199, 98, 425]
[-199, 99, 426]
[-199, 99, 427]
[-199, 99, 429]
[-199, 99, 430]
[-199, 99, 431]
[-200, 99, 432]
[-200, 99, 433]
[-200, 99, 435]
[-200, 99, 436]
[-200, 99, 437]
[-200, 100, 438]
[-200, 100, 439]
[-200, 100, 440]
[-200, 100, 442]
[-200, 100, 443]
[-200, 100, 444]
[-200, 100, 445]
[-200, 101, 446]
[-200, 101, 447]
[-199, 101, 448]
[-199, 101, 450]
[-199, 101, 451]
[-199, 102, 452]
[-199, 102, 453]
[-199, 102, 454]
[-199, 102, 455]
[-199, 102, 456]
[-199, 103, 457]
[-199, 103, 458]
[-199, 103, 459]
[-198, 103, 460]
[-198, 104, 461]
[-198, 104, 463]
[-198, 104, 464]
[-198, 104, 465]
[-198, 104, 466]
[-198, 105, 467]
[-197, 105, 468]
[-197, 105, 469]
[-197, 106, 470]
[-197, 106, 471]
[-197, 106, 472]
[-196, 106, 473]
[-196, 107, 474]
[-196, 107, 475]
[-196, 107, 476]
[-196, 108, 476]
[-195, 108, 477]
[-195, 108, 478]
[-195, 109, 479]
[-195, 109, 480]
[-194, 109, 481]
[-194, 109, 482]
[-194, 110, 483]
[-194, 110, 484]
[-193, 110, 485]
[-193, 111, 486]
[-193, 111, 486]
[-193, 112, 487]
[-192, 112, 488]
[-192, 112, 489]
[-192, 113, 490]
[-192, 113, 491]
[-191, 113, 491]
[-191, 114, 492]
[-191, 114, 493]
[-191, 114, 494]
[-191, 115, 495]
[-190, 115, 495]
[-190, 116, 496]
[-190, 116, 497]
[-190, 116, 498]
[-190, 117, 498]
[-190, 117, 499]
[-189, 118, 500]
[-189, 118, 500]
[-189, 118, 501]
[-189, 119, 502]
[-189, 119, 503]
[-189, 120, 503]
[-189, 120, 504]
[-189, 120, 504]
[-189, 121, 505]
[-189, 121, 506]
[-189, 122, 506]
[-189, 122, 507]
[-189, 123, 508]
[-189, 123, 508]
[-189, 124, 509]
[-189, 124, 509]
[-190, 124, 510]
[-190, 125, 510]
[-190, 125, 511]
[-190, 126, 511]
[-190, 126, 512]
[-191, 127, 512]
[-191, 127, 513]
[-191, 128, 513]
[-192, 128, 514]
[-192, 129, 514]
[-192, 129, 515]
[-193, 130, 515]
[-193, 130, 516]
[-194, 131, 516]
[-194, 131, 516]
[-195, 131, 517]
[-195, 132, 517]
[-196, 132, 518]
[-197, 133, 518]
[-197, 133, 518]
[-198, 134, 519]
[-199, 134, 519]
[-199, 135, 519]
[-200, 135, 520]
[-201, 136, 520]
[-202, 136, 520]
[-203, 137, 521]
[-203, 137, 521]
[-204, 138, 521]
[-205, 138, 521]
[-206, 139, 521]
[-207, 139, 522]
[-208, 140, 522]
[-209, 140, 522]
[-210, 141, 522]
[-211, 142, 522]
[-213, 142, 523]
[-214, 143, 523]
[-215, 143, 523]
[-216, 144, 523]
[-217, 144, 523]
[-218, 145, 523]
[-220, 145, 523]
[-221, 146, 523]
[-222, 146, 524]
[-224, 147, 524]
[-225, 147, 524]
[-226, 148, 524]
[-228, 148, 524]
[-229, 149, 524]
[-231, 149, 524]
[-232, 150, 524]
[-234, 150, 524]
[-235, 151, 524]
[-237, 152, 524]
[-238, 152, 524]
[-240, 153, 523]
[-241, 153, 523]
[-243, 154, 523]
[-244, 154, 523]
[-246, 155, 523]
[-247, 155, 523]
[-249, 156, 523]
[-251, 156, 523]
[-252, 157, 523]
[-254, 157, 522]
[-255, 158, 522]
[-257, 159, 522]
[-259, 159, 522]
[-260, 160, 522]
[-262, 160, 521]
[-264, 161, 521]
[-265, 161, 521]
[-267, 162, 521]
[-269, 162, 520]
[-270, 163, 520]
[-272, 163, 520]
[-274, 164, 519]
[-275, 165, 519]
[-277, 165, 519]
[-278, 166, 518]
[-280, 166, 518]
[-282, 167, 518]
[-283, 167, 517]
[-285, 168, 517]
[-286, 168, 517]
[-288, 169, 516]
[-289, 169, 516]
[-291, 170, 515]
[-292, 170, 515]
[-294, 171, 514]
[-295, 172, 514]
[-297, 172, 514]
[-298, 173, 513]
[-300, 173, 513]
[-301, 174, 512]
[-303, 174, 512]
[-304, 175, 511]
[-305, 175, 510]
[-307, 176, 510]
[-308, 176, 509]
[-309, 177, 509]
[-311, 177, 508]
[-312, 178, 508]
[-313, 178, 507]
[-314, 179, 506]
[-315, 179, 506]
[-316, 180, 505]
[-318, 180, 505]
[-319, 181, 504]
[-320, 182, 503]
[-321, 182, 503]
[-322, 183, 502]
[-323, 183, 501]
[-324, 184, 500]
[-325, 184, 500]
[-326, 185, 499]
[-326, 185, 498]
[-327, 186, 498]
[-328, 186, 497]
[-329, 187, 496]
[-330, 187, 495]
[-330, 188, 495]
[-331, 188, 494]
[-332, 189, 493]
[-332, 189, 492]
[-333, 190, 491]
[-334, 190, 491]
[-334, 191, 490]
[-335, 191, 489]
[-335, 191, 488]
[-336, 192, 487]
[-336, 192, 486]
[-337, 193, 485]
[-337, 193, 485]
[-337, 194, 484]
[-338, 194, 483]
[-338, 195, 482]
[-338, 195, 481]
[-339, 196, 480]
[-339, 196, 479]
[-339, 197, 478]
[-339, 197, 477]
[-339, 198, 476]
[-340, 198, 475]
[-340, 198, 474]
[-340, 199, 473]
[-340, 199, 472]
[-340, 200, 471]
[-340, 200, 470]
[-340, 201, 469]
[-340, 201, 468]
[-340, 202, 467]
[-340, 202, 466]
[-340, 202, 465]
[-340, 203, 464]
[-340, 203, 463]
[-340, 204, 462]
[-340, 204, 461]
[-340, 204, 460]
[-339, 205, 459]
[-339, 205, 458]
[-339, 206, 457]
[-339, 206, 455]
[-339, 206, 454]
[-339, 207, 453]
[-338, 207, 452]
[-338, 208, 451]
[-338, 208, 450]
[-338, 208, 449]
[-338, 209, 448]
[-337, 209, 446]
[-337, 209, 445]
[-337, 210, 444]
[-337, 210, 443]
[-336, 210, 442]
[-336, 211, 441]
[-336, 211, 439]
[-336, 212, 438]
[-335, 212, 437]
[-335, 212, 436]
[-335, 213, 435]
[-335, 213, 433]
[-334, 213, 432]
[-334, 213, 431]
[-334, 214, 430]
[-334, 214, 429]
[-333, 214, 427]
[-333, 215, 426]
[-333, 215, 425]
[-333, 215, 424]
[-333, 216, 422]
[-332, 216, 421]
[-332, 216, 420]
[-332, 216, 419]
[-332, 217, 417]
[-332, 217, 416]
[-331, 217, 415]
[-331, 218, 414]
[-331, 218, 412]
[-331, 218, 411]
[-331, 218, 410]
[-331, 218, 409]
[-331, 219, 407]
[-330, 219, 406]
[-330, 219, 405]
[-330, 219, 403]
[-330, 220, 402]
[-330, 220, 401]
[-330, 220, 400]
[-330, 220, 398]
[-330, 220, 397]
[-330, 221, 396]
[-330, 221, 394]
[-330, 221, 393]
[-329, 221, 392]
[-329, 221, 391]
[-329, 222, 389]
[-329, 222, 388]
[-329, 222, 387]
[-329, 222, 385]
[-329, 222, 384]
[-329, 222, 383]
[-329, 222, 382]
[-329, 223, 380]
[-329, 223, 379]
[-329, 223, 378]
[-329, 223, 376]
[-329, 223, 375]
[-330, 223, 374]
[-330, 223, 372]
[-330, 223, 371]
[-330, 223, 370]
[-330, 223, 369]
[-330, 224, 367]
[-330, 224, 366]
[-330, 224, 365]
[-330, 224, 363]
[-330, 224, 362]
[-330, 224, 361]
[-330, 224, 360]
[-330, 224, 358]
[-330, 224, 357]
[-330, 224, 356]
[-330, 224, 355]
[-330, 224, 353]
[-330, 224, 352]
