# Curve Parameters
# y_end: 224
# loops: 1
# A (south bulge): 100
# B (lateral wiggle): 10
# samples: 350
#
# Analysis Results
# max_grade: 0.874999
# length_3d: 307.48
# length_2d: 273.26
# min_horiz_step: 0.207327
# status: OK
#
# Coordinates (x, y, z)
#==================================================

[-199, 98, 410]
[-199, 98, 411]
[-199, 98, 412]
[-199, 98, 413]
[-199, 98, 414]
[-199, 98, 414]
[-199, 98, 415]
[-199, 98, 416]
[-199, 98, 417]
[-199, 98, 418]
[-199, 98, 419]
[-199, 98, 420]
[-199, 98, 421]
[-200, 99, 421]
[-200, 99, 422]
[-200, 99, 423]
[-200, 99, 424]
[-200, 99, 425]
[-200, 99, 426]
[-200, 99, 427]
[-200, 99, 427]
[-200, 99, 428]
[-200, 99, 429]
[-200, 100, 430]
[-201, 100, 431]
[-201, 100, 431]
[-201, 100, 432]
[-201, 100, 433]
[-201, 100, 434]
[-201, 100, 435]
[-201, 101, 435]
[-202, 101, 436]
[-202, 101, 437]
[-202, 101, 438]
[-202, 101, 439]
[-202, 102, 439]
[-202, 102, 440]
[-202, 102, 441]
[-203, 102, 442]
[-203, 102, 442]
[-203, 103, 443]
[-203, 103, 444]
[-203, 103, 445]
[-203, 103, 445]
[-204, 104, 446]
[-204, 104, 447]
[-204, 104, 447]
[-204, 104, 448]
[-204, 104, 449]
[-205, 105, 450]
[-205, 105, 450]
[-205, 105, 451]
[-205, 106, 452]
[-205, 106, 452]
[-206, 106, 453]
[-206, 106, 454]
[-206, 107, 454]
[-206, 107, 455]
[-207, 107, 456]
[-207, 108, 456]
[-207, 108, 457]
[-207, 108, 457]
[-207, 109, 458]
[-208, 109, 459]
[-208, 109, 459]
[-208, 109, 460]
[-208, 110, 461]
[-209, 110, 461]
[-209, 110, 462]
[-209, 111, 462]
[-209, 111, 463]
[-210, 112, 463]
[-210, 112, 464]
[-210, 112, 465]
[-210, 113, 465]
[-211, 113, 466]
[-211, 113, 466]
[-211, 114, 467]
[-212, 114, 467]
[-212, 114, 468]
[-212, 115, 468]
[-212, 115, 469]
[-213, 116, 469]
[-213, 116, 470]
[-213, 116, 470]
[-214, 117, 471]
[-214, 117, 471]
[-214, 118, 472]
[-215, 118, 472]
[-215, 118, 472]
[-215, 119, 473]
[-216, 119, 473]
[-216, 120, 474]
[-216, 120, 474]
[-217, 120, 475]
[-217, 121, 475]
[-218, 121, 475]
[-218, 122, 476]
[-218, 122, 476]
[-219, 123, 476]
[-219, 123, 477]
[-220, 124, 477]
[-220, 124, 477]
[-220, 124, 478]
[-221, 125, 478]
[-221, 125, 478]
[-222, 126, 479]
[-222, 126, 479]
[-223, 127, 479]
[-223, 127, 480]
[-223, 128, 480]
[-224, 128, 480]
[-224, 129, 481]
[-225, 129, 481]
[-225, 130, 481]
[-226, 130, 481]
[-226, 131, 481]
[-227, 131, 482]
[-227, 131, 482]
[-228, 132, 482]
[-228, 132, 482]
[-229, 133, 483]
[-229, 133, 483]
[-230, 134, 483]
[-230, 134, 483]
[-231, 135, 483]
[-232, 135, 483]
[-232, 136, 484]
[-233, 136, 484]
[-233, 137, 484]
[-234, 137, 484]
[-234, 138, 484]
[-235, 138, 484]
[-236, 139, 484]
[-236, 139, 484]
[-237, 140, 484]
[-238, 140, 484]
[-238, 141, 485]
[-239, 142, 485]
[-239, 142, 485]
[-240, 143, 485]
[-241, 143, 485]
[-241, 144, 485]
[-242, 144, 485]
[-243, 145, 485]
[-243, 145, 485]
[-244, 146, 485]
[-245, 146, 485]
[-245, 147, 485]
[-246, 147, 485]
[-247, 148, 485]
[-247, 148, 485]
[-248, 149, 485]
[-249, 149, 484]
[-250, 150, 484]
[-250, 150, 484]
[-251, 151, 484]
[-252, 152, 484]
[-252, 152, 484]
[-253, 153, 484]
[-254, 153, 484]
[-255, 154, 484]
[-255, 154, 483]
[-256, 155, 483]
[-257, 155, 483]
[-257, 156, 483]
[-258, 156, 483]
[-259, 157, 483]
[-260, 157, 482]
[-260, 158, 482]
[-261, 159, 482]
[-262, 159, 482]
[-263, 160, 482]
[-263, 160, 481]
[-264, 161, 481]
[-265, 161, 481]
[-266, 162, 481]
[-266, 162, 480]
[-267, 163, 480]
[-268, 163, 480]
[-269, 164, 480]
[-269, 165, 479]
[-270, 165, 479]
[-271, 166, 479]
[-272, 166, 478]
[-272, 167, 478]
[-273, 167, 478]
[-274, 168, 477]
[-274, 168, 477]
[-275, 169, 477]
[-276, 169, 476]
[-277, 170, 476]
[-277, 170, 475]
[-278, 171, 475]
[-279, 172, 475]
[-279, 172, 474]
[-280, 173, 474]
[-281, 173, 473]
[-282, 174, 473]
[-282, 174, 473]
[-283, 175, 472]
[-284, 175, 472]
[-284, 176, 471]
[-285, 176, 471]
[-286, 177, 470]
[-286, 177, 470]
[-287, 178, 469]
[-288, 178, 469]
[-288, 179, 468]
[-289, 179, 468]
[-290, 180, 467]
[-290, 180, 467]
[-291, 181, 466]
[-291, 182, 466]
[-292, 182, 465]
[-293, 183, 465]
[-293, 183, 464]
[-294, 184, 463]
[-295, 184, 463]
[-295, 185, 462]
[-296, 185, 462]
[-296, 186, 461]
[-297, 186, 460]
[-297, 187, 460]
[-298, 187, 459]
[-299, 188, 459]
[-299, 188, 458]
[-300, 189, 457]
[-300, 189, 457]
[-301, 190, 456]
[-301, 190, 455]
[-302, 191, 455]
[-302, 191, 454]
[-303, 191, 453]
[-303, 192, 453]
[-304, 192, 452]
[-304, 193, 451]
[-305, 193, 451]
[-305, 194, 450]
[-306, 194, 449]
[-306, 195, 449]
[-306, 195, 448]
[-307, 196, 447]
[-307, 196, 446]
[-308, 197, 446]
[-308, 197, 445]
[-309, 198, 444]
[-309, 198, 443]
[-309, 198, 443]
[-310, 199, 442]
[-310, 199, 441]
[-311, 200, 440]
[-311, 200, 440]
[-311, 201, 439]
[-312, 201, 438]
[-312, 202, 437]
[-313, 202, 436]
[-313, 202, 436]
[-313, 203, 435]
[-314, 203, 434]
[-314, 204, 433]
[-314, 204, 432]
[-315, 204, 432]
[-315, 205, 431]
[-315, 205, 430]
[-316, 206, 429]
[-316, 206, 428]
[-316, 206, 427]
[-317, 207, 427]
[-317, 207, 426]
[-317, 208, 425]
[-317, 208, 424]
[-318, 208, 423]
[-318, 209, 422]
[-318, 209, 421]
[-319, 209, 421]
[-319, 210, 420]
[-319, 210, 419]
[-319, 210, 418]
[-320, 211, 417]
[-320, 211, 416]
[-320, 212, 415]
[-320, 212, 414]
[-321, 212, 413]
[-321, 213, 413]
[-321, 213, 412]
[-321, 213, 411]
[-322, 213, 410]
[-322, 214, 409]
[-322, 214, 408]
[-322, 214, 407]
[-322, 215, 406]
[-323, 215, 405]
[-323, 215, 404]
[-323, 216, 403]
[-323, 216, 402]
[-324, 216, 402]
[-324, 216, 401]
[-324, 217, 400]
[-324, 217, 399]
[-324, 217, 398]
[-325, 218, 397]
[-325, 218, 396]
[-325, 218, 395]
[-325, 218, 394]
[-325, 218, 393]
[-326, 219, 392]
[-326, 219, 391]
[-326, 219, 390]
[-326, 219, 389]
[-326, 220, 388]
[-326, 220, 387]
[-327, 220, 387]
[-327, 220, 386]
[-327, 220, 385]
[-327, 221, 384]
[-327, 221, 383]
[-327, 221, 382]
[-327, 221, 381]
[-328, 221, 380]
[-328, 222, 379]
[-328, 222, 378]
[-328, 222, 377]
[-328, 222, 376]
[-328, 222, 375]
[-328, 222, 374]
[-329, 222, 373]
[-329, 223, 372]
[-329, 223, 371]
[-329, 223, 370]
[-329, 223, 370]
[-329, 223, 369]
[-329, 223, 368]
[-329, 223, 367]
[-329, 223, 366]
[-329, 223, 365]
[-329, 223, 364]
[-330, 224, 363]
[-330, 224, 362]
[-330, 224, 361]
[-330, 224, 360]
[-330, 224, 359]
[-330, 224, 358]
[-330, 224, 357]
[-330, 224, 357]
[-330, 224, 356]
[-330, 224, 355]
[-330, 224, 354]
[-330, 224, 353]
[-330, 224, 352]
