# Curve Parameters
# y_end: 246
# loops: 1
# A (south bulge): 120
# B (lateral wiggle): 10
# samples: 350
#
# Analysis Results
# max_grade: 0.969116
# length_3d: 351.10
# length_2d: 308.06
# min_horiz_step: 0.230196
# status: OK
#
# Coordinates (x, y, z)
#==================================================

[-199, 98, 410]
[-199, 98, 411]
[-199, 98, 412]
[-199, 98, 413]
[-199, 98, 414]
[-199, 98, 415]
[-199, 98, 416]
[-199, 98, 417]
[-199, 98, 419]
[-199, 98, 420]
[-199, 98, 421]
[-199, 98, 422]
[-199, 99, 423]
[-200, 99, 424]
[-200, 99, 425]
[-200, 99, 426]
[-200, 99, 427]
[-200, 99, 428]
[-200, 99, 429]
[-200, 99, 430]
[-200, 99, 431]
[-200, 100, 432]
[-200, 100, 433]
[-200, 100, 434]
[-201, 100, 435]
[-201, 100, 436]
[-201, 100, 437]
[-201, 101, 438]
[-201, 101, 439]
[-201, 101, 440]
[-201, 101, 441]
[-202, 101, 442]
[-202, 102, 443]
[-202, 102, 444]
[-202, 102, 445]
[-202, 102, 446]
[-202, 102, 446]
[-202, 103, 447]
[-203, 103, 448]
[-203, 103, 449]
[-203, 103, 450]
[-203, 104, 451]
[-203, 104, 452]
[-203, 104, 453]
[-204, 104, 454]
[-204, 105, 455]
[-204, 105, 456]
[-204, 105, 456]
[-204, 106, 457]
[-205, 106, 458]
[-205, 106, 459]
[-205, 107, 460]
[-205, 107, 461]
[-205, 107, 461]
[-206, 108, 462]
[-206, 108, 463]
[-206, 108, 464]
[-206, 109, 465]
[-207, 109, 466]
[-207, 109, 466]
[-207, 110, 467]
[-207, 110, 468]
[-207, 110, 469]
[-208, 111, 469]
[-208, 111, 470]
[-208, 111, 471]
[-208, 112, 472]
[-209, 112, 472]
[-209, 113, 473]
[-209, 113, 474]
[-209, 113, 475]
[-210, 114, 475]
[-210, 114, 476]
[-210, 115, 477]
[-210, 115, 477]
[-211, 116, 478]
[-211, 116, 479]
[-211, 116, 479]
[-212, 117, 480]
[-212, 117, 481]
[-212, 118, 481]
[-212, 118, 482]
[-213, 119, 483]
[-213, 119, 483]
[-213, 120, 484]
[-214, 120, 484]
[-214, 121, 485]
[-214, 121, 486]
[-215, 121, 486]
[-215, 122, 487]
[-215, 122, 487]
[-216, 123, 488]
[-216, 123, 488]
[-216, 124, 489]
[-217, 124, 489]
[-217, 125, 490]
[-218, 125, 491]
[-218, 126, 491]
[-218, 126, 492]
[-219, 127, 492]
[-219, 127, 492]
[-220, 128, 493]
[-220, 129, 493]
[-220, 129, 494]
[-221, 130, 494]
[-221, 130, 495]
[-222, 131, 495]
[-222, 131, 496]
[-223, 132, 496]
[-223, 132, 496]
[-223, 133, 497]
[-224, 133, 497]
[-224, 134, 497]
[-225, 134, 498]
[-225, 135, 498]
[-226, 136, 498]
[-226, 136, 499]
[-227, 137, 499]
[-227, 137, 499]
[-228, 138, 500]
[-228, 138, 500]
[-229, 139, 500]
[-229, 140, 501]
[-230, 140, 501]
[-230, 141, 501]
[-231, 141, 501]
[-232, 142, 502]
[-232, 143, 502]
[-233, 143, 502]
[-233, 144, 502]
[-234, 144, 502]
[-234, 145, 503]
[-235, 146, 503]
[-236, 146, 503]
[-236, 147, 503]
[-237, 147, 503]
[-238, 148, 503]
[-238, 149, 503]
[-239, 149, 504]
[-239, 150, 504]
[-240, 150, 504]
[-241, 151, 504]
[-241, 152, 504]
[-242, 152, 504]
[-243, 153, 504]
[-243, 153, 504]
[-244, 154, 504]
[-245, 155, 504]
[-245, 155, 504]
[-246, 156, 504]
[-247, 157, 504]
[-247, 157, 504]
[-248, 158, 504]
[-249, 158, 504]
[-250, 159, 504]
[-250, 160, 504]
[-251, 160, 504]
[-252, 161, 504]
[-252, 162, 504]
[-253, 162, 504]
[-254, 163, 504]
[-255, 163, 503]
[-255, 164, 503]
[-256, 165, 503]
[-257, 165, 503]
[-257, 166, 503]
[-258, 167, 503]
[-259, 167, 503]
[-260, 168, 502]
[-260, 169, 502]
[-261, 169, 502]
[-262, 170, 502]
[-263, 170, 502]
[-263, 171, 501]
[-264, 172, 501]
[-265, 172, 501]
[-266, 173, 501]
[-266, 174, 500]
[-267, 174, 500]
[-268, 175, 500]
[-269, 175, 499]
[-269, 176, 499]
[-270, 177, 499]
[-271, 177, 499]
[-272, 178, 498]
[-272, 179, 498]
[-273, 179, 497]
[-274, 180, 497]
[-274, 181, 497]
[-275, 181, 496]
[-276, 182, 496]
[-277, 182, 496]
[-277, 183, 495]
[-278, 184, 495]
[-279, 184, 494]
[-279, 185, 494]
[-280, 186, 493]
[-281, 186, 493]
[-282, 187, 493]
[-282, 187, 492]
[-283, 188, 492]
[-284, 189, 491]
[-284, 189, 491]
[-285, 190, 490]
[-286, 191, 490]
[-286, 191, 489]
[-287, 192, 488]
[-288, 192, 488]
[-288, 193, 487]
[-289, 194, 487]
[-290, 194, 486]
[-290, 195, 486]
[-291, 195, 485]
[-291, 196, 484]
[-292, 197, 484]
[-293, 197, 483]
[-293, 198, 483]
[-294, 198, 482]
[-295, 199, 481]
[-295, 200, 481]
[-296, 200, 480]
[-296, 201, 479]
[-297, 201, 479]
[-297, 202, 478]
[-298, 203, 477]
[-299, 203, 477]
[-299, 204, 476]
[-300, 204, 475]
[-300, 205, 474]
[-301, 206, 474]
[-301, 206, 473]
[-302, 207, 472]
[-302, 207, 471]
[-303, 208, 471]
[-303, 208, 470]
[-304, 209, 469]
[-304, 210, 468]
[-305, 210, 468]
[-305, 211, 467]
[-306, 211, 466]
[-306, 212, 465]
[-306, 212, 464]
[-307, 213, 464]
[-307, 213, 463]
[-308, 214, 462]
[-308, 214, 461]
[-309, 215, 460]
[-309, 215, 459]
[-309, 216, 458]
[-310, 217, 458]
[-310, 217, 457]
[-311, 218, 456]
[-311, 218, 455]
[-311, 219, 454]
[-312, 219, 453]
[-312, 220, 452]
[-313, 220, 451]
[-313, 221, 450]
[-313, 221, 449]
[-314, 222, 449]
[-314, 222, 448]
[-314, 223, 447]
[-315, 223, 446]
[-315, 223, 445]
[-315, 224, 444]
[-316, 224, 443]
[-316, 225, 442]
[-316, 225, 441]
[-317, 226, 440]
[-317, 226, 439]
[-317, 227, 438]
[-317, 227, 437]
[-318, 228, 436]
[-318, 228, 435]
[-318, 228, 434]
[-319, 229, 433]
[-319, 229, 432]
[-319, 230, 431]
[-319, 230, 430]
[-320, 231, 429]
[-320, 231, 428]
[-320, 231, 427]
[-320, 232, 426]
[-321, 232, 425]
[-321, 233, 424]
[-321, 233, 423]
[-321, 233, 421]
[-322, 234, 420]
[-322, 234, 419]
[-322, 234, 418]
[-322, 235, 417]
[-322, 235, 416]
[-323, 235, 415]
[-323, 236, 414]
[-323, 236, 413]
[-323, 236, 412]
[-324, 237, 411]
[-324, 237, 410]
[-324, 237, 409]
[-324, 238, 407]
[-324, 238, 406]
[-325, 238, 405]
[-325, 239, 404]
[-325, 239, 403]
[-325, 239, 402]
[-325, 240, 401]
[-326, 240, 400]
[-326, 240, 399]
[-326, 240, 398]
[-326, 241, 396]
[-326, 241, 395]
[-326, 241, 394]
[-327, 241, 393]
[-327, 242, 392]
[-327, 242, 391]
[-327, 242, 390]
[-327, 242, 389]
[-327, 242, 387]
[-327, 243, 386]
[-328, 243, 385]
[-328, 243, 384]
[-328, 243, 383]
[-328, 243, 382]
[-328, 244, 381]
[-328, 244, 380]
[-328, 244, 379]
[-329, 244, 377]
[-329, 244, 376]
[-329, 244, 375]
[-329, 245, 374]
[-329, 245, 373]
[-329, 245, 372]
[-329, 245, 371]
[-329, 245, 370]
[-329, 245, 368]
[-329, 245, 367]
[-329, 245, 366]
[-330, 245, 365]
[-330, 246, 364]
[-330, 246, 363]
[-330, 246, 362]
[-330, 246, 361]
[-330, 246, 360]
[-330, 246, 359]
[-330, 246, 357]
[-330, 246, 356]
[-330, 246, 355]
[-330, 246, 354]
[-330, 246, 353]
[-330, 246, 352]
