# Curve Parameters
# y_end: 250
# loops: 1
# A (south bulge): 120
# B (lateral wiggle): 20
# samples: 350
#
# Analysis Results
# max_grade: 0.982698
# length_3d: 359.55
# length_2d: 316.42
# min_horiz_step: 0.222167
# status: OK
#
# Coordinates (x, y, z)
#==================================================

[-199, 98, 410]
[-199, 98, 411]
[-199, 98, 412]
[-199, 98, 413]
[-199, 98, 414]
[-199, 98, 415]
[-199, 98, 416]
[-199, 98, 417]
[-199, 98, 419]
[-199, 98, 420]
[-199, 98, 421]
[-199, 98, 422]
[-199, 99, 423]
[-199, 99, 424]
[-200, 99, 425]
[-200, 99, 426]
[-200, 99, 427]
[-200, 99, 428]
[-200, 99, 429]
[-200, 99, 430]
[-200, 99, 431]
[-200, 100, 432]
[-200, 100, 433]
[-200, 100, 434]
[-200, 100, 435]
[-200, 100, 436]
[-201, 100, 437]
[-201, 101, 438]
[-201, 101, 439]
[-201, 101, 440]
[-201, 101, 441]
[-201, 101, 442]
[-201, 102, 443]
[-201, 102, 444]
[-201, 102, 445]
[-202, 102, 446]
[-202, 103, 446]
[-202, 103, 447]
[-202, 103, 448]
[-202, 103, 449]
[-202, 104, 450]
[-202, 104, 451]
[-202, 104, 452]
[-202, 104, 453]
[-203, 105, 454]
[-203, 105, 455]
[-203, 105, 456]
[-203, 106, 456]
[-203, 106, 457]
[-203, 106, 458]
[-203, 106, 459]
[-203, 107, 460]
[-204, 107, 461]
[-204, 107, 461]
[-204, 108, 462]
[-204, 108, 463]
[-204, 108, 464]
[-204, 109, 465]
[-204, 109, 466]
[-204, 110, 466]
[-205, 110, 467]
[-205, 110, 468]
[-205, 111, 469]
[-205, 111, 469]
[-205, 111, 470]
[-205, 112, 471]
[-205, 112, 472]
[-206, 113, 472]
[-206, 113, 473]
[-206, 113, 474]
[-206, 114, 475]
[-206, 114, 475]
[-206, 115, 476]
[-207, 115, 477]
[-207, 116, 477]
[-207, 116, 478]
[-207, 116, 479]
[-207, 117, 479]
[-207, 117, 480]
[-208, 118, 481]
[-208, 118, 481]
[-208, 119, 482]
[-208, 119, 483]
[-208, 120, 483]
[-209, 120, 484]
[-209, 121, 484]
[-209, 121, 485]
[-209, 122, 486]
[-210, 122, 486]
[-210, 123, 487]
[-210, 123, 487]
[-210, 124, 488]
[-211, 124, 488]
[-211, 125, 489]
[-211, 125, 489]
[-212, 126, 490]
[-212, 126, 491]
[-212, 127, 491]
[-212, 127, 492]
[-213, 128, 492]
[-213, 128, 492]
[-213, 129, 493]
[-214, 129, 493]
[-214, 130, 494]
[-215, 130, 494]
[-215, 131, 495]
[-215, 132, 495]
[-216, 132, 496]
[-216, 133, 496]
[-217, 133, 496]
[-217, 134, 497]
[-217, 134, 497]
[-218, 135, 497]
[-218, 135, 498]
[-219, 136, 498]
[-219, 137, 498]
[-220, 137, 499]
[-220, 138, 499]
[-221, 138, 499]
[-221, 139, 500]
[-222, 140, 500]
[-222, 140, 500]
[-223, 141, 501]
[-224, 141, 501]
[-224, 142, 501]
[-225, 143, 501]
[-225, 143, 502]
[-226, 144, 502]
[-227, 144, 502]
[-227, 145, 502]
[-228, 146, 502]
[-228, 146, 503]
[-229, 147, 503]
[-230, 147, 503]
[-230, 148, 503]
[-231, 149, 503]
[-232, 149, 503]
[-233, 150, 503]
[-233, 151, 504]
[-234, 151, 504]
[-235, 152, 504]
[-236, 152, 504]
[-236, 153, 504]
[-237, 154, 504]
[-238, 154, 504]
[-239, 155, 504]
[-239, 156, 504]
[-240, 156, 504]
[-241, 157, 504]
[-242, 157, 504]
[-243, 158, 504]
[-243, 159, 504]
[-244, 159, 504]
[-245, 160, 504]
[-246, 161, 504]
[-247, 161, 504]
[-248, 162, 504]
[-249, 163, 504]
[-250, 163, 504]
[-250, 164, 504]
[-251, 165, 504]
[-252, 165, 503]
[-253, 166, 503]
[-254, 166, 503]
[-255, 167, 503]
[-256, 168, 503]
[-257, 168, 503]
[-258, 169, 503]
[-259, 170, 502]
[-259, 170, 502]
[-260, 171, 502]
[-261, 172, 502]
[-262, 172, 502]
[-263, 173, 501]
[-264, 174, 501]
[-265, 174, 501]
[-266, 175, 501]
[-267, 176, 500]
[-268, 176, 500]
[-269, 177, 500]
[-270, 178, 499]
[-270, 178, 499]
[-271, 179, 499]
[-272, 180, 499]
[-273, 180, 498]
[-274, 181, 498]
[-275, 182, 497]
[-276, 182, 497]
[-277, 183, 497]
[-278, 183, 496]
[-279, 184, 496]
[-279, 185, 496]
[-280, 185, 495]
[-281, 186, 495]
[-282, 187, 494]
[-283, 187, 494]
[-284, 188, 493]
[-285, 189, 493]
[-286, 189, 493]
[-286, 190, 492]
[-287, 191, 492]
[-288, 191, 491]
[-289, 192, 491]
[-290, 192, 490]
[-290, 193, 490]
[-291, 194, 489]
[-292, 194, 488]
[-293, 195, 488]
[-293, 196, 487]
[-294, 196, 487]
[-295, 197, 486]
[-296, 197, 486]
[-296, 198, 485]
[-297, 199, 484]
[-298, 199, 484]
[-299, 200, 483]
[-299, 201, 483]
[-300, 201, 482]
[-301, 202, 481]
[-301, 202, 481]
[-302, 203, 480]
[-302, 204, 479]
[-303, 204, 479]
[-304, 205, 478]
[-304, 205, 477]
[-305, 206, 477]
[-305, 207, 476]
[-306, 207, 475]
[-307, 208, 474]
[-307, 208, 474]
[-308, 209, 473]
[-308, 210, 472]
[-309, 210, 471]
[-309, 211, 471]
[-310, 211, 470]
[-310, 212, 469]
[-311, 213, 468]
[-311, 213, 468]
[-312, 214, 467]
[-312, 214, 466]
[-312, 215, 465]
[-313, 215, 464]
[-313, 216, 464]
[-314, 216, 463]
[-314, 217, 462]
[-314, 218, 461]
[-315, 218, 460]
[-315, 219, 459]
[-316, 219, 458]
[-316, 220, 458]
[-316, 220, 457]
[-317, 221, 456]
[-317, 221, 455]
[-317, 222, 454]
[-317, 222, 453]
[-318, 223, 452]
[-318, 223, 451]
[-318, 224, 450]
[-319, 224, 449]
[-319, 225, 449]
[-319, 225, 448]
[-319, 226, 447]
[-320, 226, 446]
[-320, 227, 445]
[-320, 227, 444]
[-320, 228, 443]
[-321, 228, 442]
[-321, 229, 441]
[-321, 229, 440]
[-321, 230, 439]
[-321, 230, 438]
[-322, 231, 437]
[-322, 231, 436]
[-322, 232, 435]
[-322, 232, 434]
[-322, 232, 433]
[-322, 233, 432]
[-323, 233, 431]
[-323, 234, 430]
[-323, 234, 429]
[-323, 235, 428]
[-323, 235, 427]
[-323, 235, 426]
[-324, 236, 425]
[-324, 236, 424]
[-324, 237, 423]
[-324, 237, 421]
[-324, 237, 420]
[-324, 238, 419]
[-324, 238, 418]
[-325, 238, 417]
[-325, 239, 416]
[-325, 239, 415]
[-325, 240, 414]
[-325, 240, 413]
[-325, 240, 412]
[-325, 241, 411]
[-325, 241, 410]
[-326, 241, 409]
[-326, 242, 407]
[-326, 242, 406]
[-326, 242, 405]
[-326, 242, 404]
[-326, 243, 403]
[-326, 243, 402]
[-326, 243, 401]
[-327, 244, 400]
[-327, 244, 399]
[-327, 244, 398]
[-327, 244, 396]
[-327, 245, 395]
[-327, 245, 394]
[-327, 245, 393]
[-327, 245, 392]
[-327, 246, 391]
[-328, 246, 390]
[-328, 246, 389]
[-328, 246, 387]
[-328, 247, 386]
[-328, 247, 385]
[-328, 247, 384]
[-328, 247, 383]
[-328, 247, 382]
[-328, 248, 381]
[-329, 248, 380]
[-329, 248, 379]
[-329, 248, 377]
[-329, 248, 376]
[-329, 248, 375]
[-329, 249, 374]
[-329, 249, 373]
[-329, 249, 372]
[-329, 249, 371]
[-329, 249, 370]
[-329, 249, 368]
[-329, 249, 367]
[-330, 249, 366]
[-330, 249, 365]
[-330, 250, 364]
[-330, 250, 363]
[-330, 250, 362]
[-330, 250, 361]
[-330, 250, 360]
[-330, 250, 359]
[-330, 250, 357]
[-330, 250, 356]
[-330, 250, 355]
[-330, 250, 354]
[-330, 250, 353]
[-330, 250, 352]
