# Curve Parameters
# y_end: 224
# loops: 1
# A (south bulge): 100
# B (lateral wiggle): 30
# samples: 350
#
# Analysis Results
# max_grade: 0.981987
# length_3d: 322.12
# length_2d: 290.43
# min_horiz_step: 0.175012
# status: OK
#
# Coordinates (x, y, z)
#==================================================

[-199, 98, 410]
[-199, 98, 411]
[-199, 98, 412]
[-199, 98, 413]
[-199, 98, 414]
[-199, 98, 414]
[-199, 98, 415]
[-199, 98, 416]
[-199, 98, 417]
[-199, 98, 418]
[-199, 98, 419]
[-199, 98, 420]
[-199, 98, 421]
[-199, 99, 421]
[-199, 99, 422]
[-200, 99, 423]
[-200, 99, 424]
[-200, 99, 425]
[-200, 99, 426]
[-200, 99, 427]
[-200, 99, 427]
[-200, 99, 428]
[-200, 99, 429]
[-200, 100, 430]
[-200, 100, 431]
[-200, 100, 431]
[-200, 100, 432]
[-200, 100, 433]
[-200, 100, 434]
[-201, 100, 435]
[-201, 101, 435]
[-201, 101, 436]
[-201, 101, 437]
[-201, 101, 438]
[-201, 101, 439]
[-201, 102, 439]
[-201, 102, 440]
[-201, 102, 441]
[-201, 102, 442]
[-201, 102, 442]
[-201, 103, 443]
[-201, 103, 444]
[-201, 103, 445]
[-201, 103, 445]
[-202, 104, 446]
[-202, 104, 447]
[-202, 104, 447]
[-202, 104, 448]
[-202, 104, 449]
[-202, 105, 450]
[-202, 105, 450]
[-202, 105, 451]
[-202, 106, 452]
[-202, 106, 452]
[-202, 106, 453]
[-202, 106, 454]
[-202, 107, 454]
[-202, 107, 455]
[-202, 107, 456]
[-202, 108, 456]
[-202, 108, 457]
[-202, 108, 457]
[-202, 109, 458]
[-202, 109, 459]
[-202, 109, 459]
[-203, 109, 460]
[-203, 110, 461]
[-203, 110, 461]
[-203, 110, 462]
[-203, 111, 462]
[-203, 111, 463]
[-203, 112, 463]
[-203, 112, 464]
[-203, 112, 465]
[-203, 113, 465]
[-203, 113, 466]
[-203, 113, 466]
[-203, 114, 467]
[-203, 114, 467]
[-203, 114, 468]
[-204, 115, 468]
[-204, 115, 469]
[-204, 116, 469]
[-204, 116, 470]
[-204, 116, 470]
[-204, 117, 471]
[-204, 117, 471]
[-204, 118, 472]
[-205, 118, 472]
[-205, 118, 472]
[-205, 119, 473]
[-205, 119, 473]
[-205, 120, 474]
[-205, 120, 474]
[-206, 120, 475]
[-206, 121, 475]
[-206, 121, 475]
[-206, 122, 476]
[-207, 122, 476]
[-207, 123, 476]
[-207, 123, 477]
[-207, 124, 477]
[-208, 124, 477]
[-208, 124, 478]
[-208, 125, 478]
[-209, 125, 478]
[-209, 126, 479]
[-209, 126, 479]
[-210, 127, 479]
[-210, 127, 480]
[-211, 128, 480]
[-211, 128, 480]
[-211, 129, 481]
[-212, 129, 481]
[-212, 130, 481]
[-213, 130, 481]
[-213, 131, 481]
[-214, 131, 482]
[-214, 131, 482]
[-215, 132, 482]
[-215, 132, 482]
[-216, 133, 483]
[-217, 133, 483]
[-217, 134, 483]
[-218, 134, 483]
[-218, 135, 483]
[-219, 135, 483]
[-220, 136, 484]
[-220, 136, 484]
[-221, 137, 484]
[-222, 137, 484]
[-222, 138, 484]
[-223, 138, 484]
[-224, 139, 484]
[-225, 139, 484]
[-225, 140, 484]
[-226, 140, 484]
[-227, 141, 485]
[-228, 142, 485]
[-229, 142, 485]
[-230, 143, 485]
[-230, 143, 485]
[-231, 144, 485]
[-232, 144, 485]
[-233, 145, 485]
[-234, 145, 485]
[-235, 146, 485]
[-236, 146, 485]
[-237, 147, 485]
[-238, 147, 485]
[-239, 148, 485]
[-240, 148, 485]
[-241, 149, 485]
[-242, 149, 484]
[-243, 150, 484]
[-244, 150, 484]
[-245, 151, 484]
[-246, 152, 484]
[-247, 152, 484]
[-248, 153, 484]
[-249, 153, 484]
[-250, 154, 484]
[-251, 154, 483]
[-252, 155, 483]
[-253, 155, 483]
[-254, 156, 483]
[-255, 156, 483]
[-256, 157, 483]
[-257, 157, 482]
[-258, 158, 482]
[-260, 159, 482]
[-261, 159, 482]
[-262, 160, 482]
[-263, 160, 481]
[-264, 161, 481]
[-265, 161, 481]
[-266, 162, 481]
[-267, 162, 480]
[-268, 163, 480]
[-269, 163, 480]
[-271, 164, 480]
[-272, 165, 479]
[-273, 165, 479]
[-274, 166, 479]
[-275, 166, 478]
[-276, 167, 478]
[-277, 167, 478]
[-278, 168, 477]
[-279, 168, 477]
[-280, 169, 477]
[-281, 169, 476]
[-282, 170, 476]
[-283, 170, 475]
[-284, 171, 475]
[-285, 172, 475]
[-286, 172, 474]
[-287, 173, 474]
[-288, 173, 473]
[-289, 174, 473]
[-290, 174, 473]
[-291, 175, 472]
[-292, 175, 472]
[-293, 176, 471]
[-294, 176, 471]
[-295, 177, 470]
[-296, 177, 470]
[-297, 178, 469]
[-298, 178, 469]
[-299, 179, 468]
[-299, 179, 468]
[-300, 180, 467]
[-301, 180, 467]
[-302, 181, 466]
[-303, 182, 466]
[-304, 182, 465]
[-304, 183, 465]
[-305, 183, 464]
[-306, 184, 463]
[-307, 184, 463]
[-307, 185, 462]
[-308, 185, 462]
[-309, 186, 461]
[-309, 186, 460]
[-310, 187, 460]
[-311, 187, 459]
[-311, 188, 459]
[-312, 188, 458]
[-312, 189, 457]
[-313, 189, 457]
[-314, 190, 456]
[-314, 190, 455]
[-315, 191, 455]
[-315, 191, 454]
[-316, 191, 453]
[-316, 192, 453]
[-317, 192, 452]
[-317, 193, 451]
[-318, 193, 451]
[-318, 194, 450]
[-318, 194, 449]
[-319, 195, 449]
[-319, 195, 448]
[-320, 196, 447]
[-320, 196, 446]
[-320, 197, 446]
[-321, 197, 445]
[-321, 198, 444]
[-321, 198, 443]
[-322, 198, 443]
[-322, 199, 442]
[-322, 199, 441]
[-322, 200, 440]
[-323, 200, 440]
[-323, 201, 439]
[-323, 201, 438]
[-323, 202, 437]
[-324, 202, 436]
[-324, 202, 436]
[-324, 203, 435]
[-324, 203, 434]
[-324, 204, 433]
[-324, 204, 432]
[-325, 204, 432]
[-325, 205, 431]
[-325, 205, 430]
[-325, 206, 429]
[-325, 206, 428]
[-325, 206, 427]
[-325, 207, 427]
[-325, 207, 426]
[-326, 208, 425]
[-326, 208, 424]
[-326, 208, 423]
[-326, 209, 422]
[-326, 209, 421]
[-326, 209, 421]
[-326, 210, 420]
[-326, 210, 419]
[-326, 210, 418]
[-326, 211, 417]
[-326, 211, 416]
[-326, 212, 415]
[-326, 212, 414]
[-326, 212, 413]
[-326, 213, 413]
[-327, 213, 412]
[-327, 213, 411]
[-327, 213, 410]
[-327, 214, 409]
[-327, 214, 408]
[-327, 214, 407]
[-327, 215, 406]
[-327, 215, 405]
[-327, 215, 404]
[-327, 216, 403]
[-327, 216, 402]
[-327, 216, 402]
[-327, 216, 401]
[-327, 217, 400]
[-327, 217, 399]
[-327, 217, 398]
[-327, 218, 397]
[-327, 218, 396]
[-327, 218, 395]
[-327, 218, 394]
[-327, 218, 393]
[-328, 219, 392]
[-328, 219, 391]
[-328, 219, 390]
[-328, 219, 389]
[-328, 220, 388]
[-328, 220, 387]
[-328, 220, 387]
[-328, 220, 386]
[-328, 220, 385]
[-328, 221, 384]
[-328, 221, 383]
[-328, 221, 382]
[-328, 221, 381]
[-328, 221, 380]
[-328, 222, 379]
[-329, 222, 378]
[-329, 222, 377]
[-329, 222, 376]
[-329, 222, 375]
[-329, 222, 374]
[-329, 222, 373]
[-329, 223, 372]
[-329, 223, 371]
[-329, 223, 370]
[-329, 223, 370]
[-329, 223, 369]
[-329, 223, 368]
[-329, 223, 367]
[-329, 223, 366]
[-330, 223, 365]
[-330, 223, 364]
[-330, 224, 363]
[-330, 224, 362]
[-330, 224, 361]
[-330, 224, 360]
[-330, 224, 359]
[-330, 224, 358]
[-330, 224, 357]
[-330, 224, 357]
[-330, 224, 356]
[-330, 224, 355]
[-330, 224, 354]
[-330, 224, 353]
[-330, 224, 352]
