# Curve Parameters
# y_end: 236
# loops: 1
# A (south bulge): 120
# B (lateral wiggle): 30
# samples: 350
#
# Analysis Results
# max_grade: 0.922230
# length_3d: 360.79
# length_2d: 326.08
# min_horiz_step: 0.210616
# status: OK
#
# Coordinates (x, y, z)
#==================================================

[-199, 98, 410]
[-199, 98, 411]
[-199, 98, 412]
[-199, 98, 413]
[-199, 98, 414]
[-199, 98, 415]
[-199, 98, 416]
[-199, 98, 417]
[-199, 98, 419]
[-199, 98, 420]
[-199, 98, 421]
[-199, 98, 422]
[-199, 98, 423]
[-199, 99, 424]
[-199, 99, 425]
[-200, 99, 426]
[-200, 99, 427]
[-200, 99, 428]
[-200, 99, 429]
[-200, 99, 430]
[-200, 99, 431]
[-200, 99, 432]
[-200, 100, 433]
[-200, 100, 434]
[-200, 100, 435]
[-200, 100, 436]
[-200, 100, 437]
[-200, 100, 438]
[-200, 101, 439]
[-201, 101, 440]
[-201, 101, 441]
[-201, 101, 442]
[-201, 101, 443]
[-201, 101, 444]
[-201, 102, 445]
[-201, 102, 446]
[-201, 102, 446]
[-201, 102, 447]
[-201, 103, 448]
[-201, 103, 449]
[-201, 103, 450]
[-201, 103, 451]
[-201, 104, 452]
[-201, 104, 453]
[-202, 104, 454]
[-202, 104, 455]
[-202, 105, 456]
[-202, 105, 456]
[-202, 105, 457]
[-202, 105, 458]
[-202, 106, 459]
[-202, 106, 460]
[-202, 106, 461]
[-202, 107, 461]
[-202, 107, 462]
[-202, 107, 463]
[-202, 108, 464]
[-202, 108, 465]
[-202, 108, 466]
[-202, 108, 466]
[-202, 109, 467]
[-202, 109, 468]
[-202, 110, 469]
[-202, 110, 469]
[-202, 110, 470]
[-203, 111, 471]
[-203, 111, 472]
[-203, 111, 472]
[-203, 112, 473]
[-203, 112, 474]
[-203, 112, 475]
[-203, 113, 475]
[-203, 113, 476]
[-203, 114, 477]
[-203, 114, 477]
[-203, 114, 478]
[-203, 115, 479]
[-203, 115, 479]
[-203, 116, 480]
[-203, 116, 481]
[-204, 116, 481]
[-204, 117, 482]
[-204, 117, 483]
[-204, 118, 483]
[-204, 118, 484]
[-204, 119, 484]
[-204, 119, 485]
[-204, 119, 486]
[-205, 120, 486]
[-205, 120, 487]
[-205, 121, 487]
[-205, 121, 488]
[-205, 122, 488]
[-205, 122, 489]
[-206, 123, 489]
[-206, 123, 490]
[-206, 124, 491]
[-206, 124, 491]
[-207, 125, 492]
[-207, 125, 492]
[-207, 125, 492]
[-207, 126, 493]
[-208, 126, 493]
[-208, 127, 494]
[-208, 127, 494]
[-209, 128, 495]
[-209, 128, 495]
[-209, 129, 496]
[-210, 129, 496]
[-210, 130, 496]
[-211, 130, 497]
[-211, 131, 497]
[-211, 132, 497]
[-212, 132, 498]
[-212, 133, 498]
[-213, 133, 498]
[-213, 134, 499]
[-214, 134, 499]
[-214, 135, 499]
[-215, 135, 500]
[-215, 136, 500]
[-216, 136, 500]
[-217, 137, 501]
[-217, 137, 501]
[-218, 138, 501]
[-218, 138, 501]
[-219, 139, 502]
[-220, 140, 502]
[-220, 140, 502]
[-221, 141, 502]
[-222, 141, 502]
[-222, 142, 503]
[-223, 142, 503]
[-224, 143, 503]
[-225, 143, 503]
[-225, 144, 503]
[-226, 145, 503]
[-227, 145, 503]
[-228, 146, 504]
[-229, 146, 504]
[-230, 147, 504]
[-230, 147, 504]
[-231, 148, 504]
[-232, 149, 504]
[-233, 149, 504]
[-234, 150, 504]
[-235, 150, 504]
[-236, 151, 504]
[-237, 151, 504]
[-238, 152, 504]
[-239, 153, 504]
[-240, 153, 504]
[-241, 154, 504]
[-242, 154, 504]
[-243, 155, 504]
[-244, 155, 504]
[-245, 156, 504]
[-246, 157, 504]
[-247, 157, 504]
[-248, 158, 504]
[-249, 158, 504]
[-250, 159, 503]
[-251, 160, 503]
[-252, 160, 503]
[-253, 161, 503]
[-254, 161, 503]
[-255, 162, 503]
[-256, 163, 503]
[-257, 163, 502]
[-258, 164, 502]
[-260, 164, 502]
[-261, 165, 502]
[-262, 166, 502]
[-263, 166, 501]
[-264, 167, 501]
[-265, 167, 501]
[-266, 168, 501]
[-267, 168, 500]
[-268, 169, 500]
[-269, 170, 500]
[-271, 170, 499]
[-272, 171, 499]
[-273, 171, 499]
[-274, 172, 499]
[-275, 173, 498]
[-276, 173, 498]
[-277, 174, 497]
[-278, 174, 497]
[-279, 175, 497]
[-280, 176, 496]
[-281, 176, 496]
[-282, 177, 496]
[-283, 177, 495]
[-284, 178, 495]
[-285, 179, 494]
[-286, 179, 494]
[-287, 180, 493]
[-288, 180, 493]
[-289, 181, 493]
[-290, 181, 492]
[-291, 182, 492]
[-292, 183, 491]
[-293, 183, 491]
[-294, 184, 490]
[-295, 184, 490]
[-296, 185, 489]
[-297, 185, 488]
[-298, 186, 488]
[-299, 187, 487]
[-299, 187, 487]
[-300, 188, 486]
[-301, 188, 486]
[-302, 189, 485]
[-303, 189, 484]
[-304, 190, 484]
[-304, 191, 483]
[-305, 191, 483]
[-306, 192, 482]
[-307, 192, 481]
[-307, 193, 481]
[-308, 193, 480]
[-309, 194, 479]
[-309, 194, 479]
[-310, 195, 478]
[-311, 196, 477]
[-311, 196, 477]
[-312, 197, 476]
[-312, 197, 475]
[-313, 198, 474]
[-314, 198, 474]
[-314, 199, 473]
[-315, 199, 472]
[-315, 200, 471]
[-316, 200, 471]
[-316, 201, 470]
[-317, 201, 469]
[-317, 202, 468]
[-318, 202, 468]
[-318, 203, 467]
[-318, 204, 466]
[-319, 204, 465]
[-319, 205, 464]
[-320, 205, 464]
[-320, 206, 463]
[-320, 206, 462]
[-321, 207, 461]
[-321, 207, 460]
[-321, 208, 459]
[-322, 208, 458]
[-322, 209, 458]
[-322, 209, 457]
[-322, 209, 456]
[-323, 210, 455]
[-323, 210, 454]
[-323, 211, 453]
[-323, 211, 452]
[-324, 212, 451]
[-324, 212, 450]
[-324, 213, 449]
[-324, 213, 449]
[-324, 214, 448]
[-324, 214, 447]
[-325, 215, 446]
[-325, 215, 445]
[-325, 215, 444]
[-325, 216, 443]
[-325, 216, 442]
[-325, 217, 441]
[-325, 217, 440]
[-325, 218, 439]
[-326, 218, 438]
[-326, 218, 437]
[-326, 219, 436]
[-326, 219, 435]
[-326, 220, 434]
[-326, 220, 433]
[-326, 220, 432]
[-326, 221, 431]
[-326, 221, 430]
[-326, 222, 429]
[-326, 222, 428]
[-326, 222, 427]
[-326, 223, 426]
[-326, 223, 425]
[-326, 223, 424]
[-327, 224, 423]
[-327, 224, 421]
[-327, 224, 420]
[-327, 225, 419]
[-327, 225, 418]
[-327, 226, 417]
[-327, 226, 416]
[-327, 226, 415]
[-327, 226, 414]
[-327, 227, 413]
[-327, 227, 412]
[-327, 227, 411]
[-327, 228, 410]
[-327, 228, 409]
[-327, 228, 407]
[-327, 229, 406]
[-327, 229, 405]
[-327, 229, 404]
[-327, 229, 403]
[-327, 230, 402]
[-327, 230, 401]
[-328, 230, 400]
[-328, 230, 399]
[-328, 231, 398]
[-328, 231, 396]
[-328, 231, 395]
[-328, 231, 394]
[-328, 232, 393]
[-328, 232, 392]
[-328, 232, 391]
[-328, 232, 390]
[-328, 233, 389]
[-328, 233, 387]
[-328, 233, 386]
[-328, 233, 385]
[-328, 233, 384]
[-329, 233, 383]
[-329, 234, 382]
[-329, 234, 381]
[-329, 234, 380]
[-329, 234, 379]
[-329, 234, 377]
[-329, 234, 376]
[-329, 235, 375]
[-329, 235, 374]
[-329, 235, 373]
[-329, 235, 372]
[-329, 235, 371]
[-329, 235, 370]
[-329, 235, 368]
[-330, 235, 367]
[-330, 235, 366]
[-330, 236, 365]
[-330, 236, 364]
[-330, 236, 363]
[-330, 236, 362]
[-330, 236, 361]
[-330, 236, 360]
[-330, 236, 359]
[-330, 236, 357]
[-330, 236, 356]
[-330, 236, 355]
[-330, 236, 354]
[-330, 236, 353]
[-330, 236, 352]
