# Curve Parameters
# y_end: 256
# loops: 1
# A (south bulge): 140
# B (lateral wiggle): 20
# samples: 350
#
# Analysis Results
# max_grade: 0.937778
# length_3d: 395.93
# length_2d: 352.40
# min_horiz_step: 0.249812
# status: OK
#
# Coordinates (x, y, z)
#==================================================

[-199, 98, 410]
[-199, 98, 411]
[-199, 98, 413]
[-199, 98, 414]
[-199, 98, 415]
[-199, 98, 416]
[-199, 98, 418]
[-199, 98, 419]
[-199, 98, 420]
[-199, 98, 421]
[-199, 98, 422]
[-199, 98, 424]
[-199, 99, 425]
[-199, 99, 426]
[-200, 99, 427]
[-200, 99, 429]
[-200, 99, 430]
[-200, 99, 431]
[-200, 99, 432]
[-200, 99, 433]
[-200, 99, 435]
[-200, 100, 436]
[-200, 100, 437]
[-200, 100, 438]
[-200, 100, 439]
[-200, 100, 440]
[-201, 101, 442]
[-201, 101, 443]
[-201, 101, 444]
[-201, 101, 445]
[-201, 101, 446]
[-201, 102, 447]
[-201, 102, 448]
[-201, 102, 450]
[-201, 102, 451]
[-202, 102, 452]
[-202, 103, 453]
[-202, 103, 454]
[-202, 103, 455]
[-202, 103, 456]
[-202, 104, 457]
[-202, 104, 458]
[-202, 104, 459]
[-202, 105, 460]
[-203, 105, 461]
[-203, 105, 463]
[-203, 106, 464]
[-203, 106, 465]
[-203, 106, 466]
[-203, 106, 467]
[-203, 107, 468]
[-203, 107, 469]
[-204, 107, 470]
[-204, 108, 471]
[-204, 108, 472]
[-204, 109, 473]
[-204, 109, 474]
[-204, 109, 475]
[-204, 110, 476]
[-204, 110, 476]
[-205, 110, 477]
[-205, 111, 478]
[-205, 111, 479]
[-205, 112, 480]
[-205, 112, 481]
[-205, 112, 482]
[-205, 113, 483]
[-206, 113, 484]
[-206, 114, 485]
[-206, 114, 486]
[-206, 115, 486]
[-206, 115, 487]
[-206, 115, 488]
[-207, 116, 489]
[-207, 116, 490]
[-207, 117, 491]
[-207, 117, 491]
[-207, 118, 492]
[-207, 118, 493]
[-208, 119, 494]
[-208, 119, 495]
[-208, 120, 495]
[-208, 120, 496]
[-208, 121, 497]
[-209, 121, 498]
[-209, 122, 498]
[-209, 122, 499]
[-209, 123, 500]
[-210, 123, 500]
[-210, 124, 501]
[-210, 124, 502]
[-210, 125, 503]
[-211, 125, 503]
[-211, 126, 504]
[-211, 126, 504]
[-212, 127, 505]
[-212, 127, 506]
[-212, 128, 506]
[-212, 128, 507]
[-213, 129, 508]
[-213, 129, 508]
[-213, 130, 509]
[-214, 131, 509]
[-214, 131, 510]
[-215, 132, 510]
[-215, 132, 511]
[-215, 133, 511]
[-216, 133, 512]
[-216, 134, 512]
[-217, 135, 513]
[-217, 135, 513]
[-217, 136, 514]
[-218, 136, 514]
[-218, 137, 515]
[-219, 138, 515]
[-219, 138, 516]
[-220, 139, 516]
[-220, 139, 516]
[-221, 140, 517]
[-221, 141, 517]
[-222, 141, 518]
[-222, 142, 518]
[-223, 142, 518]
[-224, 143, 519]
[-224, 144, 519]
[-225, 144, 519]
[-225, 145, 520]
[-226, 146, 520]
[-227, 146, 520]
[-227, 147, 521]
[-228, 147, 521]
[-228, 148, 521]
[-229, 149, 521]
[-230, 149, 521]
[-230, 150, 522]
[-231, 151, 522]
[-232, 151, 522]
[-233, 152, 522]
[-233, 153, 522]
[-234, 153, 523]
[-235, 154, 523]
[-236, 155, 523]
[-236, 155, 523]
[-237, 156, 523]
[-238, 156, 523]
[-239, 157, 523]
[-239, 158, 523]
[-240, 158, 524]
[-241, 159, 524]
[-242, 160, 524]
[-243, 160, 524]
[-243, 161, 524]
[-244, 162, 524]
[-245, 162, 524]
[-246, 163, 524]
[-247, 164, 524]
[-248, 164, 524]
[-249, 165, 524]
[-250, 166, 524]
[-250, 167, 523]
[-251, 167, 523]
[-252, 168, 523]
[-253, 169, 523]
[-254, 169, 523]
[-255, 170, 523]
[-256, 171, 523]
[-257, 171, 523]
[-258, 172, 523]
[-259, 173, 522]
[-259, 173, 522]
[-260, 174, 522]
[-261, 175, 522]
[-262, 175, 522]
[-263, 176, 521]
[-264, 177, 521]
[-265, 177, 521]
[-266, 178, 521]
[-267, 179, 520]
[-268, 179, 520]
[-269, 180, 520]
[-270, 181, 519]
[-270, 181, 519]
[-271, 182, 519]
[-272, 183, 518]
[-273, 183, 518]
[-274, 184, 518]
[-275, 185, 517]
[-276, 185, 517]
[-277, 186, 517]
[-278, 187, 516]
[-279, 187, 516]
[-279, 188, 515]
[-280, 189, 515]
[-281, 190, 514]
[-282, 190, 514]
[-283, 191, 514]
[-284, 192, 513]
[-285, 192, 513]
[-286, 193, 512]
[-286, 194, 512]
[-287, 194, 511]
[-288, 195, 510]
[-289, 196, 510]
[-290, 196, 509]
[-290, 197, 509]
[-291, 198, 508]
[-292, 198, 508]
[-293, 199, 507]
[-293, 199, 506]
[-294, 200, 506]
[-295, 201, 505]
[-296, 201, 505]
[-296, 202, 504]
[-297, 203, 503]
[-298, 203, 503]
[-299, 204, 502]
[-299, 205, 501]
[-300, 205, 500]
[-301, 206, 500]
[-301, 207, 499]
[-302, 207, 498]
[-302, 208, 498]
[-303, 208, 497]
[-304, 209, 496]
[-304, 210, 495]
[-305, 210, 495]
[-305, 211, 494]
[-306, 212, 493]
[-307, 212, 492]
[-307, 213, 491]
[-308, 213, 491]
[-308, 214, 490]
[-309, 215, 489]
[-309, 215, 488]
[-310, 216, 487]
[-310, 216, 486]
[-311, 217, 485]
[-311, 218, 485]
[-312, 218, 484]
[-312, 219, 483]
[-312, 219, 482]
[-313, 220, 481]
[-313, 221, 480]
[-314, 221, 479]
[-314, 222, 478]
[-314, 222, 477]
[-315, 223, 476]
[-315, 223, 475]
[-316, 224, 474]
[-316, 225, 473]
[-316, 225, 472]
[-317, 226, 471]
[-317, 226, 470]
[-317, 227, 469]
[-317, 227, 468]
[-318, 228, 467]
[-318, 228, 466]
[-318, 229, 465]
[-319, 229, 464]
[-319, 230, 463]
[-319, 230, 462]
[-319, 231, 461]
[-320, 231, 460]
[-320, 232, 459]
[-320, 232, 458]
[-320, 233, 457]
[-321, 233, 455]
[-321, 234, 454]
[-321, 234, 453]
[-321, 235, 452]
[-321, 235, 451]
[-322, 236, 450]
[-322, 236, 449]
[-322, 237, 448]
[-322, 237, 446]
[-322, 238, 445]
[-322, 238, 444]
[-323, 239, 443]
[-323, 239, 442]
[-323, 239, 441]
[-323, 240, 439]
[-323, 240, 438]
[-323, 241, 437]
[-324, 241, 436]
[-324, 242, 435]
[-324, 242, 433]
[-324, 242, 432]
[-324, 243, 431]
[-324, 243, 430]
[-324, 244, 429]
[-325, 244, 427]
[-325, 244, 426]
[-325, 245, 425]
[-325, 245, 424]
[-325, 245, 422]
[-325, 246, 421]
[-325, 246, 420]
[-325, 247, 419]
[-326, 247, 417]
[-326, 247, 416]
[-326, 248, 415]
[-326, 248, 414]
[-326, 248, 412]
[-326, 248, 411]
[-326, 249, 410]
[-326, 249, 409]
[-327, 249, 407]
[-327, 250, 406]
[-327, 250, 405]
[-327, 250, 403]
[-327, 251, 402]
[-327, 251, 401]
[-327, 251, 400]
[-327, 251, 398]
[-327, 252, 397]
[-328, 252, 396]
[-328, 252, 394]
[-328, 252, 393]
[-328, 252, 392]
[-328, 253, 391]
[-328, 253, 389]
[-328, 253, 388]
[-328, 253, 387]
[-328, 253, 385]
[-329, 254, 384]
[-329, 254, 383]
[-329, 254, 382]
[-329, 254, 380]
[-329, 254, 379]
[-329, 255, 378]
[-329, 255, 376]
[-329, 255, 375]
[-329, 255, 374]
[-329, 255, 372]
[-329, 255, 371]
[-329, 255, 370]
[-330, 255, 369]
[-330, 255, 367]
[-330, 256, 366]
[-330, 256, 365]
[-330, 256, 363]
[-330, 256, 362]
[-330, 256, 361]
[-330, 256, 360]
[-330, 256, 358]
[-330, 256, 357]
[-330, 256, 356]
[-330, 256, 355]
[-330, 256, 353]
[-330, 256, 352]
