# Curve Parameters
# y_end: 256
# loops: 1
# A (south bulge): 140
# B (lateral wiggle): 40
# samples: 350
#
# Analysis Results
# max_grade: 0.958961
# length_3d: 413.44
# length_2d: 373.34
# min_horiz_step: 0.235202
# status: OK
#
# Coordinates (x, y, z)
#==================================================

[-199, 98, 410]
[-199, 98, 411]
[-199, 98, 413]
[-199, 98, 414]
[-199, 98, 415]
[-199, 98, 416]
[-199, 98, 418]
[-199, 98, 419]
[-199, 98, 420]
[-199, 98, 421]
[-199, 98, 422]
[-199, 98, 424]
[-199, 99, 425]
[-199, 99, 426]
[-199, 99, 427]
[-200, 99, 429]
[-200, 99, 430]
[-200, 99, 431]
[-200, 99, 432]
[-200, 99, 433]
[-200, 99, 435]
[-200, 100, 436]
[-200, 100, 437]
[-200, 100, 438]
[-200, 100, 439]
[-200, 100, 440]
[-200, 101, 442]
[-200, 101, 443]
[-200, 101, 444]
[-200, 101, 445]
[-200, 101, 446]
[-200, 102, 447]
[-200, 102, 448]
[-200, 102, 450]
[-200, 102, 451]
[-200, 102, 452]
[-200, 103, 453]
[-200, 103, 454]
[-200, 103, 455]
[-200, 103, 456]
[-200, 104, 457]
[-200, 104, 458]
[-200, 104, 459]
[-200, 105, 460]
[-200, 105, 461]
[-200, 105, 463]
[-200, 106, 464]
[-200, 106, 465]
[-200, 106, 466]
[-200, 106, 467]
[-200, 107, 468]
[-200, 107, 469]
[-200, 107, 470]
[-200, 108, 471]
[-200, 108, 472]
[-200, 109, 473]
[-200, 109, 474]
[-200, 109, 475]
[-200, 110, 476]
[-200, 110, 476]
[-200, 110, 477]
[-200, 111, 478]
[-200, 111, 479]
[-200, 112, 480]
[-200, 112, 481]
[-200, 112, 482]
[-200, 113, 483]
[-200, 113, 484]
[-200, 114, 485]
[-200, 114, 486]
[-199, 115, 486]
[-199, 115, 487]
[-199, 115, 488]
[-199, 116, 489]
[-199, 116, 490]
[-199, 117, 491]
[-199, 117, 491]
[-199, 118, 492]
[-199, 118, 493]
[-199, 119, 494]
[-199, 119, 495]
[-199, 120, 495]
[-199, 120, 496]
[-199, 121, 497]
[-199, 121, 498]
[-199, 122, 498]
[-199, 122, 499]
[-199, 123, 500]
[-200, 123, 500]
[-200, 124, 501]
[-200, 124, 502]
[-200, 125, 503]
[-200, 125, 503]
[-200, 126, 504]
[-200, 126, 504]
[-200, 127, 505]
[-200, 127, 506]
[-201, 128, 506]
[-201, 128, 507]
[-201, 129, 508]
[-201, 129, 508]
[-201, 130, 509]
[-202, 131, 509]
[-202, 131, 510]
[-202, 132, 510]
[-202, 132, 511]
[-203, 133, 511]
[-203, 133, 512]
[-203, 134, 512]
[-204, 135, 513]
[-204, 135, 513]
[-205, 136, 514]
[-205, 136, 514]
[-205, 137, 515]
[-206, 138, 515]
[-206, 138, 516]
[-207, 139, 516]
[-207, 139, 516]
[-208, 140, 517]
[-208, 141, 517]
[-209, 141, 518]
[-210, 142, 518]
[-210, 142, 518]
[-211, 143, 519]
[-211, 144, 519]
[-212, 144, 519]
[-213, 145, 520]
[-213, 146, 520]
[-214, 146, 520]
[-215, 147, 521]
[-216, 147, 521]
[-216, 148, 521]
[-217, 149, 521]
[-218, 149, 521]
[-219, 150, 522]
[-220, 151, 522]
[-221, 151, 522]
[-221, 152, 522]
[-222, 153, 522]
[-223, 153, 523]
[-224, 154, 523]
[-225, 155, 523]
[-226, 155, 523]
[-227, 156, 523]
[-228, 156, 523]
[-229, 157, 523]
[-230, 158, 523]
[-231, 158, 524]
[-232, 159, 524]
[-233, 160, 524]
[-235, 160, 524]
[-236, 161, 524]
[-237, 162, 524]
[-238, 162, 524]
[-239, 163, 524]
[-240, 164, 524]
[-241, 164, 524]
[-243, 165, 524]
[-244, 166, 524]
[-245, 167, 523]
[-246, 167, 523]
[-247, 168, 523]
[-249, 169, 523]
[-250, 169, 523]
[-251, 170, 523]
[-252, 171, 523]
[-254, 171, 523]
[-255, 172, 523]
[-256, 173, 522]
[-257, 173, 522]
[-259, 174, 522]
[-260, 175, 522]
[-261, 175, 522]
[-263, 176, 521]
[-264, 177, 521]
[-265, 177, 521]
[-266, 178, 521]
[-268, 179, 520]
[-269, 179, 520]
[-270, 180, 520]
[-272, 181, 519]
[-273, 181, 519]
[-274, 182, 519]
[-275, 183, 518]
[-277, 183, 518]
[-278, 184, 518]
[-279, 185, 517]
[-280, 185, 517]
[-282, 186, 517]
[-283, 187, 516]
[-284, 187, 516]
[-285, 188, 515]
[-286, 189, 515]
[-288, 190, 514]
[-289, 190, 514]
[-290, 191, 514]
[-291, 192, 513]
[-292, 192, 513]
[-293, 193, 512]
[-294, 194, 512]
[-296, 194, 511]
[-297, 195, 510]
[-298, 196, 510]
[-299, 196, 509]
[-300, 197, 509]
[-301, 198, 508]
[-302, 198, 508]
[-303, 199, 507]
[-304, 199, 506]
[-305, 200, 506]
[-306, 201, 505]
[-307, 201, 505]
[-308, 202, 504]
[-308, 203, 503]
[-309, 203, 503]
[-310, 204, 502]
[-311, 205, 501]
[-312, 205, 500]
[-313, 206, 500]
[-313, 207, 499]
[-314, 207, 498]
[-315, 208, 498]
[-316, 208, 497]
[-316, 209, 496]
[-317, 210, 495]
[-318, 210, 495]
[-318, 211, 494]
[-319, 212, 493]
[-319, 212, 492]
[-320, 213, 491]
[-321, 213, 491]
[-321, 214, 490]
[-322, 215, 489]
[-322, 215, 488]
[-323, 216, 487]
[-323, 216, 486]
[-324, 217, 485]
[-324, 218, 485]
[-324, 218, 484]
[-325, 219, 483]
[-325, 219, 482]
[-326, 220, 481]
[-326, 221, 480]
[-326, 221, 479]
[-327, 222, 478]
[-327, 222, 477]
[-327, 223, 476]
[-327, 223, 475]
[-328, 224, 474]
[-328, 225, 473]
[-328, 225, 472]
[-328, 226, 471]
[-328, 226, 470]
[-329, 227, 469]
[-329, 227, 468]
[-329, 228, 467]
[-329, 228, 466]
[-329, 229, 465]
[-329, 229, 464]
[-329, 230, 463]
[-329, 230, 462]
[-329, 231, 461]
[-330, 231, 460]
[-330, 232, 459]
[-330, 232, 458]
[-330, 233, 457]
[-330, 233, 455]
[-330, 234, 454]
[-330, 234, 453]
[-330, 235, 452]
[-330, 235, 451]
[-330, 236, 450]
[-330, 236, 449]
[-330, 237, 448]
[-330, 237, 446]
[-330, 238, 445]
[-330, 238, 444]
[-330, 239, 443]
[-330, 239, 442]
[-330, 239, 441]
[-329, 240, 439]
[-329, 240, 438]
[-329, 241, 437]
[-329, 241, 436]
[-329, 242, 435]
[-329, 242, 433]
[-329, 242, 432]
[-329, 243, 431]
[-329, 243, 430]
[-329, 244, 429]
[-329, 244, 427]
[-329, 244, 426]
[-329, 245, 425]
[-329, 245, 424]
[-329, 245, 422]
[-329, 246, 421]
[-329, 246, 420]
[-329, 247, 419]
[-329, 247, 417]
[-329, 247, 416]
[-329, 248, 415]
[-329, 248, 414]
[-329, 248, 412]
[-329, 248, 411]
[-329, 249, 410]
[-329, 249, 409]
[-329, 249, 407]
[-329, 250, 406]
[-329, 250, 405]
[-329, 250, 403]
[-329, 251, 402]
[-329, 251, 401]
[-329, 251, 400]
[-329, 251, 398]
[-329, 252, 397]
[-329, 252, 396]
[-329, 252, 394]
[-329, 252, 393]
[-329, 252, 392]
[-329, 253, 391]
[-329, 253, 389]
[-329, 253, 388]
[-329, 253, 387]
[-329, 253, 385]
[-329, 254, 384]
[-329, 254, 383]
[-329, 254, 382]
[-329, 254, 380]
[-329, 254, 379]
[-329, 255, 378]
[-329, 255, 376]
[-329, 255, 375]
[-329, 255, 374]
[-329, 255, 372]
[-329, 255, 371]
[-330, 255, 370]
[-330, 255, 369]
[-330, 255, 367]
[-330, 256, 366]
[-330, 256, 365]
[-330, 256, 363]
[-330, 256, 362]
[-330, 256, 361]
[-330, 256, 360]
[-330, 256, 358]
[-330, 256, 357]
[-330, 256, 356]
[-330, 256, 355]
[-330, 256, 353]
[-330, 256, 352]
