# Curve Parameters
# y_end: 242
# loops: 1
# A (south bulge): 140
# B (lateral wiggle): 60
# samples: 350
#
# Analysis Results
# max_grade: 0.925595
# length_3d: 430.30
# length_2d: 398.86
# min_horiz_step: 0.220531
# status: OK
#
# Coordinates (x, y, z)
#==================================================

[-199, 98, 410]
[-199, 98, 411]
[-199, 98, 413]
[-199, 98, 414]
[-199, 98, 415]
[-199, 98, 416]
[-199, 98, 418]
[-199, 98, 419]
[-199, 98, 420]
[-199, 98, 421]
[-199, 98, 422]
[-199, 98, 424]
[-199, 98, 425]
[-199, 99, 426]
[-199, 99, 427]
[-199, 99, 429]
[-199, 99, 430]
[-199, 99, 431]
[-200, 99, 432]
[-200, 99, 433]
[-200, 99, 435]
[-200, 100, 436]
[-200, 100, 437]
[-200, 100, 438]
[-200, 100, 439]
[-200, 100, 440]
[-200, 100, 442]
[-200, 100, 443]
[-200, 101, 444]
[-200, 101, 445]
[-200, 101, 446]
[-200, 101, 447]
[-199, 101, 448]
[-199, 102, 450]
[-199, 102, 451]
[-199, 102, 452]
[-199, 102, 453]
[-199, 103, 454]
[-199, 103, 455]
[-199, 103, 456]
[-199, 103, 457]
[-199, 103, 458]
[-199, 104, 459]
[-198, 104, 460]
[-198, 104, 461]
[-198, 105, 463]
[-198, 105, 464]
[-198, 105, 465]
[-198, 105, 466]
[-198, 106, 467]
[-197, 106, 468]
[-197, 106, 469]
[-197, 107, 470]
[-197, 107, 471]
[-197, 107, 472]
[-196, 108, 473]
[-196, 108, 474]
[-196, 108, 475]
[-196, 109, 476]
[-196, 109, 476]
[-195, 109, 477]
[-195, 110, 478]
[-195, 110, 479]
[-195, 110, 480]
[-194, 111, 481]
[-194, 111, 482]
[-194, 112, 483]
[-194, 112, 484]
[-193, 112, 485]
[-193, 113, 486]
[-193, 113, 486]
[-193, 113, 487]
[-192, 114, 488]
[-192, 114, 489]
[-192, 115, 490]
[-192, 115, 491]
[-191, 116, 491]
[-191, 116, 492]
[-191, 116, 493]
[-191, 117, 494]
[-191, 117, 495]
[-190, 118, 495]
[-190, 118, 496]
[-190, 119, 497]
[-190, 119, 498]
[-190, 119, 498]
[-190, 120, 499]
[-189, 120, 500]
[-189, 121, 500]
[-189, 121, 501]
[-189, 122, 502]
[-189, 122, 503]
[-189, 123, 503]
[-189, 123, 504]
[-189, 124, 504]
[-189, 124, 505]
[-189, 125, 506]
[-189, 125, 506]
[-189, 126, 507]
[-189, 126, 508]
[-189, 127, 508]
[-189, 127, 509]
[-189, 128, 509]
[-190, 128, 510]
[-190, 129, 510]
[-190, 129, 511]
[-190, 130, 511]
[-190, 130, 512]
[-191, 131, 512]
[-191, 131, 513]
[-191, 132, 513]
[-192, 132, 514]
[-192, 133, 514]
[-192, 134, 515]
[-193, 134, 515]
[-193, 135, 516]
[-194, 135, 516]
[-194, 136, 516]
[-195, 136, 517]
[-195, 137, 517]
[-196, 137, 518]
[-197, 138, 518]
[-197, 138, 518]
[-198, 139, 519]
[-199, 140, 519]
[-199, 140, 519]
[-200, 141, 520]
[-201, 141, 520]
[-202, 142, 520]
[-203, 142, 521]
[-203, 143, 521]
[-204, 144, 521]
[-205, 144, 521]
[-206, 145, 521]
[-207, 145, 522]
[-208, 146, 522]
[-209, 147, 522]
[-210, 147, 522]
[-211, 148, 522]
[-213, 148, 523]
[-214, 149, 523]
[-215, 150, 523]
[-216, 150, 523]
[-217, 151, 523]
[-218, 151, 523]
[-220, 152, 523]
[-221, 153, 523]
[-222, 153, 524]
[-224, 154, 524]
[-225, 154, 524]
[-226, 155, 524]
[-228, 156, 524]
[-229, 156, 524]
[-231, 157, 524]
[-232, 157, 524]
[-234, 158, 524]
[-235, 159, 524]
[-237, 159, 524]
[-238, 160, 524]
[-240, 160, 523]
[-241, 161, 523]
[-243, 162, 523]
[-244, 162, 523]
[-246, 163, 523]
[-247, 164, 523]
[-249, 164, 523]
[-251, 165, 523]
[-252, 165, 523]
[-254, 166, 522]
[-255, 167, 522]
[-257, 167, 522]
[-259, 168, 522]
[-260, 168, 522]
[-262, 169, 521]
[-264, 170, 521]
[-265, 170, 521]
[-267, 171, 521]
[-269, 172, 520]
[-270, 172, 520]
[-272, 173, 520]
[-274, 173, 519]
[-275, 174, 519]
[-277, 175, 519]
[-278, 175, 518]
[-280, 176, 518]
[-282, 176, 518]
[-283, 177, 517]
[-285, 178, 517]
[-286, 178, 517]
[-288, 179, 516]
[-289, 180, 516]
[-291, 180, 515]
[-292, 181, 515]
[-294, 181, 514]
[-295, 182, 514]
[-297, 183, 514]
[-298, 183, 513]
[-300, 184, 513]
[-301, 184, 512]
[-303, 185, 512]
[-304, 186, 511]
[-305, 186, 510]
[-307, 187, 510]
[-308, 187, 509]
[-309, 188, 509]
[-311, 189, 508]
[-312, 189, 508]
[-313, 190, 507]
[-314, 190, 506]
[-315, 191, 506]
[-316, 192, 505]
[-318, 192, 505]
[-319, 193, 504]
[-320, 193, 503]
[-321, 194, 503]
[-322, 195, 502]
[-323, 195, 501]
[-324, 196, 500]
[-325, 196, 500]
[-326, 197, 499]
[-326, 198, 498]
[-327, 198, 498]
[-328, 199, 497]
[-329, 199, 496]
[-330, 200, 495]
[-330, 200, 495]
[-331, 201, 494]
[-332, 202, 493]
[-332, 202, 492]
[-333, 203, 491]
[-334, 203, 491]
[-334, 204, 490]
[-335, 204, 489]
[-335, 205, 488]
[-336, 205, 487]
[-336, 206, 486]
[-337, 206, 485]
[-337, 207, 485]
[-337, 208, 484]
[-338, 208, 483]
[-338, 209, 482]
[-338, 209, 481]
[-339, 210, 480]
[-339, 210, 479]
[-339, 211, 478]
[-339, 211, 477]
[-339, 212, 476]
[-340, 212, 475]
[-340, 213, 474]
[-340, 213, 473]
[-340, 214, 472]
[-340, 214, 471]
[-340, 215, 470]
[-340, 215, 469]
[-340, 216, 468]
[-340, 216, 467]
[-340, 217, 466]
[-340, 217, 465]
[-340, 218, 464]
[-340, 218, 463]
[-340, 219, 462]
[-340, 219, 461]
[-340, 220, 460]
[-339, 220, 459]
[-339, 221, 458]
[-339, 221, 457]
[-339, 221, 455]
[-339, 222, 454]
[-339, 222, 453]
[-338, 223, 452]
[-338, 223, 451]
[-338, 224, 450]
[-338, 224, 449]
[-338, 224, 448]
[-337, 225, 446]
[-337, 225, 445]
[-337, 226, 444]
[-337, 226, 443]
[-336, 227, 442]
[-336, 227, 441]
[-336, 227, 439]
[-336, 228, 438]
[-335, 228, 437]
[-335, 228, 436]
[-335, 229, 435]
[-335, 229, 433]
[-334, 230, 432]
[-334, 230, 431]
[-334, 230, 430]
[-334, 231, 429]
[-333, 231, 427]
[-333, 231, 426]
[-333, 232, 425]
[-333, 232, 424]
[-333, 232, 422]
[-332, 233, 421]
[-332, 233, 420]
[-332, 233, 419]
[-332, 234, 417]
[-332, 234, 416]
[-331, 234, 415]
[-331, 235, 414]
[-331, 235, 412]
[-331, 235, 411]
[-331, 235, 410]
[-331, 236, 409]
[-331, 236, 407]
[-330, 236, 406]
[-330, 237, 405]
[-330, 237, 403]
[-330, 237, 402]
[-330, 237, 401]
[-330, 237, 400]
[-330, 238, 398]
[-330, 238, 397]
[-330, 238, 396]
[-330, 238, 394]
[-330, 239, 393]
[-329, 239, 392]
[-329, 239, 391]
[-329, 239, 389]
[-329, 239, 388]
[-329, 240, 387]
[-329, 240, 385]
[-329, 240, 384]
[-329, 240, 383]
[-329, 240, 382]
[-329, 240, 380]
[-329, 240, 379]
[-329, 241, 378]
[-329, 241, 376]
[-329, 241, 375]
[-330, 241, 374]
[-330, 241, 372]
[-330, 241, 371]
[-330, 241, 370]
[-330, 241, 369]
[-330, 242, 367]
[-330, 242, 366]
[-330, 242, 365]
[-330, 242, 363]
[-330, 242, 362]
[-330, 242, 361]
[-330, 242, 360]
[-330, 242, 358]
[-330, 242, 357]
[-330, 242, 356]
[-330, 242, 355]
[-330, 242, 353]
[-330, 242, 352]
