# Curve Parameters
# y_end: 226
# loops: 1
# A (south bulge): 80
# B (lateral wiggle): 10
# samples: 350
#
# Analysis Results
# max_grade: 0.965961
# length_3d: 277.43
# length_2d: 239.66
# min_horiz_step: 0.179128
# status: OK
#
# Coordinates (x, y, z)
#==================================================

[-199, 98, 410]
[-199, 98, 411]
[-199, 98, 411]
[-199, 98, 412]
[-199, 98, 413]
[-199, 98, 414]
[-199, 98, 414]
[-199, 98, 415]
[-199, 98, 416]
[-199, 98, 416]
[-199, 98, 417]
[-199, 98, 418]
[-199, 98, 418]
[-200, 99, 419]
[-200, 99, 420]
[-200, 99, 420]
[-200, 99, 421]
[-200, 99, 422]
[-200, 99, 422]
[-200, 99, 423]
[-200, 99, 424]
[-200, 99, 424]
[-200, 99, 425]
[-200, 100, 426]
[-201, 100, 426]
[-201, 100, 427]
[-201, 100, 428]
[-201, 100, 428]
[-201, 100, 429]
[-201, 101, 430]
[-201, 101, 430]
[-202, 101, 431]
[-202, 101, 431]
[-202, 101, 432]
[-202, 101, 433]
[-202, 102, 433]
[-202, 102, 434]
[-202, 102, 434]
[-203, 102, 435]
[-203, 102, 436]
[-203, 103, 436]
[-203, 103, 437]
[-203, 103, 437]
[-203, 103, 438]
[-204, 104, 438]
[-204, 104, 439]
[-204, 104, 439]
[-204, 104, 440]
[-204, 105, 441]
[-205, 105, 441]
[-205, 105, 442]
[-205, 105, 442]
[-205, 106, 443]
[-205, 106, 443]
[-206, 106, 444]
[-206, 107, 444]
[-206, 107, 445]
[-206, 107, 445]
[-207, 107, 446]
[-207, 108, 446]
[-207, 108, 447]
[-207, 108, 447]
[-207, 109, 448]
[-208, 109, 448]
[-208, 109, 448]
[-208, 110, 449]
[-208, 110, 449]
[-209, 110, 450]
[-209, 111, 450]
[-209, 111, 451]
[-209, 111, 451]
[-210, 112, 451]
[-210, 112, 452]
[-210, 112, 452]
[-210, 113, 453]
[-211, 113, 453]
[-211, 114, 454]
[-211, 114, 454]
[-212, 114, 454]
[-212, 115, 455]
[-212, 115, 455]
[-212, 115, 455]
[-213, 116, 456]
[-213, 116, 456]
[-213, 117, 456]
[-214, 117, 457]
[-214, 117, 457]
[-214, 118, 457]
[-215, 118, 458]
[-215, 119, 458]
[-215, 119, 458]
[-216, 120, 459]
[-216, 120, 459]
[-216, 120, 459]
[-217, 121, 460]
[-217, 121, 460]
[-218, 122, 460]
[-218, 122, 460]
[-218, 123, 461]
[-219, 123, 461]
[-219, 124, 461]
[-220, 124, 461]
[-220, 124, 462]
[-220, 125, 462]
[-221, 125, 462]
[-221, 126, 462]
[-222, 126, 462]
[-222, 127, 463]
[-223, 127, 463]
[-223, 128, 463]
[-223, 128, 463]
[-224, 129, 463]
[-224, 129, 464]
[-225, 130, 464]
[-225, 130, 464]
[-226, 131, 464]
[-226, 131, 464]
[-227, 132, 464]
[-227, 132, 464]
[-228, 132, 465]
[-228, 133, 465]
[-229, 133, 465]
[-229, 134, 465]
[-230, 134, 465]
[-230, 135, 465]
[-231, 135, 465]
[-232, 136, 465]
[-232, 137, 465]
[-233, 137, 465]
[-233, 138, 465]
[-234, 138, 466]
[-234, 139, 466]
[-235, 139, 466]
[-236, 140, 466]
[-236, 140, 466]
[-237, 141, 466]
[-238, 141, 466]
[-238, 142, 466]
[-239, 142, 466]
[-239, 143, 466]
[-240, 143, 466]
[-241, 144, 466]
[-241, 144, 466]
[-242, 145, 466]
[-243, 145, 466]
[-243, 146, 465]
[-244, 146, 465]
[-245, 147, 465]
[-245, 148, 465]
[-246, 148, 465]
[-247, 149, 465]
[-247, 149, 465]
[-248, 150, 465]
[-249, 150, 465]
[-250, 151, 465]
[-250, 151, 465]
[-251, 152, 464]
[-252, 152, 464]
[-252, 153, 464]
[-253, 153, 464]
[-254, 154, 464]
[-255, 155, 464]
[-255, 155, 464]
[-256, 156, 463]
[-257, 156, 463]
[-257, 157, 463]
[-258, 157, 463]
[-259, 158, 463]
[-260, 158, 462]
[-260, 159, 462]
[-261, 160, 462]
[-262, 160, 462]
[-263, 161, 462]
[-263, 161, 461]
[-264, 162, 461]
[-265, 162, 461]
[-266, 163, 461]
[-266, 163, 460]
[-267, 164, 460]
[-268, 164, 460]
[-269, 165, 460]
[-269, 166, 459]
[-270, 166, 459]
[-271, 167, 459]
[-272, 167, 458]
[-272, 168, 458]
[-273, 168, 458]
[-274, 169, 457]
[-274, 169, 457]
[-275, 170, 457]
[-276, 171, 456]
[-277, 171, 456]
[-277, 172, 456]
[-278, 172, 455]
[-279, 173, 455]
[-279, 173, 455]
[-280, 174, 454]
[-281, 174, 454]
[-282, 175, 453]
[-282, 175, 453]
[-283, 176, 453]
[-284, 176, 452]
[-284, 177, 452]
[-285, 178, 451]
[-286, 178, 451]
[-286, 179, 450]
[-287, 179, 450]
[-288, 180, 450]
[-288, 180, 449]
[-289, 181, 449]
[-290, 181, 448]
[-290, 182, 448]
[-291, 182, 447]
[-291, 183, 447]
[-292, 183, 446]
[-293, 184, 446]
[-293, 184, 445]
[-294, 185, 445]
[-295, 185, 444]
[-295, 186, 444]
[-296, 186, 443]
[-296, 187, 443]
[-297, 187, 442]
[-297, 188, 442]
[-298, 189, 441]
[-299, 189, 441]
[-299, 190, 440]
[-300, 190, 440]
[-300, 191, 439]
[-301, 191, 438]
[-301, 192, 438]
[-302, 192, 437]
[-302, 192, 437]
[-303, 193, 436]
[-303, 193, 436]
[-304, 194, 435]
[-304, 194, 434]
[-305, 195, 434]
[-305, 195, 433]
[-306, 196, 433]
[-306, 196, 432]
[-306, 197, 431]
[-307, 197, 431]
[-307, 198, 430]
[-308, 198, 429]
[-308, 199, 429]
[-309, 199, 428]
[-309, 200, 428]
[-309, 200, 427]
[-310, 200, 426]
[-310, 201, 426]
[-311, 201, 425]
[-311, 202, 424]
[-311, 202, 424]
[-312, 203, 423]
[-312, 203, 422]
[-313, 204, 422]
[-313, 204, 421]
[-313, 204, 420]
[-314, 205, 420]
[-314, 205, 419]
[-314, 206, 418]
[-315, 206, 417]
[-315, 207, 417]
[-315, 207, 416]
[-316, 207, 415]
[-316, 208, 415]
[-316, 208, 414]
[-317, 209, 413]
[-317, 209, 413]
[-317, 209, 412]
[-317, 210, 411]
[-318, 210, 410]
[-318, 210, 410]
[-318, 211, 409]
[-319, 211, 408]
[-319, 212, 407]
[-319, 212, 407]
[-319, 212, 406]
[-320, 213, 405]
[-320, 213, 404]
[-320, 213, 404]
[-320, 214, 403]
[-321, 214, 402]
[-321, 214, 401]
[-321, 215, 401]
[-321, 215, 400]
[-322, 215, 399]
[-322, 216, 398]
[-322, 216, 398]
[-322, 216, 397]
[-322, 217, 396]
[-323, 217, 395]
[-323, 217, 395]
[-323, 217, 394]
[-323, 218, 393]
[-324, 218, 392]
[-324, 218, 392]
[-324, 219, 391]
[-324, 219, 390]
[-324, 219, 389]
[-325, 219, 388]
[-325, 220, 388]
[-325, 220, 387]
[-325, 220, 386]
[-325, 220, 385]
[-326, 221, 385]
[-326, 221, 384]
[-326, 221, 383]
[-326, 221, 382]
[-326, 222, 382]
[-326, 222, 381]
[-327, 222, 380]
[-327, 222, 379]
[-327, 222, 378]
[-327, 223, 378]
[-327, 223, 377]
[-327, 223, 376]
[-327, 223, 375]
[-328, 223, 375]
[-328, 223, 374]
[-328, 224, 373]
[-328, 224, 372]
[-328, 224, 371]
[-328, 224, 371]
[-328, 224, 370]
[-329, 224, 369]
[-329, 225, 368]
[-329, 225, 368]
[-329, 225, 367]
[-329, 225, 366]
[-329, 225, 365]
[-329, 225, 365]
[-329, 225, 364]
[-329, 225, 363]
[-329, 225, 362]
[-329, 225, 362]
[-330, 226, 361]
[-330, 226, 360]
[-330, 226, 359]
[-330, 226, 359]
[-330, 226, 358]
[-330, 226, 357]
[-330, 226, 356]
[-330, 226, 356]
[-330, 226, 355]
[-330, 226, 354]
[-330, 226, 353]
[-330, 226, 353]
[-330, 226, 352]
