# Curve Parameters
# y_end: 236
# loops: 1
# A (south bulge): 100
# B (lateral wiggle): 10
# samples: 350
#
# Analysis Results
# max_grade: 0.958332
# length_3d: 313.64
# length_2d: 273.26
# min_horiz_step: 0.207327
# status: OK
#
# Coordinates (x, y, z)
#==================================================

[-199, 98, 410]
[-199, 98, 411]
[-199, 98, 412]
[-199, 98, 413]
[-199, 98, 414]
[-199, 98, 414]
[-199, 98, 415]
[-199, 98, 416]
[-199, 98, 417]
[-199, 98, 418]
[-199, 98, 419]
[-199, 98, 420]
[-199, 98, 421]
[-200, 99, 421]
[-200, 99, 422]
[-200, 99, 423]
[-200, 99, 424]
[-200, 99, 425]
[-200, 99, 426]
[-200, 99, 427]
[-200, 99, 427]
[-200, 99, 428]
[-200, 100, 429]
[-200, 100, 430]
[-201, 100, 431]
[-201, 100, 431]
[-201, 100, 432]
[-201, 100, 433]
[-201, 101, 434]
[-201, 101, 435]
[-201, 101, 435]
[-202, 101, 436]
[-202, 101, 437]
[-202, 101, 438]
[-202, 102, 439]
[-202, 102, 439]
[-202, 102, 440]
[-202, 102, 441]
[-203, 103, 442]
[-203, 103, 442]
[-203, 103, 443]
[-203, 103, 444]
[-203, 104, 445]
[-203, 104, 445]
[-204, 104, 446]
[-204, 104, 447]
[-204, 105, 447]
[-204, 105, 448]
[-204, 105, 449]
[-205, 105, 450]
[-205, 106, 450]
[-205, 106, 451]
[-205, 106, 452]
[-205, 107, 452]
[-206, 107, 453]
[-206, 107, 454]
[-206, 108, 454]
[-206, 108, 455]
[-207, 108, 456]
[-207, 108, 456]
[-207, 109, 457]
[-207, 109, 457]
[-207, 110, 458]
[-208, 110, 459]
[-208, 110, 459]
[-208, 111, 460]
[-208, 111, 461]
[-209, 111, 461]
[-209, 112, 462]
[-209, 112, 462]
[-209, 112, 463]
[-210, 113, 463]
[-210, 113, 464]
[-210, 114, 465]
[-210, 114, 465]
[-211, 114, 466]
[-211, 115, 466]
[-211, 115, 467]
[-212, 116, 467]
[-212, 116, 468]
[-212, 116, 468]
[-212, 117, 469]
[-213, 117, 469]
[-213, 118, 470]
[-213, 118, 470]
[-214, 119, 471]
[-214, 119, 471]
[-214, 119, 472]
[-215, 120, 472]
[-215, 120, 472]
[-215, 121, 473]
[-216, 121, 473]
[-216, 122, 474]
[-216, 122, 474]
[-217, 123, 475]
[-217, 123, 475]
[-218, 124, 475]
[-218, 124, 476]
[-218, 125, 476]
[-219, 125, 476]
[-219, 125, 477]
[-220, 126, 477]
[-220, 126, 477]
[-220, 127, 478]
[-221, 127, 478]
[-221, 128, 478]
[-222, 128, 479]
[-222, 129, 479]
[-223, 129, 479]
[-223, 130, 480]
[-223, 130, 480]
[-224, 131, 480]
[-224, 132, 481]
[-225, 132, 481]
[-225, 133, 481]
[-226, 133, 481]
[-226, 134, 481]
[-227, 134, 482]
[-227, 135, 482]
[-228, 135, 482]
[-228, 136, 482]
[-229, 136, 483]
[-229, 137, 483]
[-230, 137, 483]
[-230, 138, 483]
[-231, 138, 483]
[-232, 139, 483]
[-232, 140, 484]
[-233, 140, 484]
[-233, 141, 484]
[-234, 141, 484]
[-234, 142, 484]
[-235, 142, 484]
[-236, 143, 484]
[-236, 143, 484]
[-237, 144, 484]
[-238, 145, 484]
[-238, 145, 485]
[-239, 146, 485]
[-239, 146, 485]
[-240, 147, 485]
[-241, 147, 485]
[-241, 148, 485]
[-242, 149, 485]
[-243, 149, 485]
[-243, 150, 485]
[-244, 150, 485]
[-245, 151, 485]
[-245, 151, 485]
[-246, 152, 485]
[-247, 153, 485]
[-247, 153, 485]
[-248, 154, 485]
[-249, 154, 484]
[-250, 155, 484]
[-250, 155, 484]
[-251, 156, 484]
[-252, 157, 484]
[-252, 157, 484]
[-253, 158, 484]
[-254, 158, 484]
[-255, 159, 484]
[-255, 160, 483]
[-256, 160, 483]
[-257, 161, 483]
[-257, 161, 483]
[-258, 162, 483]
[-259, 163, 483]
[-260, 163, 482]
[-260, 164, 482]
[-261, 164, 482]
[-262, 165, 482]
[-263, 166, 482]
[-263, 166, 481]
[-264, 167, 481]
[-265, 167, 481]
[-266, 168, 481]
[-266, 168, 480]
[-267, 169, 480]
[-268, 170, 480]
[-269, 170, 480]
[-269, 171, 479]
[-270, 171, 479]
[-271, 172, 479]
[-272, 173, 478]
[-272, 173, 478]
[-273, 174, 478]
[-274, 174, 477]
[-274, 175, 477]
[-275, 176, 477]
[-276, 176, 476]
[-277, 177, 476]
[-277, 177, 475]
[-278, 178, 475]
[-279, 179, 475]
[-279, 179, 474]
[-280, 180, 474]
[-281, 180, 473]
[-282, 181, 473]
[-282, 181, 473]
[-283, 182, 472]
[-284, 183, 472]
[-284, 183, 471]
[-285, 184, 471]
[-286, 184, 470]
[-286, 185, 470]
[-287, 185, 469]
[-288, 186, 469]
[-288, 187, 468]
[-289, 187, 468]
[-290, 188, 467]
[-290, 188, 467]
[-291, 189, 466]
[-291, 189, 466]
[-292, 190, 465]
[-293, 191, 465]
[-293, 191, 464]
[-294, 192, 463]
[-295, 192, 463]
[-295, 193, 462]
[-296, 193, 462]
[-296, 194, 461]
[-297, 194, 460]
[-297, 195, 460]
[-298, 196, 459]
[-299, 196, 459]
[-299, 197, 458]
[-300, 197, 457]
[-300, 198, 457]
[-301, 198, 456]
[-301, 199, 455]
[-302, 199, 455]
[-302, 200, 454]
[-303, 200, 453]
[-303, 201, 453]
[-304, 201, 452]
[-304, 202, 451]
[-305, 202, 451]
[-305, 203, 450]
[-306, 204, 449]
[-306, 204, 449]
[-306, 205, 448]
[-307, 205, 447]
[-307, 206, 446]
[-308, 206, 446]
[-308, 207, 445]
[-309, 207, 444]
[-309, 208, 443]
[-309, 208, 443]
[-310, 209, 442]
[-310, 209, 441]
[-311, 209, 440]
[-311, 210, 440]
[-311, 210, 439]
[-312, 211, 438]
[-312, 211, 437]
[-313, 212, 436]
[-313, 212, 436]
[-313, 213, 435]
[-314, 213, 434]
[-314, 214, 433]
[-314, 214, 432]
[-315, 215, 432]
[-315, 215, 431]
[-315, 215, 430]
[-316, 216, 429]
[-316, 216, 428]
[-316, 217, 427]
[-317, 217, 427]
[-317, 218, 426]
[-317, 218, 425]
[-317, 218, 424]
[-318, 219, 423]
[-318, 219, 422]
[-318, 220, 421]
[-319, 220, 421]
[-319, 220, 420]
[-319, 221, 419]
[-319, 221, 418]
[-320, 222, 417]
[-320, 222, 416]
[-320, 222, 415]
[-320, 223, 414]
[-321, 223, 413]
[-321, 223, 413]
[-321, 224, 412]
[-321, 224, 411]
[-322, 224, 410]
[-322, 225, 409]
[-322, 225, 408]
[-322, 226, 407]
[-322, 226, 406]
[-323, 226, 405]
[-323, 226, 404]
[-323, 227, 403]
[-323, 227, 402]
[-324, 227, 402]
[-324, 228, 401]
[-324, 228, 400]
[-324, 228, 399]
[-324, 229, 398]
[-325, 229, 397]
[-325, 229, 396]
[-325, 229, 395]
[-325, 230, 394]
[-325, 230, 393]
[-326, 230, 392]
[-326, 230, 391]
[-326, 231, 390]
[-326, 231, 389]
[-326, 231, 388]
[-326, 231, 387]
[-327, 232, 387]
[-327, 232, 386]
[-327, 232, 385]
[-327, 232, 384]
[-327, 233, 383]
[-327, 233, 382]
[-327, 233, 381]
[-328, 233, 380]
[-328, 233, 379]
[-328, 233, 378]
[-328, 234, 377]
[-328, 234, 376]
[-328, 234, 375]
[-328, 234, 374]
[-329, 234, 373]
[-329, 234, 372]
[-329, 235, 371]
[-329, 235, 370]
[-329, 235, 370]
[-329, 235, 369]
[-329, 235, 368]
[-329, 235, 367]
[-329, 235, 366]
[-329, 235, 365]
[-329, 235, 364]
[-330, 236, 363]
[-330, 236, 362]
[-330, 236, 361]
[-330, 236, 360]
[-330, 236, 359]
[-330, 236, 358]
[-330, 236, 357]
[-330, 236, 357]
[-330, 236, 356]
[-330, 236, 355]
[-330, 236, 354]
[-330, 236, 353]
[-330, 236, 352]
