# Curve Parameters
# y_end: 230
# loops: 1
# A (south bulge): 100
# B (lateral wiggle): 10
# samples: 350
#
# Analysis Results
# max_grade: 0.916665
# length_3d: 310.51
# length_2d: 273.26
# min_horiz_step: 0.207327
# status: OK
#
# Coordinates (x, y, z)
#==================================================

[-199, 98, 410]
[-199, 98, 411]
[-199, 98, 412]
[-199, 98, 413]
[-199, 98, 414]
[-199, 98, 414]
[-199, 98, 415]
[-199, 98, 416]
[-199, 98, 417]
[-199, 98, 418]
[-199, 98, 419]
[-199, 98, 420]
[-199, 98, 421]
[-200, 99, 421]
[-200, 99, 422]
[-200, 99, 423]
[-200, 99, 424]
[-200, 99, 425]
[-200, 99, 426]
[-200, 99, 427]
[-200, 99, 427]
[-200, 99, 428]
[-200, 100, 429]
[-200, 100, 430]
[-201, 100, 431]
[-201, 100, 431]
[-201, 100, 432]
[-201, 100, 433]
[-201, 100, 434]
[-201, 101, 435]
[-201, 101, 435]
[-202, 101, 436]
[-202, 101, 437]
[-202, 101, 438]
[-202, 102, 439]
[-202, 102, 439]
[-202, 102, 440]
[-202, 102, 441]
[-203, 102, 442]
[-203, 103, 442]
[-203, 103, 443]
[-203, 103, 444]
[-203, 103, 445]
[-203, 104, 445]
[-204, 104, 446]
[-204, 104, 447]
[-204, 104, 447]
[-204, 105, 448]
[-204, 105, 449]
[-205, 105, 450]
[-205, 105, 450]
[-205, 106, 451]
[-205, 106, 452]
[-205, 106, 452]
[-206, 107, 453]
[-206, 107, 454]
[-206, 107, 454]
[-206, 107, 455]
[-207, 108, 456]
[-207, 108, 456]
[-207, 108, 457]
[-207, 109, 457]
[-207, 109, 458]
[-208, 109, 459]
[-208, 110, 459]
[-208, 110, 460]
[-208, 110, 461]
[-209, 111, 461]
[-209, 111, 462]
[-209, 111, 462]
[-209, 112, 463]
[-210, 112, 463]
[-210, 113, 464]
[-210, 113, 465]
[-210, 113, 465]
[-211, 114, 466]
[-211, 114, 466]
[-211, 114, 467]
[-212, 115, 467]
[-212, 115, 468]
[-212, 116, 468]
[-212, 116, 469]
[-213, 116, 469]
[-213, 117, 470]
[-213, 117, 470]
[-214, 118, 471]
[-214, 118, 471]
[-214, 119, 472]
[-215, 119, 472]
[-215, 119, 472]
[-215, 120, 473]
[-216, 120, 473]
[-216, 121, 474]
[-216, 121, 474]
[-217, 122, 475]
[-217, 122, 475]
[-218, 122, 475]
[-218, 123, 476]
[-218, 123, 476]
[-219, 124, 476]
[-219, 124, 477]
[-220, 125, 477]
[-220, 125, 477]
[-220, 126, 478]
[-221, 126, 478]
[-221, 127, 478]
[-222, 127, 479]
[-222, 128, 479]
[-223, 128, 479]
[-223, 129, 480]
[-223, 129, 480]
[-224, 130, 480]
[-224, 130, 481]
[-225, 131, 481]
[-225, 131, 481]
[-226, 132, 481]
[-226, 132, 481]
[-227, 133, 482]
[-227, 133, 482]
[-228, 134, 482]
[-228, 134, 482]
[-229, 135, 483]
[-229, 135, 483]
[-230, 136, 483]
[-230, 136, 483]
[-231, 137, 483]
[-232, 137, 483]
[-232, 138, 484]
[-233, 138, 484]
[-233, 139, 484]
[-234, 139, 484]
[-234, 140, 484]
[-235, 140, 484]
[-236, 141, 484]
[-236, 141, 484]
[-237, 142, 484]
[-238, 143, 484]
[-238, 143, 485]
[-239, 144, 485]
[-239, 144, 485]
[-240, 145, 485]
[-241, 145, 485]
[-241, 146, 485]
[-242, 146, 485]
[-243, 147, 485]
[-243, 147, 485]
[-244, 148, 485]
[-245, 149, 485]
[-245, 149, 485]
[-246, 150, 485]
[-247, 150, 485]
[-247, 151, 485]
[-248, 151, 485]
[-249, 152, 484]
[-250, 152, 484]
[-250, 153, 484]
[-251, 154, 484]
[-252, 154, 484]
[-252, 155, 484]
[-253, 155, 484]
[-254, 156, 484]
[-255, 156, 484]
[-255, 157, 483]
[-256, 157, 483]
[-257, 158, 483]
[-257, 159, 483]
[-258, 159, 483]
[-259, 160, 483]
[-260, 160, 482]
[-260, 161, 482]
[-261, 161, 482]
[-262, 162, 482]
[-263, 163, 482]
[-263, 163, 481]
[-264, 164, 481]
[-265, 164, 481]
[-266, 165, 481]
[-266, 165, 480]
[-267, 166, 480]
[-268, 167, 480]
[-269, 167, 480]
[-269, 168, 479]
[-270, 168, 479]
[-271, 169, 479]
[-272, 169, 478]
[-272, 170, 478]
[-273, 171, 478]
[-274, 171, 477]
[-274, 172, 477]
[-275, 172, 477]
[-276, 173, 476]
[-277, 173, 476]
[-277, 174, 475]
[-278, 174, 475]
[-279, 175, 475]
[-279, 176, 474]
[-280, 176, 474]
[-281, 177, 473]
[-282, 177, 473]
[-282, 178, 473]
[-283, 178, 472]
[-284, 179, 472]
[-284, 179, 471]
[-285, 180, 471]
[-286, 181, 470]
[-286, 181, 470]
[-287, 182, 469]
[-288, 182, 469]
[-288, 183, 468]
[-289, 183, 468]
[-290, 184, 467]
[-290, 184, 467]
[-291, 185, 466]
[-291, 185, 466]
[-292, 186, 465]
[-293, 187, 465]
[-293, 187, 464]
[-294, 188, 463]
[-295, 188, 463]
[-295, 189, 462]
[-296, 189, 462]
[-296, 190, 461]
[-297, 190, 460]
[-297, 191, 460]
[-298, 191, 459]
[-299, 192, 459]
[-299, 192, 458]
[-300, 193, 457]
[-300, 193, 457]
[-301, 194, 456]
[-301, 194, 455]
[-302, 195, 455]
[-302, 195, 454]
[-303, 196, 453]
[-303, 196, 453]
[-304, 197, 452]
[-304, 197, 451]
[-305, 198, 451]
[-305, 198, 450]
[-306, 199, 449]
[-306, 199, 449]
[-306, 200, 448]
[-307, 200, 447]
[-307, 201, 446]
[-308, 201, 446]
[-308, 202, 445]
[-309, 202, 444]
[-309, 203, 443]
[-309, 203, 443]
[-310, 204, 442]
[-310, 204, 441]
[-311, 205, 440]
[-311, 205, 440]
[-311, 206, 439]
[-312, 206, 438]
[-312, 206, 437]
[-313, 207, 436]
[-313, 207, 436]
[-313, 208, 435]
[-314, 208, 434]
[-314, 209, 433]
[-314, 209, 432]
[-315, 209, 432]
[-315, 210, 431]
[-315, 210, 430]
[-316, 211, 429]
[-316, 211, 428]
[-316, 212, 427]
[-317, 212, 427]
[-317, 212, 426]
[-317, 213, 425]
[-317, 213, 424]
[-318, 214, 423]
[-318, 214, 422]
[-318, 214, 421]
[-319, 215, 421]
[-319, 215, 420]
[-319, 215, 419]
[-319, 216, 418]
[-320, 216, 417]
[-320, 217, 416]
[-320, 217, 415]
[-320, 217, 414]
[-321, 218, 413]
[-321, 218, 413]
[-321, 218, 412]
[-321, 219, 411]
[-322, 219, 410]
[-322, 219, 409]
[-322, 220, 408]
[-322, 220, 407]
[-322, 220, 406]
[-323, 221, 405]
[-323, 221, 404]
[-323, 221, 403]
[-323, 221, 402]
[-324, 222, 402]
[-324, 222, 401]
[-324, 222, 400]
[-324, 223, 399]
[-324, 223, 398]
[-325, 223, 397]
[-325, 223, 396]
[-325, 224, 395]
[-325, 224, 394]
[-325, 224, 393]
[-326, 224, 392]
[-326, 225, 391]
[-326, 225, 390]
[-326, 225, 389]
[-326, 225, 388]
[-326, 226, 387]
[-327, 226, 387]
[-327, 226, 386]
[-327, 226, 385]
[-327, 226, 384]
[-327, 227, 383]
[-327, 227, 382]
[-327, 227, 381]
[-328, 227, 380]
[-328, 227, 379]
[-328, 228, 378]
[-328, 228, 377]
[-328, 228, 376]
[-328, 228, 375]
[-328, 228, 374]
[-329, 228, 373]
[-329, 228, 372]
[-329, 229, 371]
[-329, 229, 370]
[-329, 229, 370]
[-329, 229, 369]
[-329, 229, 368]
[-329, 229, 367]
[-329, 229, 366]
[-329, 229, 365]
[-329, 229, 364]
[-330, 230, 363]
[-330, 230, 362]
[-330, 230, 361]
[-330, 230, 360]
[-330, 230, 359]
[-330, 230, 358]
[-330, 230, 357]
[-330, 230, 357]
[-330, 230, 356]
[-330, 230, 355]
[-330, 230, 354]
[-330, 230, 353]
[-330, 230, 352]
