# Curve Parameters
# y_end: 240
# loops: 1
# A (south bulge): 120
# B (lateral wiggle): 30
# samples: 350
#
# Analysis Results
# max_grade: 0.948961
# length_3d: 362.67
# length_2d: 326.08
# min_horiz_step: 0.210616
# status: OK
#
# Coordinates (x, y, z)
#==================================================

[-199, 98, 410]
[-199, 98, 411]
[-199, 98, 412]
[-199, 98, 413]
[-199, 98, 414]
[-199, 98, 415]
[-199, 98, 416]
[-199, 98, 417]
[-199, 98, 419]
[-199, 98, 420]
[-199, 98, 421]
[-199, 98, 422]
[-199, 98, 423]
[-199, 99, 424]
[-199, 99, 425]
[-200, 99, 426]
[-200, 99, 427]
[-200, 99, 428]
[-200, 99, 429]
[-200, 99, 430]
[-200, 99, 431]
[-200, 99, 432]
[-200, 100, 433]
[-200, 100, 434]
[-200, 100, 435]
[-200, 100, 436]
[-200, 100, 437]
[-200, 100, 438]
[-200, 101, 439]
[-201, 101, 440]
[-201, 101, 441]
[-201, 101, 442]
[-201, 101, 443]
[-201, 102, 444]
[-201, 102, 445]
[-201, 102, 446]
[-201, 102, 446]
[-201, 102, 447]
[-201, 103, 448]
[-201, 103, 449]
[-201, 103, 450]
[-201, 103, 451]
[-201, 104, 452]
[-201, 104, 453]
[-202, 104, 454]
[-202, 104, 455]
[-202, 105, 456]
[-202, 105, 456]
[-202, 105, 457]
[-202, 106, 458]
[-202, 106, 459]
[-202, 106, 460]
[-202, 107, 461]
[-202, 107, 461]
[-202, 107, 462]
[-202, 107, 463]
[-202, 108, 464]
[-202, 108, 465]
[-202, 108, 466]
[-202, 109, 466]
[-202, 109, 467]
[-202, 109, 468]
[-202, 110, 469]
[-202, 110, 469]
[-202, 111, 470]
[-203, 111, 471]
[-203, 111, 472]
[-203, 112, 472]
[-203, 112, 473]
[-203, 112, 474]
[-203, 113, 475]
[-203, 113, 475]
[-203, 114, 476]
[-203, 114, 477]
[-203, 114, 477]
[-203, 115, 478]
[-203, 115, 479]
[-203, 116, 479]
[-203, 116, 480]
[-203, 117, 481]
[-204, 117, 481]
[-204, 117, 482]
[-204, 118, 483]
[-204, 118, 483]
[-204, 119, 484]
[-204, 119, 484]
[-204, 120, 485]
[-204, 120, 486]
[-205, 121, 486]
[-205, 121, 487]
[-205, 121, 487]
[-205, 122, 488]
[-205, 122, 488]
[-205, 123, 489]
[-206, 123, 489]
[-206, 124, 490]
[-206, 124, 491]
[-206, 125, 491]
[-207, 125, 492]
[-207, 126, 492]
[-207, 126, 492]
[-207, 127, 493]
[-208, 127, 493]
[-208, 128, 494]
[-208, 128, 494]
[-209, 129, 495]
[-209, 129, 495]
[-209, 130, 496]
[-210, 130, 496]
[-210, 131, 496]
[-211, 131, 497]
[-211, 132, 497]
[-211, 132, 497]
[-212, 133, 498]
[-212, 134, 498]
[-213, 134, 498]
[-213, 135, 499]
[-214, 135, 499]
[-214, 136, 499]
[-215, 136, 500]
[-215, 137, 500]
[-216, 137, 500]
[-217, 138, 501]
[-217, 138, 501]
[-218, 139, 501]
[-218, 140, 501]
[-219, 140, 502]
[-220, 141, 502]
[-220, 141, 502]
[-221, 142, 502]
[-222, 142, 502]
[-222, 143, 503]
[-223, 144, 503]
[-224, 144, 503]
[-225, 145, 503]
[-225, 145, 503]
[-226, 146, 503]
[-227, 146, 503]
[-228, 147, 504]
[-229, 148, 504]
[-230, 148, 504]
[-230, 149, 504]
[-231, 149, 504]
[-232, 150, 504]
[-233, 151, 504]
[-234, 151, 504]
[-235, 152, 504]
[-236, 152, 504]
[-237, 153, 504]
[-238, 154, 504]
[-239, 154, 504]
[-240, 155, 504]
[-241, 155, 504]
[-242, 156, 504]
[-243, 157, 504]
[-244, 157, 504]
[-245, 158, 504]
[-246, 158, 504]
[-247, 159, 504]
[-248, 160, 504]
[-249, 160, 504]
[-250, 161, 503]
[-251, 161, 503]
[-252, 162, 503]
[-253, 163, 503]
[-254, 163, 503]
[-255, 164, 503]
[-256, 164, 503]
[-257, 165, 502]
[-258, 166, 502]
[-260, 166, 502]
[-261, 167, 502]
[-262, 167, 502]
[-263, 168, 501]
[-264, 169, 501]
[-265, 169, 501]
[-266, 170, 501]
[-267, 171, 500]
[-268, 171, 500]
[-269, 172, 500]
[-271, 172, 499]
[-272, 173, 499]
[-273, 174, 499]
[-274, 174, 499]
[-275, 175, 498]
[-276, 175, 498]
[-277, 176, 497]
[-278, 177, 497]
[-279, 177, 497]
[-280, 178, 496]
[-281, 178, 496]
[-282, 179, 496]
[-283, 180, 495]
[-284, 180, 495]
[-285, 181, 494]
[-286, 181, 494]
[-287, 182, 493]
[-288, 183, 493]
[-289, 183, 493]
[-290, 184, 492]
[-291, 184, 492]
[-292, 185, 491]
[-293, 186, 491]
[-294, 186, 490]
[-295, 187, 490]
[-296, 187, 489]
[-297, 188, 488]
[-298, 189, 488]
[-299, 189, 487]
[-299, 190, 487]
[-300, 190, 486]
[-301, 191, 486]
[-302, 192, 485]
[-303, 192, 484]
[-304, 193, 484]
[-304, 193, 483]
[-305, 194, 483]
[-306, 194, 482]
[-307, 195, 481]
[-307, 196, 481]
[-308, 196, 480]
[-309, 197, 479]
[-309, 197, 479]
[-310, 198, 478]
[-311, 198, 477]
[-311, 199, 477]
[-312, 200, 476]
[-312, 200, 475]
[-313, 201, 474]
[-314, 201, 474]
[-314, 202, 473]
[-315, 202, 472]
[-315, 203, 471]
[-316, 203, 471]
[-316, 204, 470]
[-317, 204, 469]
[-317, 205, 468]
[-318, 206, 468]
[-318, 206, 467]
[-318, 207, 466]
[-319, 207, 465]
[-319, 208, 464]
[-320, 208, 464]
[-320, 209, 463]
[-320, 209, 462]
[-321, 210, 461]
[-321, 210, 460]
[-321, 211, 459]
[-322, 211, 458]
[-322, 212, 458]
[-322, 212, 457]
[-322, 213, 456]
[-323, 213, 455]
[-323, 214, 454]
[-323, 214, 453]
[-323, 215, 452]
[-324, 215, 451]
[-324, 216, 450]
[-324, 216, 449]
[-324, 217, 449]
[-324, 217, 448]
[-324, 217, 447]
[-325, 218, 446]
[-325, 218, 445]
[-325, 219, 444]
[-325, 219, 443]
[-325, 220, 442]
[-325, 220, 441]
[-325, 221, 440]
[-325, 221, 439]
[-326, 221, 438]
[-326, 222, 437]
[-326, 222, 436]
[-326, 223, 435]
[-326, 223, 434]
[-326, 224, 433]
[-326, 224, 432]
[-326, 224, 431]
[-326, 225, 430]
[-326, 225, 429]
[-326, 226, 428]
[-326, 226, 427]
[-326, 226, 426]
[-326, 227, 425]
[-326, 227, 424]
[-327, 227, 423]
[-327, 228, 421]
[-327, 228, 420]
[-327, 229, 419]
[-327, 229, 418]
[-327, 229, 417]
[-327, 230, 416]
[-327, 230, 415]
[-327, 230, 414]
[-327, 231, 413]
[-327, 231, 412]
[-327, 231, 411]
[-327, 231, 410]
[-327, 232, 409]
[-327, 232, 407]
[-327, 232, 406]
[-327, 233, 405]
[-327, 233, 404]
[-327, 233, 403]
[-327, 234, 402]
[-327, 234, 401]
[-328, 234, 400]
[-328, 234, 399]
[-328, 235, 398]
[-328, 235, 396]
[-328, 235, 395]
[-328, 235, 394]
[-328, 236, 393]
[-328, 236, 392]
[-328, 236, 391]
[-328, 236, 390]
[-328, 236, 389]
[-328, 237, 387]
[-328, 237, 386]
[-328, 237, 385]
[-328, 237, 384]
[-329, 237, 383]
[-329, 238, 382]
[-329, 238, 381]
[-329, 238, 380]
[-329, 238, 379]
[-329, 238, 377]
[-329, 238, 376]
[-329, 239, 375]
[-329, 239, 374]
[-329, 239, 373]
[-329, 239, 372]
[-329, 239, 371]
[-329, 239, 370]
[-329, 239, 368]
[-330, 239, 367]
[-330, 239, 366]
[-330, 240, 365]
[-330, 240, 364]
[-330, 240, 363]
[-330, 240, 362]
[-330, 240, 361]
[-330, 240, 360]
[-330, 240, 359]
[-330, 240, 357]
[-330, 240, 356]
[-330, 240, 355]
[-330, 240, 354]
[-330, 240, 353]
[-330, 240, 352]
