# Curve Parameters
# y_end: 238
# loops: 1
# A (south bulge): 140
# B (lateral wiggle): 80
# samples: 350
#
# Analysis Results
# max_grade: 0.949240
# length_3d: 456.52
# length_2d: 428.63
# min_horiz_step: 0.209470
# status: OK
#
# Coordinates (x, y, z)
#==================================================

[-199, 98, 410]
[-199, 98, 411]
[-199, 98, 413]
[-199, 98, 414]
[-199, 98, 415]
[-199, 98, 416]
[-199, 98, 418]
[-199, 98, 419]
[-199, 98, 420]
[-199, 98, 421]
[-199, 98, 422]
[-199, 98, 424]
[-199, 98, 425]
[-199, 99, 426]
[-199, 99, 427]
[-199, 99, 429]
[-199, 99, 430]
[-199, 99, 431]
[-199, 99, 432]
[-199, 99, 433]
[-199, 99, 435]
[-199, 99, 436]
[-199, 100, 437]
[-199, 100, 438]
[-199, 100, 439]
[-199, 100, 440]
[-199, 100, 442]
[-199, 100, 443]
[-199, 101, 444]
[-199, 101, 445]
[-199, 101, 446]
[-199, 101, 447]
[-199, 101, 448]
[-198, 102, 450]
[-198, 102, 451]
[-198, 102, 452]
[-198, 102, 453]
[-198, 102, 454]
[-198, 103, 455]
[-197, 103, 456]
[-197, 103, 457]
[-197, 103, 458]
[-197, 104, 459]
[-197, 104, 460]
[-196, 104, 461]
[-196, 104, 463]
[-196, 105, 464]
[-195, 105, 465]
[-195, 105, 466]
[-195, 106, 467]
[-194, 106, 468]
[-194, 106, 469]
[-194, 106, 470]
[-193, 107, 471]
[-193, 107, 472]
[-193, 107, 473]
[-192, 108, 474]
[-192, 108, 475]
[-191, 108, 476]
[-191, 109, 476]
[-191, 109, 477]
[-190, 109, 478]
[-190, 110, 479]
[-189, 110, 480]
[-189, 110, 481]
[-188, 111, 482]
[-188, 111, 483]
[-188, 111, 484]
[-187, 112, 485]
[-187, 112, 486]
[-186, 113, 486]
[-186, 113, 487]
[-185, 113, 488]
[-185, 114, 489]
[-184, 114, 490]
[-184, 115, 491]
[-184, 115, 491]
[-183, 115, 492]
[-183, 116, 493]
[-182, 116, 494]
[-182, 117, 495]
[-182, 117, 495]
[-181, 118, 496]
[-181, 118, 497]
[-181, 118, 498]
[-180, 119, 498]
[-180, 119, 499]
[-180, 120, 500]
[-179, 120, 500]
[-179, 121, 501]
[-179, 121, 502]
[-178, 122, 503]
[-178, 122, 503]
[-178, 123, 504]
[-178, 123, 504]
[-178, 123, 505]
[-178, 124, 506]
[-177, 124, 506]
[-177, 125, 507]
[-177, 125, 508]
[-177, 126, 508]
[-177, 126, 509]
[-177, 127, 509]
[-177, 127, 510]
[-177, 128, 510]
[-178, 128, 511]
[-178, 129, 511]
[-178, 129, 512]
[-178, 130, 512]
[-178, 130, 513]
[-179, 131, 513]
[-179, 131, 514]
[-179, 132, 514]
[-180, 133, 515]
[-180, 133, 515]
[-180, 134, 516]
[-181, 134, 516]
[-181, 135, 516]
[-182, 135, 517]
[-182, 136, 517]
[-183, 136, 518]
[-184, 137, 518]
[-184, 137, 518]
[-185, 138, 519]
[-186, 138, 519]
[-187, 139, 519]
[-188, 140, 520]
[-188, 140, 520]
[-189, 141, 520]
[-190, 141, 521]
[-191, 142, 521]
[-192, 142, 521]
[-193, 143, 521]
[-194, 143, 521]
[-196, 144, 522]
[-197, 145, 522]
[-198, 145, 522]
[-199, 146, 522]
[-200, 146, 522]
[-202, 147, 523]
[-203, 148, 523]
[-204, 148, 523]
[-206, 149, 523]
[-207, 149, 523]
[-209, 150, 523]
[-210, 150, 523]
[-212, 151, 523]
[-213, 152, 524]
[-215, 152, 524]
[-217, 153, 524]
[-218, 153, 524]
[-220, 154, 524]
[-222, 155, 524]
[-223, 155, 524]
[-225, 156, 524]
[-227, 156, 524]
[-229, 157, 524]
[-231, 158, 524]
[-232, 158, 524]
[-234, 159, 523]
[-236, 159, 523]
[-238, 160, 523]
[-240, 160, 523]
[-242, 161, 523]
[-244, 162, 523]
[-246, 162, 523]
[-248, 163, 523]
[-250, 163, 523]
[-252, 164, 522]
[-254, 165, 522]
[-256, 165, 522]
[-257, 166, 522]
[-259, 166, 522]
[-261, 167, 521]
[-263, 168, 521]
[-266, 168, 521]
[-268, 169, 521]
[-270, 170, 520]
[-272, 170, 520]
[-273, 171, 520]
[-275, 171, 519]
[-277, 172, 519]
[-279, 173, 519]
[-281, 173, 518]
[-283, 174, 518]
[-285, 174, 518]
[-287, 175, 517]
[-289, 176, 517]
[-291, 176, 517]
[-293, 177, 516]
[-295, 177, 516]
[-297, 178, 515]
[-298, 178, 515]
[-300, 179, 514]
[-302, 180, 514]
[-304, 180, 514]
[-306, 181, 513]
[-307, 181, 513]
[-309, 182, 512]
[-311, 183, 512]
[-312, 183, 511]
[-314, 184, 510]
[-316, 184, 510]
[-317, 185, 509]
[-319, 186, 509]
[-320, 186, 508]
[-322, 187, 508]
[-323, 187, 507]
[-325, 188, 506]
[-326, 188, 506]
[-327, 189, 505]
[-329, 190, 505]
[-330, 190, 504]
[-331, 191, 503]
[-332, 191, 503]
[-333, 192, 502]
[-335, 193, 501]
[-336, 193, 500]
[-337, 194, 500]
[-338, 194, 499]
[-339, 195, 498]
[-340, 195, 498]
[-341, 196, 497]
[-341, 196, 496]
[-342, 197, 495]
[-343, 198, 495]
[-344, 198, 494]
[-345, 199, 493]
[-345, 199, 492]
[-346, 200, 491]
[-347, 200, 491]
[-347, 201, 490]
[-348, 201, 489]
[-348, 202, 488]
[-349, 202, 487]
[-349, 203, 486]
[-349, 203, 485]
[-350, 204, 485]
[-350, 205, 484]
[-350, 205, 483]
[-351, 206, 482]
[-351, 206, 481]
[-351, 207, 480]
[-351, 207, 479]
[-351, 208, 478]
[-352, 208, 477]
[-352, 209, 476]
[-352, 209, 475]
[-352, 210, 474]
[-352, 210, 473]
[-352, 211, 472]
[-352, 211, 471]
[-352, 212, 470]
[-351, 212, 469]
[-351, 213, 468]
[-351, 213, 467]
[-351, 213, 466]
[-351, 214, 465]
[-351, 214, 464]
[-350, 215, 463]
[-350, 215, 462]
[-350, 216, 461]
[-349, 216, 460]
[-349, 217, 459]
[-349, 217, 458]
[-348, 218, 457]
[-348, 218, 455]
[-348, 218, 454]
[-347, 219, 453]
[-347, 219, 452]
[-347, 220, 451]
[-346, 220, 450]
[-346, 221, 449]
[-345, 221, 448]
[-345, 221, 446]
[-345, 222, 445]
[-344, 222, 444]
[-344, 223, 443]
[-343, 223, 442]
[-343, 223, 441]
[-342, 224, 439]
[-342, 224, 438]
[-341, 225, 437]
[-341, 225, 436]
[-341, 225, 435]
[-340, 226, 433]
[-340, 226, 432]
[-339, 226, 431]
[-339, 227, 430]
[-338, 227, 429]
[-338, 227, 427]
[-338, 228, 426]
[-337, 228, 425]
[-337, 228, 424]
[-336, 229, 422]
[-336, 229, 421]
[-336, 229, 420]
[-335, 230, 419]
[-335, 230, 417]
[-335, 230, 416]
[-334, 230, 415]
[-334, 231, 414]
[-334, 231, 412]
[-333, 231, 411]
[-333, 232, 410]
[-333, 232, 409]
[-332, 232, 407]
[-332, 232, 406]
[-332, 233, 405]
[-332, 233, 403]
[-332, 233, 402]
[-331, 233, 401]
[-331, 234, 400]
[-331, 234, 398]
[-331, 234, 397]
[-331, 234, 396]
[-331, 234, 394]
[-330, 235, 393]
[-330, 235, 392]
[-330, 235, 391]
[-330, 235, 389]
[-330, 235, 388]
[-330, 236, 387]
[-330, 236, 385]
[-330, 236, 384]
[-330, 236, 383]
[-330, 236, 382]
[-330, 236, 380]
[-330, 237, 379]
[-330, 237, 378]
[-330, 237, 376]
[-330, 237, 375]
[-330, 237, 374]
[-330, 237, 372]
[-330, 237, 371]
[-330, 237, 370]
[-330, 237, 369]
[-330, 238, 367]
[-330, 238, 366]
[-330, 238, 365]
[-330, 238, 363]
[-330, 238, 362]
[-330, 238, 361]
[-330, 238, 360]
[-330, 238, 358]
[-330, 238, 357]
[-330, 238, 356]
[-330, 238, 355]
[-330, 238, 353]
[-330, 238, 352]
