# Curve Parameters
# y_end: 262
# loops: 1
# A (south bulge): 140
# B (lateral wiggle): 40
# samples: 350
#
# Analysis Results
# max_grade: 0.995377
# length_3d: 416.29
# length_2d: 373.34
# min_horiz_step: 0.235202
# status: OK
#
# Coordinates (x, y, z)
#==================================================

[-199, 98, 410]
[-199, 98, 411]
[-199, 98, 413]
[-199, 98, 414]
[-199, 98, 415]
[-199, 98, 416]
[-199, 98, 418]
[-199, 98, 419]
[-199, 98, 420]
[-199, 98, 421]
[-199, 98, 422]
[-199, 98, 424]
[-199, 99, 425]
[-199, 99, 426]
[-199, 99, 427]
[-200, 99, 429]
[-200, 99, 430]
[-200, 99, 431]
[-200, 99, 432]
[-200, 99, 433]
[-200, 100, 435]
[-200, 100, 436]
[-200, 100, 437]
[-200, 100, 438]
[-200, 100, 439]
[-200, 100, 440]
[-200, 101, 442]
[-200, 101, 443]
[-200, 101, 444]
[-200, 101, 445]
[-200, 101, 446]
[-200, 102, 447]
[-200, 102, 448]
[-200, 102, 450]
[-200, 102, 451]
[-200, 103, 452]
[-200, 103, 453]
[-200, 103, 454]
[-200, 103, 455]
[-200, 104, 456]
[-200, 104, 457]
[-200, 104, 458]
[-200, 105, 459]
[-200, 105, 460]
[-200, 105, 461]
[-200, 105, 463]
[-200, 106, 464]
[-200, 106, 465]
[-200, 106, 466]
[-200, 107, 467]
[-200, 107, 468]
[-200, 107, 469]
[-200, 108, 470]
[-200, 108, 471]
[-200, 109, 472]
[-200, 109, 473]
[-200, 109, 474]
[-200, 110, 475]
[-200, 110, 476]
[-200, 110, 476]
[-200, 111, 477]
[-200, 111, 478]
[-200, 112, 479]
[-200, 112, 480]
[-200, 113, 481]
[-200, 113, 482]
[-200, 113, 483]
[-200, 114, 484]
[-200, 114, 485]
[-200, 115, 486]
[-199, 115, 486]
[-199, 116, 487]
[-199, 116, 488]
[-199, 117, 489]
[-199, 117, 490]
[-199, 117, 491]
[-199, 118, 491]
[-199, 118, 492]
[-199, 119, 493]
[-199, 119, 494]
[-199, 120, 495]
[-199, 120, 495]
[-199, 121, 496]
[-199, 121, 497]
[-199, 122, 498]
[-199, 122, 498]
[-199, 123, 499]
[-199, 123, 500]
[-200, 124, 500]
[-200, 125, 501]
[-200, 125, 502]
[-200, 126, 503]
[-200, 126, 503]
[-200, 127, 504]
[-200, 127, 504]
[-200, 128, 505]
[-200, 128, 506]
[-201, 129, 506]
[-201, 130, 507]
[-201, 130, 508]
[-201, 131, 508]
[-201, 131, 509]
[-202, 132, 509]
[-202, 132, 510]
[-202, 133, 510]
[-202, 134, 511]
[-203, 134, 511]
[-203, 135, 512]
[-203, 135, 512]
[-204, 136, 513]
[-204, 137, 513]
[-205, 137, 514]
[-205, 138, 514]
[-205, 138, 515]
[-206, 139, 515]
[-206, 140, 516]
[-207, 140, 516]
[-207, 141, 516]
[-208, 142, 517]
[-208, 142, 517]
[-209, 143, 518]
[-210, 143, 518]
[-210, 144, 518]
[-211, 145, 519]
[-211, 145, 519]
[-212, 146, 519]
[-213, 147, 520]
[-213, 147, 520]
[-214, 148, 520]
[-215, 149, 521]
[-216, 149, 521]
[-216, 150, 521]
[-217, 151, 521]
[-218, 151, 521]
[-219, 152, 522]
[-220, 153, 522]
[-221, 153, 522]
[-221, 154, 522]
[-222, 155, 522]
[-223, 155, 523]
[-224, 156, 523]
[-225, 157, 523]
[-226, 157, 523]
[-227, 158, 523]
[-228, 159, 523]
[-229, 159, 523]
[-230, 160, 523]
[-231, 161, 524]
[-232, 161, 524]
[-233, 162, 524]
[-235, 163, 524]
[-236, 164, 524]
[-237, 164, 524]
[-238, 165, 524]
[-239, 166, 524]
[-240, 166, 524]
[-241, 167, 524]
[-243, 168, 524]
[-244, 168, 524]
[-245, 169, 523]
[-246, 170, 523]
[-247, 171, 523]
[-249, 171, 523]
[-250, 172, 523]
[-251, 173, 523]
[-252, 173, 523]
[-254, 174, 523]
[-255, 175, 523]
[-256, 175, 522]
[-257, 176, 522]
[-259, 177, 522]
[-260, 178, 522]
[-261, 178, 522]
[-263, 179, 521]
[-264, 180, 521]
[-265, 180, 521]
[-266, 181, 521]
[-268, 182, 520]
[-269, 182, 520]
[-270, 183, 520]
[-272, 184, 519]
[-273, 185, 519]
[-274, 185, 519]
[-275, 186, 518]
[-277, 187, 518]
[-278, 187, 518]
[-279, 188, 517]
[-280, 189, 517]
[-282, 189, 517]
[-283, 190, 516]
[-284, 191, 516]
[-285, 192, 515]
[-286, 192, 515]
[-288, 193, 514]
[-289, 194, 514]
[-290, 194, 514]
[-291, 195, 513]
[-292, 196, 513]
[-293, 196, 512]
[-294, 197, 512]
[-296, 198, 511]
[-297, 199, 510]
[-298, 199, 510]
[-299, 200, 509]
[-300, 201, 509]
[-301, 201, 508]
[-302, 202, 508]
[-303, 203, 507]
[-304, 203, 506]
[-305, 204, 506]
[-306, 205, 505]
[-307, 205, 505]
[-308, 206, 504]
[-308, 207, 503]
[-309, 207, 503]
[-310, 208, 502]
[-311, 209, 501]
[-312, 209, 500]
[-313, 210, 500]
[-313, 211, 499]
[-314, 211, 498]
[-315, 212, 498]
[-316, 213, 497]
[-316, 213, 496]
[-317, 214, 495]
[-318, 215, 495]
[-318, 215, 494]
[-319, 216, 493]
[-319, 217, 492]
[-320, 217, 491]
[-321, 218, 491]
[-321, 218, 490]
[-322, 219, 489]
[-322, 220, 488]
[-323, 220, 487]
[-323, 221, 486]
[-324, 222, 485]
[-324, 222, 485]
[-324, 223, 484]
[-325, 223, 483]
[-325, 224, 482]
[-326, 225, 481]
[-326, 225, 480]
[-326, 226, 479]
[-327, 226, 478]
[-327, 227, 477]
[-327, 228, 476]
[-327, 228, 475]
[-328, 229, 474]
[-328, 229, 473]
[-328, 230, 472]
[-328, 230, 471]
[-328, 231, 470]
[-329, 232, 469]
[-329, 232, 468]
[-329, 233, 467]
[-329, 233, 466]
[-329, 234, 465]
[-329, 234, 464]
[-329, 235, 463]
[-329, 235, 462]
[-329, 236, 461]
[-330, 237, 460]
[-330, 237, 459]
[-330, 238, 458]
[-330, 238, 457]
[-330, 239, 455]
[-330, 239, 454]
[-330, 240, 453]
[-330, 240, 452]
[-330, 241, 451]
[-330, 241, 450]
[-330, 242, 449]
[-330, 242, 448]
[-330, 243, 446]
[-330, 243, 445]
[-330, 243, 444]
[-330, 244, 443]
[-330, 244, 442]
[-330, 245, 441]
[-329, 245, 439]
[-329, 246, 438]
[-329, 246, 437]
[-329, 247, 436]
[-329, 247, 435]
[-329, 247, 433]
[-329, 248, 432]
[-329, 248, 431]
[-329, 249, 430]
[-329, 249, 429]
[-329, 250, 427]
[-329, 250, 426]
[-329, 250, 425]
[-329, 251, 424]
[-329, 251, 422]
[-329, 251, 421]
[-329, 252, 420]
[-329, 252, 419]
[-329, 253, 417]
[-329, 253, 416]
[-329, 253, 415]
[-329, 254, 414]
[-329, 254, 412]
[-329, 254, 411]
[-329, 255, 410]
[-329, 255, 409]
[-329, 255, 407]
[-329, 255, 406]
[-329, 256, 405]
[-329, 256, 403]
[-329, 256, 402]
[-329, 257, 401]
[-329, 257, 400]
[-329, 257, 398]
[-329, 257, 397]
[-329, 258, 396]
[-329, 258, 394]
[-329, 258, 393]
[-329, 258, 392]
[-329, 259, 391]
[-329, 259, 389]
[-329, 259, 388]
[-329, 259, 387]
[-329, 259, 385]
[-329, 260, 384]
[-329, 260, 383]
[-329, 260, 382]
[-329, 260, 380]
[-329, 260, 379]
[-329, 260, 378]
[-329, 261, 376]
[-329, 261, 375]
[-329, 261, 374]
[-329, 261, 372]
[-329, 261, 371]
[-330, 261, 370]
[-330, 261, 369]
[-330, 261, 367]
[-330, 262, 366]
[-330, 262, 365]
[-330, 262, 363]
[-330, 262, 362]
[-330, 262, 361]
[-330, 262, 360]
[-330, 262, 358]
[-330, 262, 357]
[-330, 262, 356]
[-330, 262, 355]
[-330, 262, 353]
[-330, 262, 352]
