# Curve Parameters
# y_end: 248
# loops: 1
# A (south bulge): 140
# B (lateral wiggle): 30
# samples: 350
#
# Analysis Results
# max_grade: 0.891102
# length_3d: 400.16
# length_2d: 362.28
# min_horiz_step: 0.243295
# status: OK
#
# Coordinates (x, y, z)
#==================================================

[-199, 98, 410]
[-199, 98, 411]
[-199, 98, 413]
[-199, 98, 414]
[-199, 98, 415]
[-199, 98, 416]
[-199, 98, 418]
[-199, 98, 419]
[-199, 98, 420]
[-199, 98, 421]
[-199, 98, 422]
[-199, 98, 424]
[-199, 99, 425]
[-199, 99, 426]
[-199, 99, 427]
[-200, 99, 429]
[-200, 99, 430]
[-200, 99, 431]
[-200, 99, 432]
[-200, 99, 433]
[-200, 99, 435]
[-200, 100, 436]
[-200, 100, 437]
[-200, 100, 438]
[-200, 100, 439]
[-200, 100, 440]
[-200, 100, 442]
[-200, 101, 443]
[-200, 101, 444]
[-201, 101, 445]
[-201, 101, 446]
[-201, 101, 447]
[-201, 102, 448]
[-201, 102, 450]
[-201, 102, 451]
[-201, 102, 452]
[-201, 102, 453]
[-201, 103, 454]
[-201, 103, 455]
[-201, 103, 456]
[-201, 103, 457]
[-201, 104, 458]
[-201, 104, 459]
[-201, 104, 460]
[-202, 105, 461]
[-202, 105, 463]
[-202, 105, 464]
[-202, 105, 465]
[-202, 106, 466]
[-202, 106, 467]
[-202, 106, 468]
[-202, 107, 469]
[-202, 107, 470]
[-202, 107, 471]
[-202, 108, 472]
[-202, 108, 473]
[-202, 108, 474]
[-202, 109, 475]
[-202, 109, 476]
[-202, 109, 476]
[-202, 110, 477]
[-202, 110, 478]
[-202, 111, 479]
[-202, 111, 480]
[-202, 111, 481]
[-203, 112, 482]
[-203, 112, 483]
[-203, 112, 484]
[-203, 113, 485]
[-203, 113, 486]
[-203, 114, 486]
[-203, 114, 487]
[-203, 115, 488]
[-203, 115, 489]
[-203, 115, 490]
[-203, 116, 491]
[-203, 116, 491]
[-203, 117, 492]
[-203, 117, 493]
[-203, 118, 494]
[-204, 118, 495]
[-204, 118, 495]
[-204, 119, 496]
[-204, 119, 497]
[-204, 120, 498]
[-204, 120, 498]
[-204, 121, 499]
[-204, 121, 500]
[-205, 122, 500]
[-205, 122, 501]
[-205, 123, 502]
[-205, 123, 503]
[-205, 124, 503]
[-205, 124, 504]
[-206, 125, 504]
[-206, 125, 505]
[-206, 126, 506]
[-206, 126, 506]
[-207, 127, 507]
[-207, 127, 508]
[-207, 128, 508]
[-207, 128, 509]
[-208, 129, 509]
[-208, 129, 510]
[-208, 130, 510]
[-209, 131, 511]
[-209, 131, 511]
[-209, 132, 512]
[-210, 132, 512]
[-210, 133, 513]
[-211, 133, 513]
[-211, 134, 514]
[-211, 134, 514]
[-212, 135, 515]
[-212, 136, 515]
[-213, 136, 516]
[-213, 137, 516]
[-214, 137, 516]
[-214, 138, 517]
[-215, 138, 517]
[-215, 139, 518]
[-216, 140, 518]
[-217, 140, 518]
[-217, 141, 519]
[-218, 141, 519]
[-218, 142, 519]
[-219, 143, 520]
[-220, 143, 520]
[-220, 144, 520]
[-221, 144, 521]
[-222, 145, 521]
[-222, 146, 521]
[-223, 146, 521]
[-224, 147, 521]
[-225, 147, 522]
[-225, 148, 522]
[-226, 149, 522]
[-227, 149, 522]
[-228, 150, 522]
[-229, 150, 523]
[-230, 151, 523]
[-230, 152, 523]
[-231, 152, 523]
[-232, 153, 523]
[-233, 154, 523]
[-234, 154, 523]
[-235, 155, 523]
[-236, 155, 524]
[-237, 156, 524]
[-238, 157, 524]
[-239, 157, 524]
[-240, 158, 524]
[-241, 159, 524]
[-242, 159, 524]
[-243, 160, 524]
[-244, 160, 524]
[-245, 161, 524]
[-246, 162, 524]
[-247, 162, 524]
[-248, 163, 523]
[-249, 164, 523]
[-250, 164, 523]
[-251, 165, 523]
[-252, 166, 523]
[-253, 166, 523]
[-254, 167, 523]
[-255, 168, 523]
[-256, 168, 523]
[-257, 169, 522]
[-258, 169, 522]
[-260, 170, 522]
[-261, 171, 522]
[-262, 171, 522]
[-263, 172, 521]
[-264, 173, 521]
[-265, 173, 521]
[-266, 174, 521]
[-267, 175, 520]
[-268, 175, 520]
[-269, 176, 520]
[-271, 177, 519]
[-272, 177, 519]
[-273, 178, 519]
[-274, 178, 518]
[-275, 179, 518]
[-276, 180, 518]
[-277, 180, 517]
[-278, 181, 517]
[-279, 182, 517]
[-280, 182, 516]
[-281, 183, 516]
[-282, 184, 515]
[-283, 184, 515]
[-284, 185, 514]
[-285, 186, 514]
[-286, 186, 514]
[-287, 187, 513]
[-288, 187, 513]
[-289, 188, 512]
[-290, 189, 512]
[-291, 189, 511]
[-292, 190, 510]
[-293, 191, 510]
[-294, 191, 509]
[-295, 192, 509]
[-296, 192, 508]
[-297, 193, 508]
[-298, 194, 507]
[-299, 194, 506]
[-299, 195, 506]
[-300, 196, 505]
[-301, 196, 505]
[-302, 197, 504]
[-303, 197, 503]
[-304, 198, 503]
[-304, 199, 502]
[-305, 199, 501]
[-306, 200, 500]
[-307, 200, 500]
[-307, 201, 499]
[-308, 202, 498]
[-309, 202, 498]
[-309, 203, 497]
[-310, 203, 496]
[-311, 204, 495]
[-311, 205, 495]
[-312, 205, 494]
[-312, 206, 493]
[-313, 206, 492]
[-314, 207, 491]
[-314, 208, 491]
[-315, 208, 490]
[-315, 209, 489]
[-316, 209, 488]
[-316, 210, 487]
[-317, 210, 486]
[-317, 211, 485]
[-318, 212, 485]
[-318, 212, 484]
[-318, 213, 483]
[-319, 213, 482]
[-319, 214, 481]
[-320, 214, 480]
[-320, 215, 479]
[-320, 215, 478]
[-321, 216, 477]
[-321, 217, 476]
[-321, 217, 475]
[-322, 218, 474]
[-322, 218, 473]
[-322, 219, 472]
[-322, 219, 471]
[-323, 220, 470]
[-323, 220, 469]
[-323, 221, 468]
[-323, 221, 467]
[-324, 222, 466]
[-324, 222, 465]
[-324, 223, 464]
[-324, 223, 463]
[-324, 224, 462]
[-324, 224, 461]
[-325, 225, 460]
[-325, 225, 459]
[-325, 226, 458]
[-325, 226, 457]
[-325, 227, 455]
[-325, 227, 454]
[-325, 228, 453]
[-325, 228, 452]
[-326, 228, 451]
[-326, 229, 450]
[-326, 229, 449]
[-326, 230, 448]
[-326, 230, 446]
[-326, 231, 445]
[-326, 231, 444]
[-326, 231, 443]
[-326, 232, 442]
[-326, 232, 441]
[-326, 233, 439]
[-326, 233, 438]
[-326, 234, 437]
[-326, 234, 436]
[-326, 234, 435]
[-327, 235, 433]
[-327, 235, 432]
[-327, 235, 431]
[-327, 236, 430]
[-327, 236, 429]
[-327, 237, 427]
[-327, 237, 426]
[-327, 237, 425]
[-327, 238, 424]
[-327, 238, 422]
[-327, 238, 421]
[-327, 239, 420]
[-327, 239, 419]
[-327, 239, 417]
[-327, 240, 416]
[-327, 240, 415]
[-327, 240, 414]
[-327, 241, 412]
[-327, 241, 411]
[-327, 241, 410]
[-327, 241, 409]
[-328, 242, 407]
[-328, 242, 406]
[-328, 242, 405]
[-328, 243, 403]
[-328, 243, 402]
[-328, 243, 401]
[-328, 243, 400]
[-328, 244, 398]
[-328, 244, 397]
[-328, 244, 396]
[-328, 244, 394]
[-328, 244, 393]
[-328, 245, 392]
[-328, 245, 391]
[-328, 245, 389]
[-329, 245, 388]
[-329, 245, 387]
[-329, 246, 385]
[-329, 246, 384]
[-329, 246, 383]
[-329, 246, 382]
[-329, 246, 380]
[-329, 246, 379]
[-329, 247, 378]
[-329, 247, 376]
[-329, 247, 375]
[-329, 247, 374]
[-329, 247, 372]
[-329, 247, 371]
[-330, 247, 370]
[-330, 247, 369]
[-330, 247, 367]
[-330, 248, 366]
[-330, 248, 365]
[-330, 248, 363]
[-330, 248, 362]
[-330, 248, 361]
[-330, 248, 360]
[-330, 248, 358]
[-330, 248, 357]
[-330, 248, 356]
[-330, 248, 355]
[-330, 248, 353]
[-330, 248, 352]
