# Curve Parameters
# y_end: 236
# loops: 1
# A (south bulge): 140
# B (lateral wiggle): 40
# samples: 350
#
# Analysis Results
# max_grade: 0.837573
# length_3d: 404.50
# length_2d: 373.34
# min_horiz_step: 0.235202
# status: OK
#
# Coordinates (x, y, z)
#==================================================

[-199, 98, 410]
[-199, 98, 411]
[-199, 98, 413]
[-199, 98, 414]
[-199, 98, 415]
[-199, 98, 416]
[-199, 98, 418]
[-199, 98, 419]
[-199, 98, 420]
[-199, 98, 421]
[-199, 98, 422]
[-199, 98, 424]
[-199, 98, 425]
[-199, 99, 426]
[-199, 99, 427]
[-200, 99, 429]
[-200, 99, 430]
[-200, 99, 431]
[-200, 99, 432]
[-200, 99, 433]
[-200, 99, 435]
[-200, 99, 436]
[-200, 100, 437]
[-200, 100, 438]
[-200, 100, 439]
[-200, 100, 440]
[-200, 100, 442]
[-200, 100, 443]
[-200, 101, 444]
[-200, 101, 445]
[-200, 101, 446]
[-200, 101, 447]
[-200, 101, 448]
[-200, 101, 450]
[-200, 102, 451]
[-200, 102, 452]
[-200, 102, 453]
[-200, 102, 454]
[-200, 103, 455]
[-200, 103, 456]
[-200, 103, 457]
[-200, 103, 458]
[-200, 104, 459]
[-200, 104, 460]
[-200, 104, 461]
[-200, 104, 463]
[-200, 105, 464]
[-200, 105, 465]
[-200, 105, 466]
[-200, 105, 467]
[-200, 106, 468]
[-200, 106, 469]
[-200, 106, 470]
[-200, 107, 471]
[-200, 107, 472]
[-200, 107, 473]
[-200, 108, 474]
[-200, 108, 475]
[-200, 108, 476]
[-200, 108, 476]
[-200, 109, 477]
[-200, 109, 478]
[-200, 110, 479]
[-200, 110, 480]
[-200, 110, 481]
[-200, 111, 482]
[-200, 111, 483]
[-200, 111, 484]
[-200, 112, 485]
[-200, 112, 486]
[-199, 112, 486]
[-199, 113, 487]
[-199, 113, 488]
[-199, 114, 489]
[-199, 114, 490]
[-199, 114, 491]
[-199, 115, 491]
[-199, 115, 492]
[-199, 116, 493]
[-199, 116, 494]
[-199, 116, 495]
[-199, 117, 495]
[-199, 117, 496]
[-199, 118, 497]
[-199, 118, 498]
[-199, 119, 498]
[-199, 119, 499]
[-199, 119, 500]
[-200, 120, 500]
[-200, 120, 501]
[-200, 121, 502]
[-200, 121, 503]
[-200, 122, 503]
[-200, 122, 504]
[-200, 123, 504]
[-200, 123, 505]
[-200, 124, 506]
[-201, 124, 506]
[-201, 125, 507]
[-201, 125, 508]
[-201, 125, 508]
[-201, 126, 509]
[-202, 126, 509]
[-202, 127, 510]
[-202, 127, 510]
[-202, 128, 511]
[-203, 128, 511]
[-203, 129, 512]
[-203, 129, 512]
[-204, 130, 513]
[-204, 130, 513]
[-205, 131, 514]
[-205, 132, 514]
[-205, 132, 515]
[-206, 133, 515]
[-206, 133, 516]
[-207, 134, 516]
[-207, 134, 516]
[-208, 135, 517]
[-208, 135, 517]
[-209, 136, 518]
[-210, 136, 518]
[-210, 137, 518]
[-211, 137, 519]
[-211, 138, 519]
[-212, 138, 519]
[-213, 139, 520]
[-213, 140, 520]
[-214, 140, 520]
[-215, 141, 521]
[-216, 141, 521]
[-216, 142, 521]
[-217, 142, 521]
[-218, 143, 521]
[-219, 143, 522]
[-220, 144, 522]
[-221, 145, 522]
[-221, 145, 522]
[-222, 146, 522]
[-223, 146, 523]
[-224, 147, 523]
[-225, 147, 523]
[-226, 148, 523]
[-227, 149, 523]
[-228, 149, 523]
[-229, 150, 523]
[-230, 150, 523]
[-231, 151, 524]
[-232, 151, 524]
[-233, 152, 524]
[-235, 153, 524]
[-236, 153, 524]
[-237, 154, 524]
[-238, 154, 524]
[-239, 155, 524]
[-240, 155, 524]
[-241, 156, 524]
[-243, 157, 524]
[-244, 157, 524]
[-245, 158, 523]
[-246, 158, 523]
[-247, 159, 523]
[-249, 160, 523]
[-250, 160, 523]
[-251, 161, 523]
[-252, 161, 523]
[-254, 162, 523]
[-255, 163, 523]
[-256, 163, 522]
[-257, 164, 522]
[-259, 164, 522]
[-260, 165, 522]
[-261, 166, 522]
[-263, 166, 521]
[-264, 167, 521]
[-265, 167, 521]
[-266, 168, 521]
[-268, 168, 520]
[-269, 169, 520]
[-270, 170, 520]
[-272, 170, 519]
[-273, 171, 519]
[-274, 171, 519]
[-275, 172, 518]
[-277, 173, 518]
[-278, 173, 518]
[-279, 174, 517]
[-280, 174, 517]
[-282, 175, 517]
[-283, 176, 516]
[-284, 176, 516]
[-285, 177, 515]
[-286, 177, 515]
[-288, 178, 514]
[-289, 179, 514]
[-290, 179, 514]
[-291, 180, 513]
[-292, 180, 513]
[-293, 181, 512]
[-294, 181, 512]
[-296, 182, 511]
[-297, 183, 510]
[-298, 183, 510]
[-299, 184, 509]
[-300, 184, 509]
[-301, 185, 508]
[-302, 185, 508]
[-303, 186, 507]
[-304, 187, 506]
[-305, 187, 506]
[-306, 188, 505]
[-307, 188, 505]
[-308, 189, 504]
[-308, 189, 503]
[-309, 190, 503]
[-310, 191, 502]
[-311, 191, 501]
[-312, 192, 500]
[-313, 192, 500]
[-313, 193, 499]
[-314, 193, 498]
[-315, 194, 498]
[-316, 194, 497]
[-316, 195, 496]
[-317, 196, 495]
[-318, 196, 495]
[-318, 197, 494]
[-319, 197, 493]
[-319, 198, 492]
[-320, 198, 491]
[-321, 199, 491]
[-321, 199, 490]
[-322, 200, 489]
[-322, 200, 488]
[-323, 201, 487]
[-323, 201, 486]
[-324, 202, 485]
[-324, 202, 485]
[-324, 203, 484]
[-325, 204, 483]
[-325, 204, 482]
[-326, 205, 481]
[-326, 205, 480]
[-326, 206, 479]
[-327, 206, 478]
[-327, 207, 477]
[-327, 207, 476]
[-327, 208, 475]
[-328, 208, 474]
[-328, 209, 473]
[-328, 209, 472]
[-328, 209, 471]
[-328, 210, 470]
[-329, 210, 469]
[-329, 211, 468]
[-329, 211, 467]
[-329, 212, 466]
[-329, 212, 465]
[-329, 213, 464]
[-329, 213, 463]
[-329, 214, 462]
[-329, 214, 461]
[-330, 215, 460]
[-330, 215, 459]
[-330, 215, 458]
[-330, 216, 457]
[-330, 216, 455]
[-330, 217, 454]
[-330, 217, 453]
[-330, 218, 452]
[-330, 218, 451]
[-330, 218, 450]
[-330, 219, 449]
[-330, 219, 448]
[-330, 220, 446]
[-330, 220, 445]
[-330, 220, 444]
[-330, 221, 443]
[-330, 221, 442]
[-330, 222, 441]
[-329, 222, 439]
[-329, 222, 438]
[-329, 223, 437]
[-329, 223, 436]
[-329, 223, 435]
[-329, 224, 433]
[-329, 224, 432]
[-329, 224, 431]
[-329, 225, 430]
[-329, 225, 429]
[-329, 226, 427]
[-329, 226, 426]
[-329, 226, 425]
[-329, 226, 424]
[-329, 227, 422]
[-329, 227, 421]
[-329, 227, 420]
[-329, 228, 419]
[-329, 228, 417]
[-329, 228, 416]
[-329, 229, 415]
[-329, 229, 414]
[-329, 229, 412]
[-329, 229, 411]
[-329, 230, 410]
[-329, 230, 409]
[-329, 230, 407]
[-329, 230, 406]
[-329, 231, 405]
[-329, 231, 403]
[-329, 231, 402]
[-329, 231, 401]
[-329, 232, 400]
[-329, 232, 398]
[-329, 232, 397]
[-329, 232, 396]
[-329, 233, 394]
[-329, 233, 393]
[-329, 233, 392]
[-329, 233, 391]
[-329, 233, 389]
[-329, 233, 388]
[-329, 234, 387]
[-329, 234, 385]
[-329, 234, 384]
[-329, 234, 383]
[-329, 234, 382]
[-329, 234, 380]
[-329, 235, 379]
[-329, 235, 378]
[-329, 235, 376]
[-329, 235, 375]
[-329, 235, 374]
[-329, 235, 372]
[-329, 235, 371]
[-330, 235, 370]
[-330, 235, 369]
[-330, 236, 367]
[-330, 236, 366]
[-330, 236, 365]
[-330, 236, 363]
[-330, 236, 362]
[-330, 236, 361]
[-330, 236, 360]
[-330, 236, 358]
[-330, 236, 357]
[-330, 236, 356]
[-330, 236, 355]
[-330, 236, 353]
[-330, 236, 352]
