# Curve Parameters
# y_end: 228
# loops: 0
# A (south bulge): 140
# B (lateral wiggle): 30
# samples: 350
#
# Analysis Results
# max_grade: 0.992366
# length_3d: 370.47
# length_2d: 336.28
# min_horiz_step: 0.214550
# status: OK
#
# Coordinates (x, y, z)
#==================================================

[-199, 98, 410]
[-199, 98, 411]
[-199, 98, 413]
[-199, 98, 414]
[-199, 98, 415]
[-199, 98, 416]
[-199, 98, 418]
[-199, 98, 419]
[-199, 98, 420]
[-199, 98, 421]
[-199, 98, 422]
[-199, 98, 424]
[-199, 98, 425]
[-200, 99, 426]
[-200, 99, 427]
[-200, 99, 429]
[-200, 99, 430]
[-200, 99, 431]
[-200, 99, 432]
[-200, 99, 433]
[-200, 99, 435]
[-200, 99, 436]
[-200, 99, 437]
[-201, 100, 438]
[-201, 100, 439]
[-201, 100, 440]
[-201, 100, 442]
[-201, 100, 443]
[-201, 100, 444]
[-202, 101, 445]
[-202, 101, 446]
[-202, 101, 447]
[-202, 101, 448]
[-202, 101, 450]
[-202, 101, 451]
[-203, 102, 452]
[-203, 102, 453]
[-203, 102, 454]
[-203, 102, 455]
[-204, 103, 456]
[-204, 103, 457]
[-204, 103, 458]
[-204, 103, 459]
[-204, 103, 460]
[-205, 104, 461]
[-205, 104, 463]
[-205, 104, 464]
[-205, 104, 465]
[-206, 105, 466]
[-206, 105, 467]
[-206, 105, 468]
[-207, 106, 469]
[-207, 106, 470]
[-207, 106, 471]
[-207, 106, 472]
[-208, 107, 473]
[-208, 107, 474]
[-208, 107, 475]
[-209, 108, 476]
[-209, 108, 476]
[-209, 108, 477]
[-210, 109, 478]
[-210, 109, 479]
[-210, 109, 480]
[-211, 110, 481]
[-211, 110, 482]
[-211, 110, 483]
[-212, 111, 484]
[-212, 111, 485]
[-212, 111, 486]
[-213, 112, 486]
[-213, 112, 487]
[-213, 112, 488]
[-214, 113, 489]
[-214, 113, 490]
[-215, 113, 491]
[-215, 114, 491]
[-215, 114, 492]
[-216, 115, 493]
[-216, 115, 494]
[-216, 115, 495]
[-217, 116, 495]
[-217, 116, 496]
[-218, 117, 497]
[-218, 117, 498]
[-219, 117, 498]
[-219, 118, 499]
[-219, 118, 500]
[-220, 119, 500]
[-220, 119, 501]
[-221, 119, 502]
[-221, 120, 503]
[-222, 120, 503]
[-222, 121, 504]
[-222, 121, 504]
[-223, 122, 505]
[-223, 122, 506]
[-224, 123, 506]
[-224, 123, 507]
[-225, 123, 508]
[-225, 124, 508]
[-226, 124, 509]
[-226, 125, 509]
[-226, 125, 510]
[-227, 126, 510]
[-227, 126, 511]
[-228, 127, 511]
[-228, 127, 512]
[-229, 128, 512]
[-229, 128, 513]
[-230, 129, 513]
[-230, 129, 514]
[-231, 130, 514]
[-231, 130, 515]
[-232, 131, 515]
[-232, 131, 516]
[-233, 132, 516]
[-233, 132, 516]
[-234, 133, 517]
[-234, 133, 517]
[-235, 134, 518]
[-235, 134, 518]
[-236, 135, 518]
[-236, 135, 519]
[-237, 136, 519]
[-237, 136, 519]
[-238, 137, 520]
[-238, 137, 520]
[-239, 138, 520]
[-239, 138, 521]
[-240, 139, 521]
[-241, 139, 521]
[-241, 140, 521]
[-242, 140, 521]
[-242, 141, 522]
[-243, 141, 522]
[-243, 142, 522]
[-244, 142, 522]
[-244, 143, 522]
[-245, 143, 523]
[-245, 144, 523]
[-246, 145, 523]
[-246, 145, 523]
[-247, 146, 523]
[-248, 146, 523]
[-248, 147, 523]
[-249, 147, 523]
[-249, 148, 524]
[-250, 148, 524]
[-250, 149, 524]
[-251, 149, 524]
[-251, 150, 524]
[-252, 150, 524]
[-252, 151, 524]
[-253, 152, 524]
[-254, 152, 524]
[-254, 153, 524]
[-255, 153, 524]
[-255, 154, 524]
[-256, 154, 523]
[-256, 155, 523]
[-257, 155, 523]
[-257, 156, 523]
[-258, 157, 523]
[-259, 157, 523]
[-259, 158, 523]
[-260, 158, 523]
[-260, 159, 523]
[-261, 159, 522]
[-261, 160, 522]
[-262, 160, 522]
[-263, 161, 522]
[-263, 162, 522]
[-264, 162, 521]
[-264, 163, 521]
[-265, 163, 521]
[-265, 164, 521]
[-266, 164, 520]
[-266, 165, 520]
[-267, 166, 520]
[-268, 166, 519]
[-268, 167, 519]
[-269, 167, 519]
[-269, 168, 518]
[-270, 168, 518]
[-270, 169, 518]
[-271, 169, 517]
[-272, 170, 517]
[-272, 171, 517]
[-273, 171, 516]
[-273, 172, 516]
[-274, 172, 515]
[-274, 173, 515]
[-275, 173, 514]
[-275, 174, 514]
[-276, 174, 514]
[-277, 175, 513]
[-277, 176, 513]
[-278, 176, 512]
[-278, 177, 512]
[-279, 177, 511]
[-279, 178, 510]
[-280, 178, 510]
[-280, 179, 509]
[-281, 179, 509]
[-281, 180, 508]
[-282, 180, 508]
[-283, 181, 507]
[-283, 181, 506]
[-284, 182, 506]
[-284, 183, 505]
[-285, 183, 505]
[-285, 184, 504]
[-286, 184, 503]
[-286, 185, 503]
[-287, 185, 502]
[-287, 186, 501]
[-288, 186, 500]
[-288, 187, 500]
[-289, 187, 499]
[-290, 188, 498]
[-290, 188, 498]
[-291, 189, 497]
[-291, 189, 496]
[-292, 190, 495]
[-292, 190, 495]
[-293, 191, 494]
[-293, 191, 493]
[-294, 192, 492]
[-294, 192, 491]
[-295, 193, 491]
[-295, 193, 490]
[-296, 194, 489]
[-296, 194, 488]
[-297, 195, 487]
[-297, 195, 486]
[-298, 196, 485]
[-298, 196, 485]
[-299, 197, 484]
[-299, 197, 483]
[-300, 198, 482]
[-300, 198, 481]
[-301, 199, 480]
[-301, 199, 479]
[-302, 200, 478]
[-302, 200, 477]
[-303, 201, 476]
[-303, 201, 475]
[-303, 202, 474]
[-304, 202, 473]
[-304, 203, 472]
[-305, 203, 471]
[-305, 203, 470]
[-306, 204, 469]
[-306, 204, 468]
[-307, 205, 467]
[-307, 205, 466]
[-307, 206, 465]
[-308, 206, 464]
[-308, 207, 463]
[-309, 207, 462]
[-309, 207, 461]
[-310, 208, 460]
[-310, 208, 459]
[-310, 209, 458]
[-311, 209, 457]
[-311, 209, 455]
[-312, 210, 454]
[-312, 210, 453]
[-313, 211, 452]
[-313, 211, 451]
[-313, 211, 450]
[-314, 212, 449]
[-314, 212, 448]
[-314, 213, 446]
[-315, 213, 445]
[-315, 213, 444]
[-316, 214, 443]
[-316, 214, 442]
[-316, 214, 441]
[-317, 215, 439]
[-317, 215, 438]
[-317, 215, 437]
[-318, 216, 436]
[-318, 216, 435]
[-318, 216, 433]
[-319, 217, 432]
[-319, 217, 431]
[-319, 217, 430]
[-320, 218, 429]
[-320, 218, 427]
[-320, 218, 426]
[-321, 219, 425]
[-321, 219, 424]
[-321, 219, 422]
[-322, 220, 421]
[-322, 220, 420]
[-322, 220, 419]
[-322, 220, 417]
[-323, 221, 416]
[-323, 221, 415]
[-323, 221, 414]
[-324, 222, 412]
[-324, 222, 411]
[-324, 222, 410]
[-324, 222, 409]
[-325, 223, 407]
[-325, 223, 406]
[-325, 223, 405]
[-325, 223, 403]
[-325, 223, 402]
[-326, 224, 401]
[-326, 224, 400]
[-326, 224, 398]
[-326, 224, 397]
[-327, 225, 396]
[-327, 225, 394]
[-327, 225, 393]
[-327, 225, 392]
[-327, 225, 391]
[-327, 225, 389]
[-328, 226, 388]
[-328, 226, 387]
[-328, 226, 385]
[-328, 226, 384]
[-328, 226, 383]
[-328, 226, 382]
[-329, 227, 380]
[-329, 227, 379]
[-329, 227, 378]
[-329, 227, 376]
[-329, 227, 375]
[-329, 227, 374]
[-329, 227, 372]
[-329, 227, 371]
[-329, 227, 370]
[-329, 227, 369]
[-330, 228, 367]
[-330, 228, 366]
[-330, 228, 365]
[-330, 228, 363]
[-330, 228, 362]
[-330, 228, 361]
[-330, 228, 360]
[-330, 228, 358]
[-330, 228, 357]
[-330, 228, 356]
[-330, 228, 355]
[-330, 228, 353]
[-330, 228, 352]
