# Curve Parameters
# y_end: 232
# loops: 1
# A (south bulge): 100
# B (lateral wiggle): 10
# samples: 350
#
# Analysis Results
# max_grade: 0.930554
# length_3d: 311.54
# length_2d: 273.26
# min_horiz_step: 0.207327
# status: OK
#
# Coordinates (x, y, z)
#==================================================

[-199, 98, 410]
[-199, 98, 411]
[-199, 98, 412]
[-199, 98, 413]
[-199, 98, 414]
[-199, 98, 414]
[-199, 98, 415]
[-199, 98, 416]
[-199, 98, 417]
[-199, 98, 418]
[-199, 98, 419]
[-199, 98, 420]
[-199, 98, 421]
[-200, 99, 421]
[-200, 99, 422]
[-200, 99, 423]
[-200, 99, 424]
[-200, 99, 425]
[-200, 99, 426]
[-200, 99, 427]
[-200, 99, 427]
[-200, 99, 428]
[-200, 100, 429]
[-200, 100, 430]
[-201, 100, 431]
[-201, 100, 431]
[-201, 100, 432]
[-201, 100, 433]
[-201, 100, 434]
[-201, 101, 435]
[-201, 101, 435]
[-202, 101, 436]
[-202, 101, 437]
[-202, 101, 438]
[-202, 102, 439]
[-202, 102, 439]
[-202, 102, 440]
[-202, 102, 441]
[-203, 102, 442]
[-203, 103, 442]
[-203, 103, 443]
[-203, 103, 444]
[-203, 103, 445]
[-203, 104, 445]
[-204, 104, 446]
[-204, 104, 447]
[-204, 104, 447]
[-204, 105, 448]
[-204, 105, 449]
[-205, 105, 450]
[-205, 105, 450]
[-205, 106, 451]
[-205, 106, 452]
[-205, 106, 452]
[-206, 107, 453]
[-206, 107, 454]
[-206, 107, 454]
[-206, 108, 455]
[-207, 108, 456]
[-207, 108, 456]
[-207, 109, 457]
[-207, 109, 457]
[-207, 109, 458]
[-208, 110, 459]
[-208, 110, 459]
[-208, 110, 460]
[-208, 111, 461]
[-209, 111, 461]
[-209, 111, 462]
[-209, 112, 462]
[-209, 112, 463]
[-210, 112, 463]
[-210, 113, 464]
[-210, 113, 465]
[-210, 114, 465]
[-211, 114, 466]
[-211, 114, 466]
[-211, 115, 467]
[-212, 115, 467]
[-212, 115, 468]
[-212, 116, 468]
[-212, 116, 469]
[-213, 117, 469]
[-213, 117, 470]
[-213, 118, 470]
[-214, 118, 471]
[-214, 118, 471]
[-214, 119, 472]
[-215, 119, 472]
[-215, 120, 472]
[-215, 120, 473]
[-216, 121, 473]
[-216, 121, 474]
[-216, 121, 474]
[-217, 122, 475]
[-217, 122, 475]
[-218, 123, 475]
[-218, 123, 476]
[-218, 124, 476]
[-219, 124, 476]
[-219, 125, 477]
[-220, 125, 477]
[-220, 126, 477]
[-220, 126, 478]
[-221, 127, 478]
[-221, 127, 478]
[-222, 128, 479]
[-222, 128, 479]
[-223, 129, 479]
[-223, 129, 480]
[-223, 130, 480]
[-224, 130, 480]
[-224, 131, 481]
[-225, 131, 481]
[-225, 132, 481]
[-226, 132, 481]
[-226, 133, 481]
[-227, 133, 482]
[-227, 134, 482]
[-228, 134, 482]
[-228, 135, 482]
[-229, 135, 483]
[-229, 136, 483]
[-230, 136, 483]
[-230, 137, 483]
[-231, 137, 483]
[-232, 138, 483]
[-232, 138, 484]
[-233, 139, 484]
[-233, 139, 484]
[-234, 140, 484]
[-234, 140, 484]
[-235, 141, 484]
[-236, 142, 484]
[-236, 142, 484]
[-237, 143, 484]
[-238, 143, 484]
[-238, 144, 485]
[-239, 144, 485]
[-239, 145, 485]
[-240, 145, 485]
[-241, 146, 485]
[-241, 146, 485]
[-242, 147, 485]
[-243, 148, 485]
[-243, 148, 485]
[-244, 149, 485]
[-245, 149, 485]
[-245, 150, 485]
[-246, 150, 485]
[-247, 151, 485]
[-247, 152, 485]
[-248, 152, 485]
[-249, 153, 484]
[-250, 153, 484]
[-250, 154, 484]
[-251, 154, 484]
[-252, 155, 484]
[-252, 156, 484]
[-253, 156, 484]
[-254, 157, 484]
[-255, 157, 484]
[-255, 158, 483]
[-256, 158, 483]
[-257, 159, 483]
[-257, 160, 483]
[-258, 160, 483]
[-259, 161, 483]
[-260, 161, 482]
[-260, 162, 482]
[-261, 162, 482]
[-262, 163, 482]
[-263, 164, 482]
[-263, 164, 481]
[-264, 165, 481]
[-265, 165, 481]
[-266, 166, 481]
[-266, 166, 480]
[-267, 167, 480]
[-268, 168, 480]
[-269, 168, 480]
[-269, 169, 479]
[-270, 169, 479]
[-271, 170, 479]
[-272, 170, 478]
[-272, 171, 478]
[-273, 172, 478]
[-274, 172, 477]
[-274, 173, 477]
[-275, 173, 477]
[-276, 174, 476]
[-277, 174, 476]
[-277, 175, 475]
[-278, 176, 475]
[-279, 176, 475]
[-279, 177, 474]
[-280, 177, 474]
[-281, 178, 473]
[-282, 178, 473]
[-282, 179, 473]
[-283, 180, 472]
[-284, 180, 472]
[-284, 181, 471]
[-285, 181, 471]
[-286, 182, 470]
[-286, 182, 470]
[-287, 183, 469]
[-288, 184, 469]
[-288, 184, 468]
[-289, 185, 468]
[-290, 185, 467]
[-290, 186, 467]
[-291, 186, 466]
[-291, 187, 466]
[-292, 187, 465]
[-293, 188, 465]
[-293, 188, 464]
[-294, 189, 463]
[-295, 190, 463]
[-295, 190, 462]
[-296, 191, 462]
[-296, 191, 461]
[-297, 192, 460]
[-297, 192, 460]
[-298, 193, 459]
[-299, 193, 459]
[-299, 194, 458]
[-300, 194, 457]
[-300, 195, 457]
[-301, 195, 456]
[-301, 196, 455]
[-302, 196, 455]
[-302, 197, 454]
[-303, 197, 453]
[-303, 198, 453]
[-304, 198, 452]
[-304, 199, 451]
[-305, 199, 451]
[-305, 200, 450]
[-306, 200, 449]
[-306, 201, 449]
[-306, 201, 448]
[-307, 202, 447]
[-307, 202, 446]
[-308, 203, 446]
[-308, 203, 445]
[-309, 204, 444]
[-309, 204, 443]
[-309, 205, 443]
[-310, 205, 442]
[-310, 206, 441]
[-311, 206, 440]
[-311, 207, 440]
[-311, 207, 439]
[-312, 208, 438]
[-312, 208, 437]
[-313, 209, 436]
[-313, 209, 436]
[-313, 209, 435]
[-314, 210, 434]
[-314, 210, 433]
[-314, 211, 432]
[-315, 211, 432]
[-315, 212, 431]
[-315, 212, 430]
[-316, 212, 429]
[-316, 213, 428]
[-316, 213, 427]
[-317, 214, 427]
[-317, 214, 426]
[-317, 215, 425]
[-317, 215, 424]
[-318, 215, 423]
[-318, 216, 422]
[-318, 216, 421]
[-319, 216, 421]
[-319, 217, 420]
[-319, 217, 419]
[-319, 218, 418]
[-320, 218, 417]
[-320, 218, 416]
[-320, 219, 415]
[-320, 219, 414]
[-321, 219, 413]
[-321, 220, 413]
[-321, 220, 412]
[-321, 220, 411]
[-322, 221, 410]
[-322, 221, 409]
[-322, 221, 408]
[-322, 222, 407]
[-322, 222, 406]
[-323, 222, 405]
[-323, 223, 404]
[-323, 223, 403]
[-323, 223, 402]
[-324, 224, 402]
[-324, 224, 401]
[-324, 224, 400]
[-324, 225, 399]
[-324, 225, 398]
[-325, 225, 397]
[-325, 225, 396]
[-325, 226, 395]
[-325, 226, 394]
[-325, 226, 393]
[-326, 226, 392]
[-326, 227, 391]
[-326, 227, 390]
[-326, 227, 389]
[-326, 227, 388]
[-326, 228, 387]
[-327, 228, 387]
[-327, 228, 386]
[-327, 228, 385]
[-327, 228, 384]
[-327, 229, 383]
[-327, 229, 382]
[-327, 229, 381]
[-328, 229, 380]
[-328, 229, 379]
[-328, 230, 378]
[-328, 230, 377]
[-328, 230, 376]
[-328, 230, 375]
[-328, 230, 374]
[-329, 230, 373]
[-329, 230, 372]
[-329, 231, 371]
[-329, 231, 370]
[-329, 231, 370]
[-329, 231, 369]
[-329, 231, 368]
[-329, 231, 367]
[-329, 231, 366]
[-329, 231, 365]
[-329, 231, 364]
[-330, 232, 363]
[-330, 232, 362]
[-330, 232, 361]
[-330, 232, 360]
[-330, 232, 359]
[-330, 232, 358]
[-330, 232, 357]
[-330, 232, 357]
[-330, 232, 356]
[-330, 232, 355]
[-330, 232, 354]
[-330, 232, 353]
[-330, 232, 352]
