# Curve Parameters
# y_end: 228
# loops: 1
# A (south bulge): 120
# B (lateral wiggle): 60
# samples: 350
#
# Analysis Results
# max_grade: 0.995870
# length_3d: 390.90
# length_2d: 362.92
# min_horiz_step: 0.182545
# status: OK
#
# Coordinates (x, y, z)
#==================================================

[-199, 98, 410]
[-199, 98, 411]
[-199, 98, 412]
[-199, 98, 413]
[-199, 98, 414]
[-199, 98, 415]
[-199, 98, 416]
[-199, 98, 417]
[-199, 98, 419]
[-199, 98, 420]
[-199, 98, 421]
[-199, 98, 422]
[-199, 98, 423]
[-199, 99, 424]
[-199, 99, 425]
[-199, 99, 426]
[-199, 99, 427]
[-199, 99, 428]
[-200, 99, 429]
[-200, 99, 430]
[-200, 99, 431]
[-200, 99, 432]
[-200, 99, 433]
[-200, 100, 434]
[-200, 100, 435]
[-200, 100, 436]
[-200, 100, 437]
[-200, 100, 438]
[-200, 100, 439]
[-200, 101, 440]
[-200, 101, 441]
[-200, 101, 442]
[-199, 101, 443]
[-199, 101, 444]
[-199, 101, 445]
[-199, 102, 446]
[-199, 102, 446]
[-199, 102, 447]
[-199, 102, 448]
[-199, 103, 449]
[-199, 103, 450]
[-199, 103, 451]
[-199, 103, 452]
[-198, 103, 453]
[-198, 104, 454]
[-198, 104, 455]
[-198, 104, 456]
[-198, 104, 456]
[-198, 105, 457]
[-198, 105, 458]
[-197, 105, 459]
[-197, 106, 460]
[-197, 106, 461]
[-197, 106, 461]
[-197, 106, 462]
[-196, 107, 463]
[-196, 107, 464]
[-196, 107, 465]
[-196, 108, 466]
[-196, 108, 466]
[-195, 108, 467]
[-195, 109, 468]
[-195, 109, 469]
[-195, 109, 469]
[-194, 110, 470]
[-194, 110, 471]
[-194, 110, 472]
[-194, 111, 472]
[-193, 111, 473]
[-193, 111, 474]
[-193, 112, 475]
[-193, 112, 475]
[-192, 112, 476]
[-192, 113, 477]
[-192, 113, 477]
[-192, 113, 478]
[-191, 114, 479]
[-191, 114, 479]
[-191, 115, 480]
[-191, 115, 481]
[-191, 115, 481]
[-190, 116, 482]
[-190, 116, 483]
[-190, 117, 483]
[-190, 117, 484]
[-190, 117, 484]
[-190, 118, 485]
[-189, 118, 486]
[-189, 119, 486]
[-189, 119, 487]
[-189, 119, 487]
[-189, 120, 488]
[-189, 120, 488]
[-189, 121, 489]
[-189, 121, 489]
[-189, 122, 490]
[-189, 122, 491]
[-189, 123, 491]
[-189, 123, 492]
[-189, 123, 492]
[-189, 124, 492]
[-189, 124, 493]
[-189, 125, 493]
[-190, 125, 494]
[-190, 126, 494]
[-190, 126, 495]
[-190, 127, 495]
[-190, 127, 496]
[-191, 128, 496]
[-191, 128, 496]
[-191, 129, 497]
[-192, 129, 497]
[-192, 130, 497]
[-192, 130, 498]
[-193, 131, 498]
[-193, 131, 498]
[-194, 132, 499]
[-194, 132, 499]
[-195, 133, 499]
[-195, 133, 500]
[-196, 134, 500]
[-197, 134, 500]
[-197, 135, 501]
[-198, 135, 501]
[-199, 136, 501]
[-199, 136, 501]
[-200, 137, 502]
[-201, 137, 502]
[-202, 138, 502]
[-203, 138, 502]
[-203, 139, 502]
[-204, 139, 503]
[-205, 140, 503]
[-206, 140, 503]
[-207, 141, 503]
[-208, 141, 503]
[-209, 142, 503]
[-210, 142, 503]
[-211, 143, 504]
[-213, 143, 504]
[-214, 144, 504]
[-215, 145, 504]
[-216, 145, 504]
[-217, 146, 504]
[-218, 146, 504]
[-220, 147, 504]
[-221, 147, 504]
[-222, 148, 504]
[-224, 148, 504]
[-225, 149, 504]
[-226, 149, 504]
[-228, 150, 504]
[-229, 150, 504]
[-231, 151, 504]
[-232, 152, 504]
[-234, 152, 504]
[-235, 153, 504]
[-237, 153, 504]
[-238, 154, 504]
[-240, 154, 504]
[-241, 155, 504]
[-243, 155, 503]
[-244, 156, 503]
[-246, 157, 503]
[-247, 157, 503]
[-249, 158, 503]
[-251, 158, 503]
[-252, 159, 503]
[-254, 159, 502]
[-255, 160, 502]
[-257, 160, 502]
[-259, 161, 502]
[-260, 162, 502]
[-262, 162, 501]
[-264, 163, 501]
[-265, 163, 501]
[-267, 164, 501]
[-269, 164, 500]
[-270, 165, 500]
[-272, 166, 500]
[-274, 166, 499]
[-275, 167, 499]
[-277, 167, 499]
[-278, 168, 499]
[-280, 168, 498]
[-282, 169, 498]
[-283, 169, 497]
[-285, 170, 497]
[-286, 171, 497]
[-288, 171, 496]
[-289, 172, 496]
[-291, 172, 496]
[-292, 173, 495]
[-294, 173, 495]
[-295, 174, 494]
[-297, 174, 494]
[-298, 175, 493]
[-300, 176, 493]
[-301, 176, 493]
[-303, 177, 492]
[-304, 177, 492]
[-305, 178, 491]
[-307, 178, 491]
[-308, 179, 490]
[-309, 179, 490]
[-311, 180, 489]
[-312, 180, 488]
[-313, 181, 488]
[-314, 181, 487]
[-315, 182, 487]
[-316, 183, 486]
[-318, 183, 486]
[-319, 184, 485]
[-320, 184, 484]
[-321, 185, 484]
[-322, 185, 483]
[-323, 186, 483]
[-324, 186, 482]
[-325, 187, 481]
[-326, 187, 481]
[-326, 188, 480]
[-327, 188, 479]
[-328, 189, 479]
[-329, 189, 478]
[-330, 190, 477]
[-330, 190, 477]
[-331, 191, 476]
[-332, 191, 475]
[-332, 192, 474]
[-333, 192, 474]
[-334, 193, 473]
[-334, 193, 472]
[-335, 194, 471]
[-335, 194, 471]
[-336, 195, 470]
[-336, 195, 469]
[-337, 196, 468]
[-337, 196, 468]
[-337, 197, 467]
[-338, 197, 466]
[-338, 198, 465]
[-338, 198, 464]
[-339, 199, 464]
[-339, 199, 463]
[-339, 200, 462]
[-339, 200, 461]
[-339, 201, 460]
[-340, 201, 459]
[-340, 202, 458]
[-340, 202, 458]
[-340, 203, 457]
[-340, 203, 456]
[-340, 203, 455]
[-340, 204, 454]
[-340, 204, 453]
[-340, 205, 452]
[-340, 205, 451]
[-340, 206, 450]
[-340, 206, 449]
[-340, 207, 449]
[-340, 207, 448]
[-340, 207, 447]
[-340, 208, 446]
[-339, 208, 445]
[-339, 209, 444]
[-339, 209, 443]
[-339, 209, 442]
[-339, 210, 441]
[-339, 210, 440]
[-338, 211, 439]
[-338, 211, 438]
[-338, 211, 437]
[-338, 212, 436]
[-338, 212, 435]
[-337, 213, 434]
[-337, 213, 433]
[-337, 213, 432]
[-337, 214, 431]
[-336, 214, 430]
[-336, 214, 429]
[-336, 215, 428]
[-336, 215, 427]
[-335, 215, 426]
[-335, 216, 425]
[-335, 216, 424]
[-335, 216, 423]
[-334, 217, 421]
[-334, 217, 420]
[-334, 217, 419]
[-334, 218, 418]
[-333, 218, 417]
[-333, 218, 416]
[-333, 219, 415]
[-333, 219, 414]
[-333, 219, 413]
[-332, 220, 412]
[-332, 220, 411]
[-332, 220, 410]
[-332, 220, 409]
[-332, 221, 407]
[-331, 221, 406]
[-331, 221, 405]
[-331, 222, 404]
[-331, 222, 403]
[-331, 222, 402]
[-331, 222, 401]
[-331, 223, 400]
[-330, 223, 399]
[-330, 223, 398]
[-330, 223, 396]
[-330, 223, 395]
[-330, 224, 394]
[-330, 224, 393]
[-330, 224, 392]
[-330, 224, 391]
[-330, 225, 390]
[-330, 225, 389]
[-330, 225, 387]
[-329, 225, 386]
[-329, 225, 385]
[-329, 225, 384]
[-329, 226, 383]
[-329, 226, 382]
[-329, 226, 381]
[-329, 226, 380]
[-329, 226, 379]
[-329, 226, 377]
[-329, 227, 376]
[-329, 227, 375]
[-329, 227, 374]
[-329, 227, 373]
[-329, 227, 372]
[-330, 227, 371]
[-330, 227, 370]
[-330, 227, 368]
[-330, 227, 367]
[-330, 227, 366]
[-330, 228, 365]
[-330, 228, 364]
[-330, 228, 363]
[-330, 228, 362]
[-330, 228, 361]
[-330, 228, 360]
[-330, 228, 359]
[-330, 228, 357]
[-330, 228, 356]
[-330, 228, 355]
[-330, 228, 354]
[-330, 228, 353]
[-330, 228, 352]
