# Curve Parameters
# y_end: 250
# loops: 1
# A (south bulge): 140
# B (lateral wiggle): 30
# samples: 350
#
# Analysis Results
# max_grade: 0.902983
# length_3d: 401.10
# length_2d: 362.28
# min_horiz_step: 0.243295
# status: OK
#
# Coordinates (x, y, z)
#==================================================

[-199, 98, 410]
[-199, 98, 411]
[-199, 98, 413]
[-199, 98, 414]
[-199, 98, 415]
[-199, 98, 416]
[-199, 98, 418]
[-199, 98, 419]
[-199, 98, 420]
[-199, 98, 421]
[-199, 98, 422]
[-199, 98, 424]
[-199, 99, 425]
[-199, 99, 426]
[-199, 99, 427]
[-200, 99, 429]
[-200, 99, 430]
[-200, 99, 431]
[-200, 99, 432]
[-200, 99, 433]
[-200, 99, 435]
[-200, 100, 436]
[-200, 100, 437]
[-200, 100, 438]
[-200, 100, 439]
[-200, 100, 440]
[-200, 100, 442]
[-200, 101, 443]
[-200, 101, 444]
[-201, 101, 445]
[-201, 101, 446]
[-201, 101, 447]
[-201, 102, 448]
[-201, 102, 450]
[-201, 102, 451]
[-201, 102, 452]
[-201, 103, 453]
[-201, 103, 454]
[-201, 103, 455]
[-201, 103, 456]
[-201, 104, 457]
[-201, 104, 458]
[-201, 104, 459]
[-201, 104, 460]
[-202, 105, 461]
[-202, 105, 463]
[-202, 105, 464]
[-202, 106, 465]
[-202, 106, 466]
[-202, 106, 467]
[-202, 106, 468]
[-202, 107, 469]
[-202, 107, 470]
[-202, 107, 471]
[-202, 108, 472]
[-202, 108, 473]
[-202, 108, 474]
[-202, 109, 475]
[-202, 109, 476]
[-202, 110, 476]
[-202, 110, 477]
[-202, 110, 478]
[-202, 111, 479]
[-202, 111, 480]
[-202, 111, 481]
[-203, 112, 482]
[-203, 112, 483]
[-203, 113, 484]
[-203, 113, 485]
[-203, 113, 486]
[-203, 114, 486]
[-203, 114, 487]
[-203, 115, 488]
[-203, 115, 489]
[-203, 116, 490]
[-203, 116, 491]
[-203, 116, 491]
[-203, 117, 492]
[-203, 117, 493]
[-203, 118, 494]
[-204, 118, 495]
[-204, 119, 495]
[-204, 119, 496]
[-204, 120, 497]
[-204, 120, 498]
[-204, 121, 498]
[-204, 121, 499]
[-204, 122, 500]
[-205, 122, 500]
[-205, 123, 501]
[-205, 123, 502]
[-205, 124, 503]
[-205, 124, 503]
[-205, 125, 504]
[-206, 125, 504]
[-206, 126, 505]
[-206, 126, 506]
[-206, 127, 506]
[-207, 127, 507]
[-207, 128, 508]
[-207, 128, 508]
[-207, 129, 509]
[-208, 129, 509]
[-208, 130, 510]
[-208, 130, 510]
[-209, 131, 511]
[-209, 132, 511]
[-209, 132, 512]
[-210, 133, 512]
[-210, 133, 513]
[-211, 134, 513]
[-211, 134, 514]
[-211, 135, 514]
[-212, 135, 515]
[-212, 136, 515]
[-213, 137, 516]
[-213, 137, 516]
[-214, 138, 516]
[-214, 138, 517]
[-215, 139, 517]
[-215, 140, 518]
[-216, 140, 518]
[-217, 141, 518]
[-217, 141, 519]
[-218, 142, 519]
[-218, 143, 519]
[-219, 143, 520]
[-220, 144, 520]
[-220, 144, 520]
[-221, 145, 521]
[-222, 146, 521]
[-222, 146, 521]
[-223, 147, 521]
[-224, 147, 521]
[-225, 148, 522]
[-225, 149, 522]
[-226, 149, 522]
[-227, 150, 522]
[-228, 151, 522]
[-229, 151, 523]
[-230, 152, 523]
[-230, 152, 523]
[-231, 153, 523]
[-232, 154, 523]
[-233, 154, 523]
[-234, 155, 523]
[-235, 156, 523]
[-236, 156, 524]
[-237, 157, 524]
[-238, 157, 524]
[-239, 158, 524]
[-240, 159, 524]
[-241, 159, 524]
[-242, 160, 524]
[-243, 161, 524]
[-244, 161, 524]
[-245, 162, 524]
[-246, 163, 524]
[-247, 163, 524]
[-248, 164, 523]
[-249, 165, 523]
[-250, 165, 523]
[-251, 166, 523]
[-252, 166, 523]
[-253, 167, 523]
[-254, 168, 523]
[-255, 168, 523]
[-256, 169, 523]
[-257, 170, 522]
[-258, 170, 522]
[-260, 171, 522]
[-261, 172, 522]
[-262, 172, 522]
[-263, 173, 521]
[-264, 174, 521]
[-265, 174, 521]
[-266, 175, 521]
[-267, 176, 520]
[-268, 176, 520]
[-269, 177, 520]
[-271, 178, 519]
[-272, 178, 519]
[-273, 179, 519]
[-274, 180, 518]
[-275, 180, 518]
[-276, 181, 518]
[-277, 182, 517]
[-278, 182, 517]
[-279, 183, 517]
[-280, 183, 516]
[-281, 184, 516]
[-282, 185, 515]
[-283, 185, 515]
[-284, 186, 514]
[-285, 187, 514]
[-286, 187, 514]
[-287, 188, 513]
[-288, 189, 513]
[-289, 189, 512]
[-290, 190, 512]
[-291, 191, 511]
[-292, 191, 510]
[-293, 192, 510]
[-294, 192, 509]
[-295, 193, 509]
[-296, 194, 508]
[-297, 194, 508]
[-298, 195, 507]
[-299, 196, 506]
[-299, 196, 506]
[-300, 197, 505]
[-301, 197, 505]
[-302, 198, 504]
[-303, 199, 503]
[-304, 199, 503]
[-304, 200, 502]
[-305, 201, 501]
[-306, 201, 500]
[-307, 202, 500]
[-307, 202, 499]
[-308, 203, 498]
[-309, 204, 498]
[-309, 204, 497]
[-310, 205, 496]
[-311, 205, 495]
[-311, 206, 495]
[-312, 207, 494]
[-312, 207, 493]
[-313, 208, 492]
[-314, 208, 491]
[-314, 209, 491]
[-315, 210, 490]
[-315, 210, 489]
[-316, 211, 488]
[-316, 211, 487]
[-317, 212, 486]
[-317, 213, 485]
[-318, 213, 485]
[-318, 214, 484]
[-318, 214, 483]
[-319, 215, 482]
[-319, 215, 481]
[-320, 216, 480]
[-320, 216, 479]
[-320, 217, 478]
[-321, 218, 477]
[-321, 218, 476]
[-321, 219, 475]
[-322, 219, 474]
[-322, 220, 473]
[-322, 220, 472]
[-322, 221, 471]
[-323, 221, 470]
[-323, 222, 469]
[-323, 222, 468]
[-323, 223, 467]
[-324, 223, 466]
[-324, 224, 465]
[-324, 224, 464]
[-324, 225, 463]
[-324, 225, 462]
[-324, 226, 461]
[-325, 226, 460]
[-325, 227, 459]
[-325, 227, 458]
[-325, 228, 457]
[-325, 228, 455]
[-325, 229, 454]
[-325, 229, 453]
[-325, 230, 452]
[-326, 230, 451]
[-326, 231, 450]
[-326, 231, 449]
[-326, 232, 448]
[-326, 232, 446]
[-326, 232, 445]
[-326, 233, 444]
[-326, 233, 443]
[-326, 234, 442]
[-326, 234, 441]
[-326, 235, 439]
[-326, 235, 438]
[-326, 235, 437]
[-326, 236, 436]
[-326, 236, 435]
[-327, 237, 433]
[-327, 237, 432]
[-327, 237, 431]
[-327, 238, 430]
[-327, 238, 429]
[-327, 238, 427]
[-327, 239, 426]
[-327, 239, 425]
[-327, 240, 424]
[-327, 240, 422]
[-327, 240, 421]
[-327, 241, 420]
[-327, 241, 419]
[-327, 241, 417]
[-327, 242, 416]
[-327, 242, 415]
[-327, 242, 414]
[-327, 242, 412]
[-327, 243, 411]
[-327, 243, 410]
[-327, 243, 409]
[-328, 244, 407]
[-328, 244, 406]
[-328, 244, 405]
[-328, 244, 403]
[-328, 245, 402]
[-328, 245, 401]
[-328, 245, 400]
[-328, 245, 398]
[-328, 246, 397]
[-328, 246, 396]
[-328, 246, 394]
[-328, 246, 393]
[-328, 247, 392]
[-328, 247, 391]
[-328, 247, 389]
[-329, 247, 388]
[-329, 247, 387]
[-329, 248, 385]
[-329, 248, 384]
[-329, 248, 383]
[-329, 248, 382]
[-329, 248, 380]
[-329, 248, 379]
[-329, 249, 378]
[-329, 249, 376]
[-329, 249, 375]
[-329, 249, 374]
[-329, 249, 372]
[-329, 249, 371]
[-330, 249, 370]
[-330, 249, 369]
[-330, 249, 367]
[-330, 250, 366]
[-330, 250, 365]
[-330, 250, 363]
[-330, 250, 362]
[-330, 250, 361]
[-330, 250, 360]
[-330, 250, 358]
[-330, 250, 357]
[-330, 250, 356]
[-330, 250, 355]
[-330, 250, 353]
[-330, 250, 352]
