# Curve Parameters
# y_end: 226
# loops: 1
# A (south bulge): 100
# B (lateral wiggle): 10
# samples: 350
#
# Analysis Results
# max_grade: 0.888888
# length_3d: 308.48
# length_2d: 273.26
# min_horiz_step: 0.207327
# status: OK
#
# Coordinates (x, y, z)
#==================================================

[-199, 98, 410]
[-199, 98, 411]
[-199, 98, 412]
[-199, 98, 413]
[-199, 98, 414]
[-199, 98, 414]
[-199, 98, 415]
[-199, 98, 416]
[-199, 98, 417]
[-199, 98, 418]
[-199, 98, 419]
[-199, 98, 420]
[-199, 98, 421]
[-200, 99, 421]
[-200, 99, 422]
[-200, 99, 423]
[-200, 99, 424]
[-200, 99, 425]
[-200, 99, 426]
[-200, 99, 427]
[-200, 99, 427]
[-200, 99, 428]
[-200, 99, 429]
[-200, 100, 430]
[-201, 100, 431]
[-201, 100, 431]
[-201, 100, 432]
[-201, 100, 433]
[-201, 100, 434]
[-201, 101, 435]
[-201, 101, 435]
[-202, 101, 436]
[-202, 101, 437]
[-202, 101, 438]
[-202, 101, 439]
[-202, 102, 439]
[-202, 102, 440]
[-202, 102, 441]
[-203, 102, 442]
[-203, 102, 442]
[-203, 103, 443]
[-203, 103, 444]
[-203, 103, 445]
[-203, 103, 445]
[-204, 104, 446]
[-204, 104, 447]
[-204, 104, 447]
[-204, 104, 448]
[-204, 105, 449]
[-205, 105, 450]
[-205, 105, 450]
[-205, 105, 451]
[-205, 106, 452]
[-205, 106, 452]
[-206, 106, 453]
[-206, 107, 454]
[-206, 107, 454]
[-206, 107, 455]
[-207, 107, 456]
[-207, 108, 456]
[-207, 108, 457]
[-207, 108, 457]
[-207, 109, 458]
[-208, 109, 459]
[-208, 109, 459]
[-208, 110, 460]
[-208, 110, 461]
[-209, 110, 461]
[-209, 111, 462]
[-209, 111, 462]
[-209, 111, 463]
[-210, 112, 463]
[-210, 112, 464]
[-210, 112, 465]
[-210, 113, 465]
[-211, 113, 466]
[-211, 114, 466]
[-211, 114, 467]
[-212, 114, 467]
[-212, 115, 468]
[-212, 115, 468]
[-212, 115, 469]
[-213, 116, 469]
[-213, 116, 470]
[-213, 117, 470]
[-214, 117, 471]
[-214, 117, 471]
[-214, 118, 472]
[-215, 118, 472]
[-215, 119, 472]
[-215, 119, 473]
[-216, 120, 473]
[-216, 120, 474]
[-216, 120, 474]
[-217, 121, 475]
[-217, 121, 475]
[-218, 122, 475]
[-218, 122, 476]
[-218, 123, 476]
[-219, 123, 476]
[-219, 124, 477]
[-220, 124, 477]
[-220, 124, 477]
[-220, 125, 478]
[-221, 125, 478]
[-221, 126, 478]
[-222, 126, 479]
[-222, 127, 479]
[-223, 127, 479]
[-223, 128, 480]
[-223, 128, 480]
[-224, 129, 480]
[-224, 129, 481]
[-225, 130, 481]
[-225, 130, 481]
[-226, 131, 481]
[-226, 131, 481]
[-227, 132, 482]
[-227, 132, 482]
[-228, 132, 482]
[-228, 133, 482]
[-229, 133, 483]
[-229, 134, 483]
[-230, 134, 483]
[-230, 135, 483]
[-231, 135, 483]
[-232, 136, 483]
[-232, 137, 484]
[-233, 137, 484]
[-233, 138, 484]
[-234, 138, 484]
[-234, 139, 484]
[-235, 139, 484]
[-236, 140, 484]
[-236, 140, 484]
[-237, 141, 484]
[-238, 141, 484]
[-238, 142, 485]
[-239, 142, 485]
[-239, 143, 485]
[-240, 143, 485]
[-241, 144, 485]
[-241, 144, 485]
[-242, 145, 485]
[-243, 145, 485]
[-243, 146, 485]
[-244, 146, 485]
[-245, 147, 485]
[-245, 148, 485]
[-246, 148, 485]
[-247, 149, 485]
[-247, 149, 485]
[-248, 150, 485]
[-249, 150, 484]
[-250, 151, 484]
[-250, 151, 484]
[-251, 152, 484]
[-252, 152, 484]
[-252, 153, 484]
[-253, 153, 484]
[-254, 154, 484]
[-255, 155, 484]
[-255, 155, 483]
[-256, 156, 483]
[-257, 156, 483]
[-257, 157, 483]
[-258, 157, 483]
[-259, 158, 483]
[-260, 158, 482]
[-260, 159, 482]
[-261, 160, 482]
[-262, 160, 482]
[-263, 161, 482]
[-263, 161, 481]
[-264, 162, 481]
[-265, 162, 481]
[-266, 163, 481]
[-266, 163, 480]
[-267, 164, 480]
[-268, 164, 480]
[-269, 165, 480]
[-269, 166, 479]
[-270, 166, 479]
[-271, 167, 479]
[-272, 167, 478]
[-272, 168, 478]
[-273, 168, 478]
[-274, 169, 477]
[-274, 169, 477]
[-275, 170, 477]
[-276, 171, 476]
[-277, 171, 476]
[-277, 172, 475]
[-278, 172, 475]
[-279, 173, 475]
[-279, 173, 474]
[-280, 174, 474]
[-281, 174, 473]
[-282, 175, 473]
[-282, 175, 473]
[-283, 176, 472]
[-284, 176, 472]
[-284, 177, 471]
[-285, 178, 471]
[-286, 178, 470]
[-286, 179, 470]
[-287, 179, 469]
[-288, 180, 469]
[-288, 180, 468]
[-289, 181, 468]
[-290, 181, 467]
[-290, 182, 467]
[-291, 182, 466]
[-291, 183, 466]
[-292, 183, 465]
[-293, 184, 465]
[-293, 184, 464]
[-294, 185, 463]
[-295, 185, 463]
[-295, 186, 462]
[-296, 186, 462]
[-296, 187, 461]
[-297, 187, 460]
[-297, 188, 460]
[-298, 189, 459]
[-299, 189, 459]
[-299, 190, 458]
[-300, 190, 457]
[-300, 191, 457]
[-301, 191, 456]
[-301, 192, 455]
[-302, 192, 455]
[-302, 192, 454]
[-303, 193, 453]
[-303, 193, 453]
[-304, 194, 452]
[-304, 194, 451]
[-305, 195, 451]
[-305, 195, 450]
[-306, 196, 449]
[-306, 196, 449]
[-306, 197, 448]
[-307, 197, 447]
[-307, 198, 446]
[-308, 198, 446]
[-308, 199, 445]
[-309, 199, 444]
[-309, 200, 443]
[-309, 200, 443]
[-310, 200, 442]
[-310, 201, 441]
[-311, 201, 440]
[-311, 202, 440]
[-311, 202, 439]
[-312, 203, 438]
[-312, 203, 437]
[-313, 204, 436]
[-313, 204, 436]
[-313, 204, 435]
[-314, 205, 434]
[-314, 205, 433]
[-314, 206, 432]
[-315, 206, 432]
[-315, 207, 431]
[-315, 207, 430]
[-316, 207, 429]
[-316, 208, 428]
[-316, 208, 427]
[-317, 209, 427]
[-317, 209, 426]
[-317, 209, 425]
[-317, 210, 424]
[-318, 210, 423]
[-318, 210, 422]
[-318, 211, 421]
[-319, 211, 421]
[-319, 212, 420]
[-319, 212, 419]
[-319, 212, 418]
[-320, 213, 417]
[-320, 213, 416]
[-320, 213, 415]
[-320, 214, 414]
[-321, 214, 413]
[-321, 214, 413]
[-321, 215, 412]
[-321, 215, 411]
[-322, 215, 410]
[-322, 216, 409]
[-322, 216, 408]
[-322, 216, 407]
[-322, 217, 406]
[-323, 217, 405]
[-323, 217, 404]
[-323, 217, 403]
[-323, 218, 402]
[-324, 218, 402]
[-324, 218, 401]
[-324, 219, 400]
[-324, 219, 399]
[-324, 219, 398]
[-325, 219, 397]
[-325, 220, 396]
[-325, 220, 395]
[-325, 220, 394]
[-325, 220, 393]
[-326, 221, 392]
[-326, 221, 391]
[-326, 221, 390]
[-326, 221, 389]
[-326, 222, 388]
[-326, 222, 387]
[-327, 222, 387]
[-327, 222, 386]
[-327, 222, 385]
[-327, 223, 384]
[-327, 223, 383]
[-327, 223, 382]
[-327, 223, 381]
[-328, 223, 380]
[-328, 223, 379]
[-328, 224, 378]
[-328, 224, 377]
[-328, 224, 376]
[-328, 224, 375]
[-328, 224, 374]
[-329, 224, 373]
[-329, 225, 372]
[-329, 225, 371]
[-329, 225, 370]
[-329, 225, 370]
[-329, 225, 369]
[-329, 225, 368]
[-329, 225, 367]
[-329, 225, 366]
[-329, 225, 365]
[-329, 225, 364]
[-330, 226, 363]
[-330, 226, 362]
[-330, 226, 361]
[-330, 226, 360]
[-330, 226, 359]
[-330, 226, 358]
[-330, 226, 357]
[-330, 226, 357]
[-330, 226, 356]
[-330, 226, 355]
[-330, 226, 354]
[-330, 226, 353]
[-330, 226, 352]
