# Curve Parameters
# y_end: 228
# loops: 1
# A (south bulge): 140
# B (lateral wiggle): 60
# samples: 350
#
# Analysis Results
# max_grade: 0.835607
# length_3d: 424.78
# length_2d: 398.86
# min_horiz_step: 0.220531
# status: OK
#
# Coordinates (x, y, z)
#==================================================

[-199, 98, 410]
[-199, 98, 411]
[-199, 98, 413]
[-199, 98, 414]
[-199, 98, 415]
[-199, 98, 416]
[-199, 98, 418]
[-199, 98, 419]
[-199, 98, 420]
[-199, 98, 421]
[-199, 98, 422]
[-199, 98, 424]
[-199, 98, 425]
[-199, 99, 426]
[-199, 99, 427]
[-199, 99, 429]
[-199, 99, 430]
[-199, 99, 431]
[-200, 99, 432]
[-200, 99, 433]
[-200, 99, 435]
[-200, 99, 436]
[-200, 99, 437]
[-200, 100, 438]
[-200, 100, 439]
[-200, 100, 440]
[-200, 100, 442]
[-200, 100, 443]
[-200, 100, 444]
[-200, 101, 445]
[-200, 101, 446]
[-200, 101, 447]
[-199, 101, 448]
[-199, 101, 450]
[-199, 101, 451]
[-199, 102, 452]
[-199, 102, 453]
[-199, 102, 454]
[-199, 102, 455]
[-199, 103, 456]
[-199, 103, 457]
[-199, 103, 458]
[-199, 103, 459]
[-198, 103, 460]
[-198, 104, 461]
[-198, 104, 463]
[-198, 104, 464]
[-198, 104, 465]
[-198, 105, 466]
[-198, 105, 467]
[-197, 105, 468]
[-197, 106, 469]
[-197, 106, 470]
[-197, 106, 471]
[-197, 106, 472]
[-196, 107, 473]
[-196, 107, 474]
[-196, 107, 475]
[-196, 108, 476]
[-196, 108, 476]
[-195, 108, 477]
[-195, 109, 478]
[-195, 109, 479]
[-195, 109, 480]
[-194, 110, 481]
[-194, 110, 482]
[-194, 110, 483]
[-194, 111, 484]
[-193, 111, 485]
[-193, 111, 486]
[-193, 112, 486]
[-193, 112, 487]
[-192, 112, 488]
[-192, 113, 489]
[-192, 113, 490]
[-192, 113, 491]
[-191, 114, 491]
[-191, 114, 492]
[-191, 115, 493]
[-191, 115, 494]
[-191, 115, 495]
[-190, 116, 495]
[-190, 116, 496]
[-190, 117, 497]
[-190, 117, 498]
[-190, 117, 498]
[-190, 118, 499]
[-189, 118, 500]
[-189, 119, 500]
[-189, 119, 501]
[-189, 119, 502]
[-189, 120, 503]
[-189, 120, 503]
[-189, 121, 504]
[-189, 121, 504]
[-189, 122, 505]
[-189, 122, 506]
[-189, 123, 506]
[-189, 123, 507]
[-189, 123, 508]
[-189, 124, 508]
[-189, 124, 509]
[-189, 125, 509]
[-190, 125, 510]
[-190, 126, 510]
[-190, 126, 511]
[-190, 127, 511]
[-190, 127, 512]
[-191, 128, 512]
[-191, 128, 513]
[-191, 129, 513]
[-192, 129, 514]
[-192, 130, 514]
[-192, 130, 515]
[-193, 131, 515]
[-193, 131, 516]
[-194, 132, 516]
[-194, 132, 516]
[-195, 133, 517]
[-195, 133, 517]
[-196, 134, 518]
[-197, 134, 518]
[-197, 135, 518]
[-198, 135, 519]
[-199, 136, 519]
[-199, 136, 519]
[-200, 137, 520]
[-201, 137, 520]
[-202, 138, 520]
[-203, 138, 521]
[-203, 139, 521]
[-204, 139, 521]
[-205, 140, 521]
[-206, 140, 521]
[-207, 141, 522]
[-208, 141, 522]
[-209, 142, 522]
[-210, 142, 522]
[-211, 143, 522]
[-213, 143, 523]
[-214, 144, 523]
[-215, 145, 523]
[-216, 145, 523]
[-217, 146, 523]
[-218, 146, 523]
[-220, 147, 523]
[-221, 147, 523]
[-222, 148, 524]
[-224, 148, 524]
[-225, 149, 524]
[-226, 149, 524]
[-228, 150, 524]
[-229, 150, 524]
[-231, 151, 524]
[-232, 152, 524]
[-234, 152, 524]
[-235, 153, 524]
[-237, 153, 524]
[-238, 154, 524]
[-240, 154, 523]
[-241, 155, 523]
[-243, 155, 523]
[-244, 156, 523]
[-246, 157, 523]
[-247, 157, 523]
[-249, 158, 523]
[-251, 158, 523]
[-252, 159, 523]
[-254, 159, 522]
[-255, 160, 522]
[-257, 160, 522]
[-259, 161, 522]
[-260, 162, 522]
[-262, 162, 521]
[-264, 163, 521]
[-265, 163, 521]
[-267, 164, 521]
[-269, 164, 520]
[-270, 165, 520]
[-272, 166, 520]
[-274, 166, 519]
[-275, 167, 519]
[-277, 167, 519]
[-278, 168, 518]
[-280, 168, 518]
[-282, 169, 518]
[-283, 169, 517]
[-285, 170, 517]
[-286, 171, 517]
[-288, 171, 516]
[-289, 172, 516]
[-291, 172, 515]
[-292, 173, 515]
[-294, 173, 514]
[-295, 174, 514]
[-297, 174, 514]
[-298, 175, 513]
[-300, 176, 513]
[-301, 176, 512]
[-303, 177, 512]
[-304, 177, 511]
[-305, 178, 510]
[-307, 178, 510]
[-308, 179, 509]
[-309, 179, 509]
[-311, 180, 508]
[-312, 180, 508]
[-313, 181, 507]
[-314, 181, 506]
[-315, 182, 506]
[-316, 183, 505]
[-318, 183, 505]
[-319, 184, 504]
[-320, 184, 503]
[-321, 185, 503]
[-322, 185, 502]
[-323, 186, 501]
[-324, 186, 500]
[-325, 187, 500]
[-326, 187, 499]
[-326, 188, 498]
[-327, 188, 498]
[-328, 189, 497]
[-329, 189, 496]
[-330, 190, 495]
[-330, 190, 495]
[-331, 191, 494]
[-332, 191, 493]
[-332, 192, 492]
[-333, 192, 491]
[-334, 193, 491]
[-334, 193, 490]
[-335, 194, 489]
[-335, 194, 488]
[-336, 195, 487]
[-336, 195, 486]
[-337, 196, 485]
[-337, 196, 485]
[-337, 197, 484]
[-338, 197, 483]
[-338, 198, 482]
[-338, 198, 481]
[-339, 199, 480]
[-339, 199, 479]
[-339, 200, 478]
[-339, 200, 477]
[-339, 201, 476]
[-340, 201, 475]
[-340, 202, 474]
[-340, 202, 473]
[-340, 203, 472]
[-340, 203, 471]
[-340, 203, 470]
[-340, 204, 469]
[-340, 204, 468]
[-340, 205, 467]
[-340, 205, 466]
[-340, 206, 465]
[-340, 206, 464]
[-340, 207, 463]
[-340, 207, 462]
[-340, 207, 461]
[-340, 208, 460]
[-339, 208, 459]
[-339, 209, 458]
[-339, 209, 457]
[-339, 209, 455]
[-339, 210, 454]
[-339, 210, 453]
[-338, 211, 452]
[-338, 211, 451]
[-338, 211, 450]
[-338, 212, 449]
[-338, 212, 448]
[-337, 213, 446]
[-337, 213, 445]
[-337, 213, 444]
[-337, 214, 443]
[-336, 214, 442]
[-336, 214, 441]
[-336, 215, 439]
[-336, 215, 438]
[-335, 215, 437]
[-335, 216, 436]
[-335, 216, 435]
[-335, 216, 433]
[-334, 217, 432]
[-334, 217, 431]
[-334, 217, 430]
[-334, 218, 429]
[-333, 218, 427]
[-333, 218, 426]
[-333, 219, 425]
[-333, 219, 424]
[-333, 219, 422]
[-332, 220, 421]
[-332, 220, 420]
[-332, 220, 419]
[-332, 220, 417]
[-332, 221, 416]
[-331, 221, 415]
[-331, 221, 414]
[-331, 222, 412]
[-331, 222, 411]
[-331, 222, 410]
[-331, 222, 409]
[-331, 223, 407]
[-330, 223, 406]
[-330, 223, 405]
[-330, 223, 403]
[-330, 223, 402]
[-330, 224, 401]
[-330, 224, 400]
[-330, 224, 398]
[-330, 224, 397]
[-330, 225, 396]
[-330, 225, 394]
[-330, 225, 393]
[-329, 225, 392]
[-329, 225, 391]
[-329, 225, 389]
[-329, 226, 388]
[-329, 226, 387]
[-329, 226, 385]
[-329, 226, 384]
[-329, 226, 383]
[-329, 226, 382]
[-329, 227, 380]
[-329, 227, 379]
[-329, 227, 378]
[-329, 227, 376]
[-329, 227, 375]
[-330, 227, 374]
[-330, 227, 372]
[-330, 227, 371]
[-330, 227, 370]
[-330, 227, 369]
[-330, 228, 367]
[-330, 228, 366]
[-330, 228, 365]
[-330, 228, 363]
[-330, 228, 362]
[-330, 228, 361]
[-330, 228, 360]
[-330, 228, 358]
[-330, 228, 357]
[-330, 228, 356]
[-330, 228, 355]
[-330, 228, 353]
[-330, 228, 352]
