# Curve Parameters
# y_end: 224
# loops: 1
# A (south bulge): 140
# B (lateral wiggle): 10
# samples: 350
#
# Analysis Results
# max_grade: 0.792884
# length_3d: 373.96
# length_2d: 343.72
# min_horiz_step: 0.247671
# status: OK
#
# Coordinates (x, y, z)
#==================================================

[-199, 98, 410]
[-199, 98, 411]
[-199, 98, 413]
[-199, 98, 414]
[-199, 98, 415]
[-199, 98, 416]
[-199, 98, 418]
[-199, 98, 419]
[-199, 98, 420]
[-199, 98, 421]
[-199, 98, 422]
[-199, 98, 424]
[-199, 98, 425]
[-200, 99, 426]
[-200, 99, 427]
[-200, 99, 429]
[-200, 99, 430]
[-200, 99, 431]
[-200, 99, 432]
[-200, 99, 433]
[-200, 99, 435]
[-200, 99, 436]
[-200, 99, 437]
[-200, 100, 438]
[-201, 100, 439]
[-201, 100, 440]
[-201, 100, 442]
[-201, 100, 443]
[-201, 100, 444]
[-201, 100, 445]
[-201, 101, 446]
[-202, 101, 447]
[-202, 101, 448]
[-202, 101, 450]
[-202, 101, 451]
[-202, 102, 452]
[-202, 102, 453]
[-202, 102, 454]
[-203, 102, 455]
[-203, 102, 456]
[-203, 103, 457]
[-203, 103, 458]
[-203, 103, 459]
[-203, 103, 460]
[-204, 104, 461]
[-204, 104, 463]
[-204, 104, 464]
[-204, 104, 465]
[-204, 104, 466]
[-205, 105, 467]
[-205, 105, 468]
[-205, 105, 469]
[-205, 106, 470]
[-205, 106, 471]
[-206, 106, 472]
[-206, 106, 473]
[-206, 107, 474]
[-206, 107, 475]
[-207, 107, 476]
[-207, 108, 476]
[-207, 108, 477]
[-207, 108, 478]
[-207, 109, 479]
[-208, 109, 480]
[-208, 109, 481]
[-208, 109, 482]
[-208, 110, 483]
[-209, 110, 484]
[-209, 110, 485]
[-209, 111, 486]
[-209, 111, 486]
[-210, 112, 487]
[-210, 112, 488]
[-210, 112, 489]
[-210, 113, 490]
[-211, 113, 491]
[-211, 113, 491]
[-211, 114, 492]
[-212, 114, 493]
[-212, 114, 494]
[-212, 115, 495]
[-212, 115, 495]
[-213, 116, 496]
[-213, 116, 497]
[-213, 116, 498]
[-214, 117, 498]
[-214, 117, 499]
[-214, 118, 500]
[-215, 118, 500]
[-215, 118, 501]
[-215, 119, 502]
[-216, 119, 503]
[-216, 120, 503]
[-216, 120, 504]
[-217, 120, 504]
[-217, 121, 505]
[-218, 121, 506]
[-218, 122, 506]
[-218, 122, 507]
[-219, 123, 508]
[-219, 123, 508]
[-220, 124, 509]
[-220, 124, 509]
[-220, 124, 510]
[-221, 125, 510]
[-221, 125, 511]
[-222, 126, 511]
[-222, 126, 512]
[-223, 127, 512]
[-223, 127, 513]
[-223, 128, 513]
[-224, 128, 514]
[-224, 129, 514]
[-225, 129, 515]
[-225, 130, 515]
[-226, 130, 516]
[-226, 131, 516]
[-227, 131, 516]
[-227, 131, 517]
[-228, 132, 517]
[-228, 132, 518]
[-229, 133, 518]
[-229, 133, 518]
[-230, 134, 519]
[-230, 134, 519]
[-231, 135, 519]
[-232, 135, 520]
[-232, 136, 520]
[-233, 136, 520]
[-233, 137, 521]
[-234, 137, 521]
[-234, 138, 521]
[-235, 138, 521]
[-236, 139, 521]
[-236, 139, 522]
[-237, 140, 522]
[-238, 140, 522]
[-238, 141, 522]
[-239, 142, 522]
[-239, 142, 523]
[-240, 143, 523]
[-241, 143, 523]
[-241, 144, 523]
[-242, 144, 523]
[-243, 145, 523]
[-243, 145, 523]
[-244, 146, 523]
[-245, 146, 524]
[-245, 147, 524]
[-246, 147, 524]
[-247, 148, 524]
[-247, 148, 524]
[-248, 149, 524]
[-249, 149, 524]
[-250, 150, 524]
[-250, 150, 524]
[-251, 151, 524]
[-252, 152, 524]
[-252, 152, 524]
[-253, 153, 523]
[-254, 153, 523]
[-255, 154, 523]
[-255, 154, 523]
[-256, 155, 523]
[-257, 155, 523]
[-257, 156, 523]
[-258, 156, 523]
[-259, 157, 523]
[-260, 157, 522]
[-260, 158, 522]
[-261, 159, 522]
[-262, 159, 522]
[-263, 160, 522]
[-263, 160, 521]
[-264, 161, 521]
[-265, 161, 521]
[-266, 162, 521]
[-266, 162, 520]
[-267, 163, 520]
[-268, 163, 520]
[-269, 164, 519]
[-269, 165, 519]
[-270, 165, 519]
[-271, 166, 518]
[-272, 166, 518]
[-272, 167, 518]
[-273, 167, 517]
[-274, 168, 517]
[-274, 168, 517]
[-275, 169, 516]
[-276, 169, 516]
[-277, 170, 515]
[-277, 170, 515]
[-278, 171, 514]
[-279, 172, 514]
[-279, 172, 514]
[-280, 173, 513]
[-281, 173, 513]
[-282, 174, 512]
[-282, 174, 512]
[-283, 175, 511]
[-284, 175, 510]
[-284, 176, 510]
[-285, 176, 509]
[-286, 177, 509]
[-286, 177, 508]
[-287, 178, 508]
[-288, 178, 507]
[-288, 179, 506]
[-289, 179, 506]
[-290, 180, 505]
[-290, 180, 505]
[-291, 181, 504]
[-291, 182, 503]
[-292, 182, 503]
[-293, 183, 502]
[-293, 183, 501]
[-294, 184, 500]
[-295, 184, 500]
[-295, 185, 499]
[-296, 185, 498]
[-296, 186, 498]
[-297, 186, 497]
[-297, 187, 496]
[-298, 187, 495]
[-299, 188, 495]
[-299, 188, 494]
[-300, 189, 493]
[-300, 189, 492]
[-301, 190, 491]
[-301, 190, 491]
[-302, 191, 490]
[-302, 191, 489]
[-303, 191, 488]
[-303, 192, 487]
[-304, 192, 486]
[-304, 193, 485]
[-305, 193, 485]
[-305, 194, 484]
[-306, 194, 483]
[-306, 195, 482]
[-306, 195, 481]
[-307, 196, 480]
[-307, 196, 479]
[-308, 197, 478]
[-308, 197, 477]
[-309, 198, 476]
[-309, 198, 475]
[-309, 198, 474]
[-310, 199, 473]
[-310, 199, 472]
[-311, 200, 471]
[-311, 200, 470]
[-311, 201, 469]
[-312, 201, 468]
[-312, 202, 467]
[-313, 202, 466]
[-313, 202, 465]
[-313, 203, 464]
[-314, 203, 463]
[-314, 204, 462]
[-314, 204, 461]
[-315, 204, 460]
[-315, 205, 459]
[-315, 205, 458]
[-316, 206, 457]
[-316, 206, 455]
[-316, 206, 454]
[-317, 207, 453]
[-317, 207, 452]
[-317, 208, 451]
[-317, 208, 450]
[-318, 208, 449]
[-318, 209, 448]
[-318, 209, 446]
[-319, 209, 445]
[-319, 210, 444]
[-319, 210, 443]
[-319, 210, 442]
[-320, 211, 441]
[-320, 211, 439]
[-320, 212, 438]
[-320, 212, 437]
[-321, 212, 436]
[-321, 213, 435]
[-321, 213, 433]
[-321, 213, 432]
[-322, 213, 431]
[-322, 214, 430]
[-322, 214, 429]
[-322, 214, 427]
[-322, 215, 426]
[-323, 215, 425]
[-323, 215, 424]
[-323, 216, 422]
[-323, 216, 421]
[-324, 216, 420]
[-324, 216, 419]
[-324, 217, 417]
[-324, 217, 416]
[-324, 217, 415]
[-325, 218, 414]
[-325, 218, 412]
[-325, 218, 411]
[-325, 218, 410]
[-325, 218, 409]
[-326, 219, 407]
[-326, 219, 406]
[-326, 219, 405]
[-326, 219, 403]
[-326, 220, 402]
[-326, 220, 401]
[-327, 220, 400]
[-327, 220, 398]
[-327, 220, 397]
[-327, 221, 396]
[-327, 221, 394]
[-327, 221, 393]
[-327, 221, 392]
[-328, 221, 391]
[-328, 222, 389]
[-328, 222, 388]
[-328, 222, 387]
[-328, 222, 385]
[-328, 222, 384]
[-328, 222, 383]
[-329, 222, 382]
[-329, 223, 380]
[-329, 223, 379]
[-329, 223, 378]
[-329, 223, 376]
[-329, 223, 375]
[-329, 223, 374]
[-329, 223, 372]
[-329, 223, 371]
[-329, 223, 370]
[-329, 223, 369]
[-330, 224, 367]
[-330, 224, 366]
[-330, 224, 365]
[-330, 224, 363]
[-330, 224, 362]
[-330, 224, 361]
[-330, 224, 360]
[-330, 224, 358]
[-330, 224, 357]
[-330, 224, 356]
[-330, 224, 355]
[-330, 224, 353]
[-330, 224, 352]
