# Curve Parameters
# y_end: 234
# loops: 1
# A (south bulge): 140
# B (lateral wiggle): 10
# samples: 350
#
# Analysis Results
# max_grade: 0.855811
# length_3d: 378.54
# length_2d: 343.72
# min_horiz_step: 0.247671
# status: OK
#
# Coordinates (x, y, z)
#==================================================

[-199, 98, 410]
[-199, 98, 411]
[-199, 98, 413]
[-199, 98, 414]
[-199, 98, 415]
[-199, 98, 416]
[-199, 98, 418]
[-199, 98, 419]
[-199, 98, 420]
[-199, 98, 421]
[-199, 98, 422]
[-199, 98, 424]
[-199, 98, 425]
[-200, 99, 426]
[-200, 99, 427]
[-200, 99, 429]
[-200, 99, 430]
[-200, 99, 431]
[-200, 99, 432]
[-200, 99, 433]
[-200, 99, 435]
[-200, 99, 436]
[-200, 100, 437]
[-200, 100, 438]
[-201, 100, 439]
[-201, 100, 440]
[-201, 100, 442]
[-201, 100, 443]
[-201, 100, 444]
[-201, 101, 445]
[-201, 101, 446]
[-202, 101, 447]
[-202, 101, 448]
[-202, 101, 450]
[-202, 102, 451]
[-202, 102, 452]
[-202, 102, 453]
[-202, 102, 454]
[-203, 102, 455]
[-203, 103, 456]
[-203, 103, 457]
[-203, 103, 458]
[-203, 103, 459]
[-203, 104, 460]
[-204, 104, 461]
[-204, 104, 463]
[-204, 104, 464]
[-204, 105, 465]
[-204, 105, 466]
[-205, 105, 467]
[-205, 106, 468]
[-205, 106, 469]
[-205, 106, 470]
[-205, 106, 471]
[-206, 107, 472]
[-206, 107, 473]
[-206, 107, 474]
[-206, 108, 475]
[-207, 108, 476]
[-207, 108, 476]
[-207, 109, 477]
[-207, 109, 478]
[-207, 109, 479]
[-208, 110, 480]
[-208, 110, 481]
[-208, 110, 482]
[-208, 111, 483]
[-209, 111, 484]
[-209, 111, 485]
[-209, 112, 486]
[-209, 112, 486]
[-210, 113, 487]
[-210, 113, 488]
[-210, 113, 489]
[-210, 114, 490]
[-211, 114, 491]
[-211, 115, 491]
[-211, 115, 492]
[-212, 115, 493]
[-212, 116, 494]
[-212, 116, 495]
[-212, 117, 495]
[-213, 117, 496]
[-213, 117, 497]
[-213, 118, 498]
[-214, 118, 498]
[-214, 119, 499]
[-214, 119, 500]
[-215, 120, 500]
[-215, 120, 501]
[-215, 120, 502]
[-216, 121, 503]
[-216, 121, 503]
[-216, 122, 504]
[-217, 122, 504]
[-217, 123, 505]
[-218, 123, 506]
[-218, 124, 506]
[-218, 124, 507]
[-219, 125, 508]
[-219, 125, 508]
[-220, 126, 509]
[-220, 126, 509]
[-220, 127, 510]
[-221, 127, 510]
[-221, 128, 511]
[-222, 128, 511]
[-222, 129, 512]
[-223, 129, 512]
[-223, 130, 513]
[-223, 130, 513]
[-224, 131, 514]
[-224, 131, 514]
[-225, 132, 515]
[-225, 132, 515]
[-226, 133, 516]
[-226, 133, 516]
[-227, 134, 516]
[-227, 134, 517]
[-228, 135, 517]
[-228, 135, 518]
[-229, 136, 518]
[-229, 136, 518]
[-230, 137, 519]
[-230, 137, 519]
[-231, 138, 519]
[-232, 138, 520]
[-232, 139, 520]
[-233, 139, 520]
[-233, 140, 521]
[-234, 141, 521]
[-234, 141, 521]
[-235, 142, 521]
[-236, 142, 521]
[-236, 143, 522]
[-237, 143, 522]
[-238, 144, 522]
[-238, 144, 522]
[-239, 145, 522]
[-239, 146, 523]
[-240, 146, 523]
[-241, 147, 523]
[-241, 147, 523]
[-242, 148, 523]
[-243, 148, 523]
[-243, 149, 523]
[-244, 149, 523]
[-245, 150, 524]
[-245, 151, 524]
[-246, 151, 524]
[-247, 152, 524]
[-247, 152, 524]
[-248, 153, 524]
[-249, 153, 524]
[-250, 154, 524]
[-250, 155, 524]
[-251, 155, 524]
[-252, 156, 524]
[-252, 156, 524]
[-253, 157, 523]
[-254, 158, 523]
[-255, 158, 523]
[-255, 159, 523]
[-256, 159, 523]
[-257, 160, 523]
[-257, 160, 523]
[-258, 161, 523]
[-259, 162, 523]
[-260, 162, 522]
[-260, 163, 522]
[-261, 163, 522]
[-262, 164, 522]
[-263, 165, 522]
[-263, 165, 521]
[-264, 166, 521]
[-265, 166, 521]
[-266, 167, 521]
[-266, 167, 520]
[-267, 168, 520]
[-268, 169, 520]
[-269, 169, 519]
[-269, 170, 519]
[-270, 170, 519]
[-271, 171, 518]
[-272, 172, 518]
[-272, 172, 518]
[-273, 173, 517]
[-274, 173, 517]
[-274, 174, 517]
[-275, 174, 516]
[-276, 175, 516]
[-277, 176, 515]
[-277, 176, 515]
[-278, 177, 514]
[-279, 177, 514]
[-279, 178, 514]
[-280, 179, 513]
[-281, 179, 513]
[-282, 180, 512]
[-282, 180, 512]
[-283, 181, 511]
[-284, 181, 510]
[-284, 182, 510]
[-285, 183, 509]
[-286, 183, 509]
[-286, 184, 508]
[-287, 184, 508]
[-288, 185, 507]
[-288, 185, 506]
[-289, 186, 506]
[-290, 186, 505]
[-290, 187, 505]
[-291, 188, 504]
[-291, 188, 503]
[-292, 189, 503]
[-293, 189, 502]
[-293, 190, 501]
[-294, 190, 500]
[-295, 191, 500]
[-295, 191, 499]
[-296, 192, 498]
[-296, 193, 498]
[-297, 193, 497]
[-297, 194, 496]
[-298, 194, 495]
[-299, 195, 495]
[-299, 195, 494]
[-300, 196, 493]
[-300, 196, 492]
[-301, 197, 491]
[-301, 197, 491]
[-302, 198, 490]
[-302, 198, 489]
[-303, 199, 488]
[-303, 199, 487]
[-304, 200, 486]
[-304, 200, 485]
[-305, 201, 485]
[-305, 201, 484]
[-306, 202, 483]
[-306, 202, 482]
[-306, 203, 481]
[-307, 203, 480]
[-307, 204, 479]
[-308, 204, 478]
[-308, 205, 477]
[-309, 205, 476]
[-309, 206, 475]
[-309, 206, 474]
[-310, 207, 473]
[-310, 207, 472]
[-311, 208, 471]
[-311, 208, 470]
[-311, 209, 469]
[-312, 209, 468]
[-312, 210, 467]
[-313, 210, 466]
[-313, 211, 465]
[-313, 211, 464]
[-314, 212, 463]
[-314, 212, 462]
[-314, 212, 461]
[-315, 213, 460]
[-315, 213, 459]
[-315, 214, 458]
[-316, 214, 457]
[-316, 215, 455]
[-316, 215, 454]
[-317, 215, 453]
[-317, 216, 452]
[-317, 216, 451]
[-317, 217, 450]
[-318, 217, 449]
[-318, 217, 448]
[-318, 218, 446]
[-319, 218, 445]
[-319, 219, 444]
[-319, 219, 443]
[-319, 219, 442]
[-320, 220, 441]
[-320, 220, 439]
[-320, 221, 438]
[-320, 221, 437]
[-321, 221, 436]
[-321, 222, 435]
[-321, 222, 433]
[-321, 222, 432]
[-322, 223, 431]
[-322, 223, 430]
[-322, 223, 429]
[-322, 224, 427]
[-322, 224, 426]
[-323, 224, 425]
[-323, 225, 424]
[-323, 225, 422]
[-323, 225, 421]
[-324, 226, 420]
[-324, 226, 419]
[-324, 226, 417]
[-324, 226, 416]
[-324, 227, 415]
[-325, 227, 414]
[-325, 227, 412]
[-325, 228, 411]
[-325, 228, 410]
[-325, 228, 409]
[-326, 228, 407]
[-326, 229, 406]
[-326, 229, 405]
[-326, 229, 403]
[-326, 229, 402]
[-326, 230, 401]
[-327, 230, 400]
[-327, 230, 398]
[-327, 230, 397]
[-327, 230, 396]
[-327, 231, 394]
[-327, 231, 393]
[-327, 231, 392]
[-328, 231, 391]
[-328, 231, 389]
[-328, 232, 388]
[-328, 232, 387]
[-328, 232, 385]
[-328, 232, 384]
[-328, 232, 383]
[-329, 232, 382]
[-329, 232, 380]
[-329, 233, 379]
[-329, 233, 378]
[-329, 233, 376]
[-329, 233, 375]
[-329, 233, 374]
[-329, 233, 372]
[-329, 233, 371]
[-329, 233, 370]
[-329, 233, 369]
[-330, 234, 367]
[-330, 234, 366]
[-330, 234, 365]
[-330, 234, 363]
[-330, 234, 362]
[-330, 234, 361]
[-330, 234, 360]
[-330, 234, 358]
[-330, 234, 357]
[-330, 234, 356]
[-330, 234, 355]
[-330, 234, 353]
[-330, 234, 352]
