# Curve Parameters
# y_end: 252
# loops: 1
# A (south bulge): 140
# B (lateral wiggle): 60
# samples: 350
#
# Analysis Results
# max_grade: 0.989873
# length_3d: 434.51
# length_2d: 398.86
# min_horiz_step: 0.220531
# status: OK
#
# Coordinates (x, y, z)
#==================================================

[-199, 98, 410]
[-199, 98, 411]
[-199, 98, 413]
[-199, 98, 414]
[-199, 98, 415]
[-199, 98, 416]
[-199, 98, 418]
[-199, 98, 419]
[-199, 98, 420]
[-199, 98, 421]
[-199, 98, 422]
[-199, 98, 424]
[-199, 99, 425]
[-199, 99, 426]
[-199, 99, 427]
[-199, 99, 429]
[-199, 99, 430]
[-199, 99, 431]
[-200, 99, 432]
[-200, 99, 433]
[-200, 99, 435]
[-200, 100, 436]
[-200, 100, 437]
[-200, 100, 438]
[-200, 100, 439]
[-200, 100, 440]
[-200, 100, 442]
[-200, 101, 443]
[-200, 101, 444]
[-200, 101, 445]
[-200, 101, 446]
[-200, 101, 447]
[-199, 102, 448]
[-199, 102, 450]
[-199, 102, 451]
[-199, 102, 452]
[-199, 103, 453]
[-199, 103, 454]
[-199, 103, 455]
[-199, 103, 456]
[-199, 104, 457]
[-199, 104, 458]
[-199, 104, 459]
[-198, 104, 460]
[-198, 105, 461]
[-198, 105, 463]
[-198, 105, 464]
[-198, 106, 465]
[-198, 106, 466]
[-198, 106, 467]
[-197, 107, 468]
[-197, 107, 469]
[-197, 107, 470]
[-197, 108, 471]
[-197, 108, 472]
[-196, 108, 473]
[-196, 109, 474]
[-196, 109, 475]
[-196, 109, 476]
[-196, 110, 476]
[-195, 110, 477]
[-195, 110, 478]
[-195, 111, 479]
[-195, 111, 480]
[-194, 112, 481]
[-194, 112, 482]
[-194, 112, 483]
[-194, 113, 484]
[-193, 113, 485]
[-193, 114, 486]
[-193, 114, 486]
[-193, 115, 487]
[-192, 115, 488]
[-192, 115, 489]
[-192, 116, 490]
[-192, 116, 491]
[-191, 117, 491]
[-191, 117, 492]
[-191, 118, 493]
[-191, 118, 494]
[-191, 119, 495]
[-190, 119, 495]
[-190, 120, 496]
[-190, 120, 497]
[-190, 120, 498]
[-190, 121, 498]
[-190, 121, 499]
[-189, 122, 500]
[-189, 122, 500]
[-189, 123, 501]
[-189, 123, 502]
[-189, 124, 503]
[-189, 124, 503]
[-189, 125, 504]
[-189, 125, 504]
[-189, 126, 505]
[-189, 127, 506]
[-189, 127, 506]
[-189, 128, 507]
[-189, 128, 508]
[-189, 129, 508]
[-189, 129, 509]
[-189, 130, 509]
[-190, 130, 510]
[-190, 131, 510]
[-190, 131, 511]
[-190, 132, 511]
[-190, 133, 512]
[-191, 133, 512]
[-191, 134, 513]
[-191, 134, 513]
[-192, 135, 514]
[-192, 135, 514]
[-192, 136, 515]
[-193, 137, 515]
[-193, 137, 516]
[-194, 138, 516]
[-194, 138, 516]
[-195, 139, 517]
[-195, 140, 517]
[-196, 140, 518]
[-197, 141, 518]
[-197, 141, 518]
[-198, 142, 519]
[-199, 143, 519]
[-199, 143, 519]
[-200, 144, 520]
[-201, 144, 520]
[-202, 145, 520]
[-203, 146, 521]
[-203, 146, 521]
[-204, 147, 521]
[-205, 147, 521]
[-206, 148, 521]
[-207, 149, 522]
[-208, 149, 522]
[-209, 150, 522]
[-210, 151, 522]
[-211, 151, 522]
[-213, 152, 523]
[-214, 152, 523]
[-215, 153, 523]
[-216, 154, 523]
[-217, 154, 523]
[-218, 155, 523]
[-220, 156, 523]
[-221, 156, 523]
[-222, 157, 524]
[-224, 158, 524]
[-225, 158, 524]
[-226, 159, 524]
[-228, 160, 524]
[-229, 160, 524]
[-231, 161, 524]
[-232, 161, 524]
[-234, 162, 524]
[-235, 163, 524]
[-237, 163, 524]
[-238, 164, 524]
[-240, 165, 523]
[-241, 165, 523]
[-243, 166, 523]
[-244, 167, 523]
[-246, 167, 523]
[-247, 168, 523]
[-249, 169, 523]
[-251, 169, 523]
[-252, 170, 523]
[-254, 171, 522]
[-255, 171, 522]
[-257, 172, 522]
[-259, 173, 522]
[-260, 173, 522]
[-262, 174, 521]
[-264, 175, 521]
[-265, 175, 521]
[-267, 176, 521]
[-269, 177, 520]
[-270, 177, 520]
[-272, 178, 520]
[-274, 179, 519]
[-275, 179, 519]
[-277, 180, 519]
[-278, 181, 518]
[-280, 181, 518]
[-282, 182, 518]
[-283, 183, 517]
[-285, 183, 517]
[-286, 184, 517]
[-288, 185, 516]
[-289, 185, 516]
[-291, 186, 515]
[-292, 187, 515]
[-294, 187, 514]
[-295, 188, 514]
[-297, 189, 514]
[-298, 189, 513]
[-300, 190, 513]
[-301, 190, 512]
[-303, 191, 512]
[-304, 192, 511]
[-305, 192, 510]
[-307, 193, 510]
[-308, 194, 509]
[-309, 194, 509]
[-311, 195, 508]
[-312, 196, 508]
[-313, 196, 507]
[-314, 197, 506]
[-315, 198, 506]
[-316, 198, 505]
[-318, 199, 505]
[-319, 199, 504]
[-320, 200, 503]
[-321, 201, 503]
[-322, 201, 502]
[-323, 202, 501]
[-324, 203, 500]
[-325, 203, 500]
[-326, 204, 499]
[-326, 204, 498]
[-327, 205, 498]
[-328, 206, 497]
[-329, 206, 496]
[-330, 207, 495]
[-330, 207, 495]
[-331, 208, 494]
[-332, 209, 493]
[-332, 209, 492]
[-333, 210, 491]
[-334, 210, 491]
[-334, 211, 490]
[-335, 212, 489]
[-335, 212, 488]
[-336, 213, 487]
[-336, 213, 486]
[-337, 214, 485]
[-337, 215, 485]
[-337, 215, 484]
[-338, 216, 483]
[-338, 216, 482]
[-338, 217, 481]
[-339, 217, 480]
[-339, 218, 479]
[-339, 219, 478]
[-339, 219, 477]
[-339, 220, 476]
[-340, 220, 475]
[-340, 221, 474]
[-340, 221, 473]
[-340, 222, 472]
[-340, 222, 471]
[-340, 223, 470]
[-340, 223, 469]
[-340, 224, 468]
[-340, 225, 467]
[-340, 225, 466]
[-340, 226, 465]
[-340, 226, 464]
[-340, 227, 463]
[-340, 227, 462]
[-340, 228, 461]
[-340, 228, 460]
[-339, 229, 459]
[-339, 229, 458]
[-339, 230, 457]
[-339, 230, 455]
[-339, 230, 454]
[-339, 231, 453]
[-338, 231, 452]
[-338, 232, 451]
[-338, 232, 450]
[-338, 233, 449]
[-338, 233, 448]
[-337, 234, 446]
[-337, 234, 445]
[-337, 235, 444]
[-337, 235, 443]
[-336, 235, 442]
[-336, 236, 441]
[-336, 236, 439]
[-336, 237, 438]
[-335, 237, 437]
[-335, 238, 436]
[-335, 238, 435]
[-335, 238, 433]
[-334, 239, 432]
[-334, 239, 431]
[-334, 240, 430]
[-334, 240, 429]
[-333, 240, 427]
[-333, 241, 426]
[-333, 241, 425]
[-333, 241, 424]
[-333, 242, 422]
[-332, 242, 421]
[-332, 242, 420]
[-332, 243, 419]
[-332, 243, 417]
[-332, 243, 416]
[-331, 244, 415]
[-331, 244, 414]
[-331, 244, 412]
[-331, 245, 411]
[-331, 245, 410]
[-331, 245, 409]
[-331, 246, 407]
[-330, 246, 406]
[-330, 246, 405]
[-330, 246, 403]
[-330, 247, 402]
[-330, 247, 401]
[-330, 247, 400]
[-330, 247, 398]
[-330, 248, 397]
[-330, 248, 396]
[-330, 248, 394]
[-330, 248, 393]
[-329, 249, 392]
[-329, 249, 391]
[-329, 249, 389]
[-329, 249, 388]
[-329, 249, 387]
[-329, 250, 385]
[-329, 250, 384]
[-329, 250, 383]
[-329, 250, 382]
[-329, 250, 380]
[-329, 250, 379]
[-329, 251, 378]
[-329, 251, 376]
[-329, 251, 375]
[-330, 251, 374]
[-330, 251, 372]
[-330, 251, 371]
[-330, 251, 370]
[-330, 251, 369]
[-330, 251, 367]
[-330, 252, 366]
[-330, 252, 365]
[-330, 252, 363]
[-330, 252, 362]
[-330, 252, 361]
[-330, 252, 360]
[-330, 252, 358]
[-330, 252, 357]
[-330, 252, 356]
[-330, 252, 355]
[-330, 252, 353]
[-330, 252, 352]
