# Curve Parameters
# y_end: 224
# loops: 1
# A (south bulge): 80
# B (lateral wiggle): 10
# samples: 350
#
# Analysis Results
# max_grade: 0.950868
# length_3d: 276.36
# length_2d: 239.66
# min_horiz_step: 0.179128
# status: OK
#
# Coordinates (x, y, z)
#==================================================

[-199, 98, 410]
[-199, 98, 411]
[-199, 98, 411]
[-199, 98, 412]
[-199, 98, 413]
[-199, 98, 414]
[-199, 98, 414]
[-199, 98, 415]
[-199, 98, 416]
[-199, 98, 416]
[-199, 98, 417]
[-199, 98, 418]
[-199, 98, 418]
[-200, 99, 419]
[-200, 99, 420]
[-200, 99, 420]
[-200, 99, 421]
[-200, 99, 422]
[-200, 99, 422]
[-200, 99, 423]
[-200, 99, 424]
[-200, 99, 424]
[-200, 99, 425]
[-200, 100, 426]
[-201, 100, 426]
[-201, 100, 427]
[-201, 100, 428]
[-201, 100, 428]
[-201, 100, 429]
[-201, 100, 430]
[-201, 101, 430]
[-202, 101, 431]
[-202, 101, 431]
[-202, 101, 432]
[-202, 101, 433]
[-202, 102, 433]
[-202, 102, 434]
[-202, 102, 434]
[-203, 102, 435]
[-203, 102, 436]
[-203, 103, 436]
[-203, 103, 437]
[-203, 103, 437]
[-203, 103, 438]
[-204, 104, 438]
[-204, 104, 439]
[-204, 104, 439]
[-204, 104, 440]
[-204, 104, 441]
[-205, 105, 441]
[-205, 105, 442]
[-205, 105, 442]
[-205, 106, 443]
[-205, 106, 443]
[-206, 106, 444]
[-206, 106, 444]
[-206, 107, 445]
[-206, 107, 445]
[-207, 107, 446]
[-207, 108, 446]
[-207, 108, 447]
[-207, 108, 447]
[-207, 109, 448]
[-208, 109, 448]
[-208, 109, 448]
[-208, 109, 449]
[-208, 110, 449]
[-209, 110, 450]
[-209, 110, 450]
[-209, 111, 451]
[-209, 111, 451]
[-210, 112, 451]
[-210, 112, 452]
[-210, 112, 452]
[-210, 113, 453]
[-211, 113, 453]
[-211, 113, 454]
[-211, 114, 454]
[-212, 114, 454]
[-212, 114, 455]
[-212, 115, 455]
[-212, 115, 455]
[-213, 116, 456]
[-213, 116, 456]
[-213, 116, 456]
[-214, 117, 457]
[-214, 117, 457]
[-214, 118, 457]
[-215, 118, 458]
[-215, 118, 458]
[-215, 119, 458]
[-216, 119, 459]
[-216, 120, 459]
[-216, 120, 459]
[-217, 120, 460]
[-217, 121, 460]
[-218, 121, 460]
[-218, 122, 460]
[-218, 122, 461]
[-219, 123, 461]
[-219, 123, 461]
[-220, 124, 461]
[-220, 124, 462]
[-220, 124, 462]
[-221, 125, 462]
[-221, 125, 462]
[-222, 126, 462]
[-222, 126, 463]
[-223, 127, 463]
[-223, 127, 463]
[-223, 128, 463]
[-224, 128, 463]
[-224, 129, 464]
[-225, 129, 464]
[-225, 130, 464]
[-226, 130, 464]
[-226, 131, 464]
[-227, 131, 464]
[-227, 131, 464]
[-228, 132, 465]
[-228, 132, 465]
[-229, 133, 465]
[-229, 133, 465]
[-230, 134, 465]
[-230, 134, 465]
[-231, 135, 465]
[-232, 135, 465]
[-232, 136, 465]
[-233, 136, 465]
[-233, 137, 465]
[-234, 137, 466]
[-234, 138, 466]
[-235, 138, 466]
[-236, 139, 466]
[-236, 139, 466]
[-237, 140, 466]
[-238, 140, 466]
[-238, 141, 466]
[-239, 142, 466]
[-239, 142, 466]
[-240, 143, 466]
[-241, 143, 466]
[-241, 144, 466]
[-242, 144, 466]
[-243, 145, 466]
[-243, 145, 465]
[-244, 146, 465]
[-245, 146, 465]
[-245, 147, 465]
[-246, 147, 465]
[-247, 148, 465]
[-247, 148, 465]
[-248, 149, 465]
[-249, 149, 465]
[-250, 150, 465]
[-250, 150, 465]
[-251, 151, 464]
[-252, 152, 464]
[-252, 152, 464]
[-253, 153, 464]
[-254, 153, 464]
[-255, 154, 464]
[-255, 154, 464]
[-256, 155, 463]
[-257, 155, 463]
[-257, 156, 463]
[-258, 156, 463]
[-259, 157, 463]
[-260, 157, 462]
[-260, 158, 462]
[-261, 159, 462]
[-262, 159, 462]
[-263, 160, 462]
[-263, 160, 461]
[-264, 161, 461]
[-265, 161, 461]
[-266, 162, 461]
[-266, 162, 460]
[-267, 163, 460]
[-268, 163, 460]
[-269, 164, 460]
[-269, 165, 459]
[-270, 165, 459]
[-271, 166, 459]
[-272, 166, 458]
[-272, 167, 458]
[-273, 167, 458]
[-274, 168, 457]
[-274, 168, 457]
[-275, 169, 457]
[-276, 169, 456]
[-277, 170, 456]
[-277, 170, 456]
[-278, 171, 455]
[-279, 172, 455]
[-279, 172, 455]
[-280, 173, 454]
[-281, 173, 454]
[-282, 174, 453]
[-282, 174, 453]
[-283, 175, 453]
[-284, 175, 452]
[-284, 176, 452]
[-285, 176, 451]
[-286, 177, 451]
[-286, 177, 450]
[-287, 178, 450]
[-288, 178, 450]
[-288, 179, 449]
[-289, 179, 449]
[-290, 180, 448]
[-290, 180, 448]
[-291, 181, 447]
[-291, 182, 447]
[-292, 182, 446]
[-293, 183, 446]
[-293, 183, 445]
[-294, 184, 445]
[-295, 184, 444]
[-295, 185, 444]
[-296, 185, 443]
[-296, 186, 443]
[-297, 186, 442]
[-297, 187, 442]
[-298, 187, 441]
[-299, 188, 441]
[-299, 188, 440]
[-300, 189, 440]
[-300, 189, 439]
[-301, 190, 438]
[-301, 190, 438]
[-302, 191, 437]
[-302, 191, 437]
[-303, 191, 436]
[-303, 192, 436]
[-304, 192, 435]
[-304, 193, 434]
[-305, 193, 434]
[-305, 194, 433]
[-306, 194, 433]
[-306, 195, 432]
[-306, 195, 431]
[-307, 196, 431]
[-307, 196, 430]
[-308, 197, 429]
[-308, 197, 429]
[-309, 198, 428]
[-309, 198, 428]
[-309, 198, 427]
[-310, 199, 426]
[-310, 199, 426]
[-311, 200, 425]
[-311, 200, 424]
[-311, 201, 424]
[-312, 201, 423]
[-312, 202, 422]
[-313, 202, 422]
[-313, 202, 421]
[-313, 203, 420]
[-314, 203, 420]
[-314, 204, 419]
[-314, 204, 418]
[-315, 204, 417]
[-315, 205, 417]
[-315, 205, 416]
[-316, 206, 415]
[-316, 206, 415]
[-316, 206, 414]
[-317, 207, 413]
[-317, 207, 413]
[-317, 208, 412]
[-317, 208, 411]
[-318, 208, 410]
[-318, 209, 410]
[-318, 209, 409]
[-319, 209, 408]
[-319, 210, 407]
[-319, 210, 407]
[-319, 210, 406]
[-320, 211, 405]
[-320, 211, 404]
[-320, 212, 404]
[-320, 212, 403]
[-321, 212, 402]
[-321, 213, 401]
[-321, 213, 401]
[-321, 213, 400]
[-322, 213, 399]
[-322, 214, 398]
[-322, 214, 398]
[-322, 214, 397]
[-322, 215, 396]
[-323, 215, 395]
[-323, 215, 395]
[-323, 216, 394]
[-323, 216, 393]
[-324, 216, 392]
[-324, 216, 392]
[-324, 217, 391]
[-324, 217, 390]
[-324, 217, 389]
[-325, 218, 388]
[-325, 218, 388]
[-325, 218, 387]
[-325, 218, 386]
[-325, 218, 385]
[-326, 219, 385]
[-326, 219, 384]
[-326, 219, 383]
[-326, 219, 382]
[-326, 220, 382]
[-326, 220, 381]
[-327, 220, 380]
[-327, 220, 379]
[-327, 220, 378]
[-327, 221, 378]
[-327, 221, 377]
[-327, 221, 376]
[-327, 221, 375]
[-328, 221, 375]
[-328, 222, 374]
[-328, 222, 373]
[-328, 222, 372]
[-328, 222, 371]
[-328, 222, 371]
[-328, 222, 370]
[-329, 222, 369]
[-329, 223, 368]
[-329, 223, 368]
[-329, 223, 367]
[-329, 223, 366]
[-329, 223, 365]
[-329, 223, 365]
[-329, 223, 364]
[-329, 223, 363]
[-329, 223, 362]
[-329, 223, 362]
[-330, 224, 361]
[-330, 224, 360]
[-330, 224, 359]
[-330, 224, 359]
[-330, 224, 358]
[-330, 224, 357]
[-330, 224, 356]
[-330, 224, 356]
[-330, 224, 355]
[-330, 224, 354]
[-330, 224, 353]
[-330, 224, 353]
[-330, 224, 352]
