# Curve Parameters
# y_end: 228
# loops: 0
# A (south bulge): 60
# B (lateral wiggle): 60
# samples: 350
#
# Analysis Results
# max_grade: 0.992366
# length_3d: 246.56
# length_2d: 203.42
# min_horiz_step: 0.176149
# status: OK
#
# Coordinates (x, y, z)
#==================================================

[-199, 98, 410]
[-199, 98, 411]
[-199, 98, 411]
[-199, 98, 412]
[-199, 98, 412]
[-199, 98, 413]
[-199, 98, 413]
[-199, 98, 414]
[-199, 98, 414]
[-199, 98, 415]
[-199, 98, 415]
[-199, 98, 416]
[-199, 98, 416]
[-200, 99, 417]
[-200, 99, 417]
[-200, 99, 418]
[-200, 99, 418]
[-200, 99, 419]
[-200, 99, 419]
[-200, 99, 420]
[-200, 99, 420]
[-200, 99, 421]
[-200, 99, 421]
[-201, 100, 422]
[-201, 100, 422]
[-201, 100, 423]
[-201, 100, 423]
[-201, 100, 423]
[-201, 100, 424]
[-202, 101, 424]
[-202, 101, 425]
[-202, 101, 425]
[-202, 101, 426]
[-202, 101, 426]
[-202, 101, 427]
[-203, 102, 427]
[-203, 102, 427]
[-203, 102, 428]
[-203, 102, 428]
[-204, 103, 429]
[-204, 103, 429]
[-204, 103, 429]
[-204, 103, 430]
[-204, 103, 430]
[-205, 104, 431]
[-205, 104, 431]
[-205, 104, 431]
[-205, 104, 432]
[-206, 105, 432]
[-206, 105, 433]
[-206, 105, 433]
[-207, 106, 433]
[-207, 106, 434]
[-207, 106, 434]
[-207, 106, 434]
[-208, 107, 435]
[-208, 107, 435]
[-208, 107, 435]
[-209, 108, 436]
[-209, 108, 436]
[-209, 108, 436]
[-210, 109, 437]
[-210, 109, 437]
[-210, 109, 437]
[-211, 110, 438]
[-211, 110, 438]
[-211, 110, 438]
[-212, 111, 438]
[-212, 111, 439]
[-212, 111, 439]
[-213, 112, 439]
[-213, 112, 440]
[-213, 112, 440]
[-214, 113, 440]
[-214, 113, 440]
[-215, 113, 441]
[-215, 114, 441]
[-215, 114, 441]
[-216, 115, 441]
[-216, 115, 442]
[-216, 115, 442]
[-217, 116, 442]
[-217, 116, 442]
[-218, 117, 442]
[-218, 117, 443]
[-219, 117, 443]
[-219, 118, 443]
[-219, 118, 443]
[-220, 119, 444]
[-220, 119, 444]
[-221, 119, 444]
[-221, 120, 444]
[-222, 120, 444]
[-222, 121, 444]
[-222, 121, 445]
[-223, 122, 445]
[-223, 122, 445]
[-224, 123, 445]
[-224, 123, 445]
[-225, 123, 445]
[-225, 124, 445]
[-226, 124, 446]
[-226, 125, 446]
[-226, 125, 446]
[-227, 126, 446]
[-227, 126, 446]
[-228, 127, 446]
[-228, 127, 446]
[-229, 128, 446]
[-229, 128, 446]
[-230, 129, 447]
[-230, 129, 447]
[-231, 130, 447]
[-231, 130, 447]
[-232, 131, 447]
[-232, 131, 447]
[-233, 132, 447]
[-233, 132, 447]
[-234, 133, 447]
[-234, 133, 447]
[-235, 134, 447]
[-235, 134, 447]
[-236, 135, 447]
[-236, 135, 447]
[-237, 136, 447]
[-237, 136, 447]
[-238, 137, 447]
[-238, 137, 447]
[-239, 138, 447]
[-239, 138, 447]
[-240, 139, 447]
[-241, 139, 447]
[-241, 140, 447]
[-242, 140, 447]
[-242, 141, 447]
[-243, 141, 447]
[-243, 142, 447]
[-244, 142, 447]
[-244, 143, 447]
[-245, 143, 447]
[-245, 144, 447]
[-246, 145, 447]
[-246, 145, 446]
[-247, 146, 446]
[-248, 146, 446]
[-248, 147, 446]
[-249, 147, 446]
[-249, 148, 446]
[-250, 148, 446]
[-250, 149, 446]
[-251, 149, 446]
[-251, 150, 445]
[-252, 150, 445]
[-252, 151, 445]
[-253, 152, 445]
[-254, 152, 445]
[-254, 153, 445]
[-255, 153, 445]
[-255, 154, 444]
[-256, 154, 444]
[-256, 155, 444]
[-257, 155, 444]
[-257, 156, 444]
[-258, 157, 444]
[-259, 157, 443]
[-259, 158, 443]
[-260, 158, 443]
[-260, 159, 443]
[-261, 159, 443]
[-261, 160, 442]
[-262, 160, 442]
[-263, 161, 442]
[-263, 162, 442]
[-264, 162, 441]
[-264, 163, 441]
[-265, 163, 441]
[-265, 164, 441]
[-266, 164, 440]
[-266, 165, 440]
[-267, 166, 440]
[-268, 166, 440]
[-268, 167, 439]
[-269, 167, 439]
[-269, 168, 439]
[-270, 168, 438]
[-270, 169, 438]
[-271, 169, 438]
[-272, 170, 438]
[-272, 171, 437]
[-273, 171, 437]
[-273, 172, 437]
[-274, 172, 436]
[-274, 173, 436]
[-275, 173, 436]
[-275, 174, 435]
[-276, 174, 435]
[-277, 175, 435]
[-277, 176, 434]
[-278, 176, 434]
[-278, 177, 433]
[-279, 177, 433]
[-279, 178, 433]
[-280, 178, 432]
[-280, 179, 432]
[-281, 179, 432]
[-281, 180, 431]
[-282, 180, 431]
[-283, 181, 430]
[-283, 181, 430]
[-284, 182, 430]
[-284, 183, 429]
[-285, 183, 429]
[-285, 184, 428]
[-286, 184, 428]
[-286, 185, 428]
[-287, 185, 427]
[-287, 186, 427]
[-288, 186, 426]
[-288, 187, 426]
[-289, 187, 425]
[-290, 188, 425]
[-290, 188, 425]
[-291, 189, 424]
[-291, 189, 424]
[-292, 190, 423]
[-292, 190, 423]
[-293, 191, 422]
[-293, 191, 422]
[-294, 192, 421]
[-294, 192, 421]
[-295, 193, 420]
[-295, 193, 420]
[-296, 194, 419]
[-296, 194, 419]
[-297, 195, 418]
[-297, 195, 418]
[-298, 196, 417]
[-298, 196, 417]
[-299, 197, 416]
[-299, 197, 416]
[-300, 198, 415]
[-300, 198, 415]
[-301, 199, 414]
[-301, 199, 414]
[-302, 200, 413]
[-302, 200, 413]
[-303, 201, 412]
[-303, 201, 412]
[-303, 202, 411]
[-304, 202, 411]
[-304, 203, 410]
[-305, 203, 409]
[-305, 203, 409]
[-306, 204, 408]
[-306, 204, 408]
[-307, 205, 407]
[-307, 205, 407]
[-307, 206, 406]
[-308, 206, 406]
[-308, 207, 405]
[-309, 207, 404]
[-309, 207, 404]
[-310, 208, 403]
[-310, 208, 403]
[-310, 209, 402]
[-311, 209, 402]
[-311, 209, 401]
[-312, 210, 400]
[-312, 210, 400]
[-313, 211, 399]
[-313, 211, 399]
[-313, 211, 398]
[-314, 212, 398]
[-314, 212, 397]
[-314, 213, 396]
[-315, 213, 396]
[-315, 213, 395]
[-316, 214, 395]
[-316, 214, 394]
[-316, 214, 393]
[-317, 215, 393]
[-317, 215, 392]
[-317, 215, 392]
[-318, 216, 391]
[-318, 216, 390]
[-318, 216, 390]
[-319, 217, 389]
[-319, 217, 389]
[-319, 217, 388]
[-320, 218, 387]
[-320, 218, 387]
[-320, 218, 386]
[-321, 219, 386]
[-321, 219, 385]
[-321, 219, 384]
[-322, 220, 384]
[-322, 220, 383]
[-322, 220, 383]
[-322, 220, 382]
[-323, 221, 381]
[-323, 221, 381]
[-323, 221, 380]
[-324, 222, 380]
[-324, 222, 379]
[-324, 222, 378]
[-324, 222, 378]
[-325, 223, 377]
[-325, 223, 376]
[-325, 223, 376]
[-325, 223, 375]
[-325, 223, 375]
[-326, 224, 374]
[-326, 224, 373]
[-326, 224, 373]
[-326, 224, 372]
[-327, 225, 372]
[-327, 225, 371]
[-327, 225, 370]
[-327, 225, 370]
[-327, 225, 369]
[-327, 225, 369]
[-328, 226, 368]
[-328, 226, 367]
[-328, 226, 367]
[-328, 226, 366]
[-328, 226, 366]
[-328, 226, 365]
[-329, 227, 364]
[-329, 227, 364]
[-329, 227, 363]
[-329, 227, 363]
[-329, 227, 362]
[-329, 227, 362]
[-329, 227, 361]
[-329, 227, 360]
[-329, 227, 360]
[-329, 227, 359]
[-330, 228, 359]
[-330, 228, 358]
[-330, 228, 358]
[-330, 228, 357]
[-330, 228, 356]
[-330, 228, 356]
[-330, 228, 355]
[-330, 228, 355]
[-330, 228, 354]
[-330, 228, 354]
[-330, 228, 353]
[-330, 228, 353]
[-330, 228, 352]
