# Curve Parameters
# y_end: 250
# loops: 1
# A (south bulge): 140
# B (lateral wiggle): 20
# samples: 350
#
# Analysis Results
# max_grade: 0.902167
# length_3d: 392.95
# length_2d: 352.40
# min_horiz_step: 0.249812
# status: OK
#
# Coordinates (x, y, z)
#==================================================

[-199, 98, 410]
[-199, 98, 411]
[-199, 98, 413]
[-199, 98, 414]
[-199, 98, 415]
[-199, 98, 416]
[-199, 98, 418]
[-199, 98, 419]
[-199, 98, 420]
[-199, 98, 421]
[-199, 98, 422]
[-199, 98, 424]
[-199, 99, 425]
[-199, 99, 426]
[-200, 99, 427]
[-200, 99, 429]
[-200, 99, 430]
[-200, 99, 431]
[-200, 99, 432]
[-200, 99, 433]
[-200, 99, 435]
[-200, 100, 436]
[-200, 100, 437]
[-200, 100, 438]
[-200, 100, 439]
[-200, 100, 440]
[-201, 100, 442]
[-201, 101, 443]
[-201, 101, 444]
[-201, 101, 445]
[-201, 101, 446]
[-201, 101, 447]
[-201, 102, 448]
[-201, 102, 450]
[-201, 102, 451]
[-202, 102, 452]
[-202, 103, 453]
[-202, 103, 454]
[-202, 103, 455]
[-202, 103, 456]
[-202, 104, 457]
[-202, 104, 458]
[-202, 104, 459]
[-202, 104, 460]
[-203, 105, 461]
[-203, 105, 463]
[-203, 105, 464]
[-203, 106, 465]
[-203, 106, 466]
[-203, 106, 467]
[-203, 106, 468]
[-203, 107, 469]
[-204, 107, 470]
[-204, 107, 471]
[-204, 108, 472]
[-204, 108, 473]
[-204, 108, 474]
[-204, 109, 475]
[-204, 109, 476]
[-204, 110, 476]
[-205, 110, 477]
[-205, 110, 478]
[-205, 111, 479]
[-205, 111, 480]
[-205, 111, 481]
[-205, 112, 482]
[-205, 112, 483]
[-206, 113, 484]
[-206, 113, 485]
[-206, 113, 486]
[-206, 114, 486]
[-206, 114, 487]
[-206, 115, 488]
[-207, 115, 489]
[-207, 116, 490]
[-207, 116, 491]
[-207, 116, 491]
[-207, 117, 492]
[-207, 117, 493]
[-208, 118, 494]
[-208, 118, 495]
[-208, 119, 495]
[-208, 119, 496]
[-208, 120, 497]
[-209, 120, 498]
[-209, 121, 498]
[-209, 121, 499]
[-209, 122, 500]
[-210, 122, 500]
[-210, 123, 501]
[-210, 123, 502]
[-210, 124, 503]
[-211, 124, 503]
[-211, 125, 504]
[-211, 125, 504]
[-212, 126, 505]
[-212, 126, 506]
[-212, 127, 506]
[-212, 127, 507]
[-213, 128, 508]
[-213, 128, 508]
[-213, 129, 509]
[-214, 129, 509]
[-214, 130, 510]
[-215, 130, 510]
[-215, 131, 511]
[-215, 132, 511]
[-216, 132, 512]
[-216, 133, 512]
[-217, 133, 513]
[-217, 134, 513]
[-217, 134, 514]
[-218, 135, 514]
[-218, 135, 515]
[-219, 136, 515]
[-219, 137, 516]
[-220, 137, 516]
[-220, 138, 516]
[-221, 138, 517]
[-221, 139, 517]
[-222, 140, 518]
[-222, 140, 518]
[-223, 141, 518]
[-224, 141, 519]
[-224, 142, 519]
[-225, 143, 519]
[-225, 143, 520]
[-226, 144, 520]
[-227, 144, 520]
[-227, 145, 521]
[-228, 146, 521]
[-228, 146, 521]
[-229, 147, 521]
[-230, 147, 521]
[-230, 148, 522]
[-231, 149, 522]
[-232, 149, 522]
[-233, 150, 522]
[-233, 151, 522]
[-234, 151, 523]
[-235, 152, 523]
[-236, 152, 523]
[-236, 153, 523]
[-237, 154, 523]
[-238, 154, 523]
[-239, 155, 523]
[-239, 156, 523]
[-240, 156, 524]
[-241, 157, 524]
[-242, 157, 524]
[-243, 158, 524]
[-243, 159, 524]
[-244, 159, 524]
[-245, 160, 524]
[-246, 161, 524]
[-247, 161, 524]
[-248, 162, 524]
[-249, 163, 524]
[-250, 163, 524]
[-250, 164, 523]
[-251, 165, 523]
[-252, 165, 523]
[-253, 166, 523]
[-254, 166, 523]
[-255, 167, 523]
[-256, 168, 523]
[-257, 168, 523]
[-258, 169, 523]
[-259, 170, 522]
[-259, 170, 522]
[-260, 171, 522]
[-261, 172, 522]
[-262, 172, 522]
[-263, 173, 521]
[-264, 174, 521]
[-265, 174, 521]
[-266, 175, 521]
[-267, 176, 520]
[-268, 176, 520]
[-269, 177, 520]
[-270, 178, 519]
[-270, 178, 519]
[-271, 179, 519]
[-272, 180, 518]
[-273, 180, 518]
[-274, 181, 518]
[-275, 182, 517]
[-276, 182, 517]
[-277, 183, 517]
[-278, 183, 516]
[-279, 184, 516]
[-279, 185, 515]
[-280, 185, 515]
[-281, 186, 514]
[-282, 187, 514]
[-283, 187, 514]
[-284, 188, 513]
[-285, 189, 513]
[-286, 189, 512]
[-286, 190, 512]
[-287, 191, 511]
[-288, 191, 510]
[-289, 192, 510]
[-290, 192, 509]
[-290, 193, 509]
[-291, 194, 508]
[-292, 194, 508]
[-293, 195, 507]
[-293, 196, 506]
[-294, 196, 506]
[-295, 197, 505]
[-296, 197, 505]
[-296, 198, 504]
[-297, 199, 503]
[-298, 199, 503]
[-299, 200, 502]
[-299, 201, 501]
[-300, 201, 500]
[-301, 202, 500]
[-301, 202, 499]
[-302, 203, 498]
[-302, 204, 498]
[-303, 204, 497]
[-304, 205, 496]
[-304, 205, 495]
[-305, 206, 495]
[-305, 207, 494]
[-306, 207, 493]
[-307, 208, 492]
[-307, 208, 491]
[-308, 209, 491]
[-308, 210, 490]
[-309, 210, 489]
[-309, 211, 488]
[-310, 211, 487]
[-310, 212, 486]
[-311, 213, 485]
[-311, 213, 485]
[-312, 214, 484]
[-312, 214, 483]
[-312, 215, 482]
[-313, 215, 481]
[-313, 216, 480]
[-314, 216, 479]
[-314, 217, 478]
[-314, 218, 477]
[-315, 218, 476]
[-315, 219, 475]
[-316, 219, 474]
[-316, 220, 473]
[-316, 220, 472]
[-317, 221, 471]
[-317, 221, 470]
[-317, 222, 469]
[-317, 222, 468]
[-318, 223, 467]
[-318, 223, 466]
[-318, 224, 465]
[-319, 224, 464]
[-319, 225, 463]
[-319, 225, 462]
[-319, 226, 461]
[-320, 226, 460]
[-320, 227, 459]
[-320, 227, 458]
[-320, 228, 457]
[-321, 228, 455]
[-321, 229, 454]
[-321, 229, 453]
[-321, 230, 452]
[-321, 230, 451]
[-322, 231, 450]
[-322, 231, 449]
[-322, 232, 448]
[-322, 232, 446]
[-322, 232, 445]
[-322, 233, 444]
[-323, 233, 443]
[-323, 234, 442]
[-323, 234, 441]
[-323, 235, 439]
[-323, 235, 438]
[-323, 235, 437]
[-324, 236, 436]
[-324, 236, 435]
[-324, 237, 433]
[-324, 237, 432]
[-324, 237, 431]
[-324, 238, 430]
[-324, 238, 429]
[-325, 238, 427]
[-325, 239, 426]
[-325, 239, 425]
[-325, 240, 424]
[-325, 240, 422]
[-325, 240, 421]
[-325, 241, 420]
[-325, 241, 419]
[-326, 241, 417]
[-326, 242, 416]
[-326, 242, 415]
[-326, 242, 414]
[-326, 242, 412]
[-326, 243, 411]
[-326, 243, 410]
[-326, 243, 409]
[-327, 244, 407]
[-327, 244, 406]
[-327, 244, 405]
[-327, 244, 403]
[-327, 245, 402]
[-327, 245, 401]
[-327, 245, 400]
[-327, 245, 398]
[-327, 246, 397]
[-328, 246, 396]
[-328, 246, 394]
[-328, 246, 393]
[-328, 247, 392]
[-328, 247, 391]
[-328, 247, 389]
[-328, 247, 388]
[-328, 247, 387]
[-328, 248, 385]
[-329, 248, 384]
[-329, 248, 383]
[-329, 248, 382]
[-329, 248, 380]
[-329, 248, 379]
[-329, 249, 378]
[-329, 249, 376]
[-329, 249, 375]
[-329, 249, 374]
[-329, 249, 372]
[-329, 249, 371]
[-329, 249, 370]
[-330, 249, 369]
[-330, 249, 367]
[-330, 250, 366]
[-330, 250, 365]
[-330, 250, 363]
[-330, 250, 362]
[-330, 250, 361]
[-330, 250, 360]
[-330, 250, 358]
[-330, 250, 357]
[-330, 250, 356]
[-330, 250, 355]
[-330, 250, 353]
[-330, 250, 352]
