# Curve Parameters
# y_end: 258
# loops: 1
# A (south bulge): 140
# B (lateral wiggle): 20
# samples: 350
#
# Analysis Results
# max_grade: 0.949649
# length_3d: 396.94
# length_2d: 352.40
# min_horiz_step: 0.249812
# status: OK
#
# Coordinates (x, y, z)
#==================================================

[-199, 98, 410]
[-199, 98, 411]
[-199, 98, 413]
[-199, 98, 414]
[-199, 98, 415]
[-199, 98, 416]
[-199, 98, 418]
[-199, 98, 419]
[-199, 98, 420]
[-199, 98, 421]
[-199, 98, 422]
[-199, 98, 424]
[-199, 99, 425]
[-199, 99, 426]
[-200, 99, 427]
[-200, 99, 429]
[-200, 99, 430]
[-200, 99, 431]
[-200, 99, 432]
[-200, 99, 433]
[-200, 100, 435]
[-200, 100, 436]
[-200, 100, 437]
[-200, 100, 438]
[-200, 100, 439]
[-200, 100, 440]
[-201, 101, 442]
[-201, 101, 443]
[-201, 101, 444]
[-201, 101, 445]
[-201, 101, 446]
[-201, 102, 447]
[-201, 102, 448]
[-201, 102, 450]
[-201, 102, 451]
[-202, 103, 452]
[-202, 103, 453]
[-202, 103, 454]
[-202, 103, 455]
[-202, 104, 456]
[-202, 104, 457]
[-202, 104, 458]
[-202, 104, 459]
[-202, 105, 460]
[-203, 105, 461]
[-203, 105, 463]
[-203, 106, 464]
[-203, 106, 465]
[-203, 106, 466]
[-203, 107, 467]
[-203, 107, 468]
[-203, 107, 469]
[-204, 108, 470]
[-204, 108, 471]
[-204, 108, 472]
[-204, 109, 473]
[-204, 109, 474]
[-204, 109, 475]
[-204, 110, 476]
[-204, 110, 476]
[-205, 111, 477]
[-205, 111, 478]
[-205, 111, 479]
[-205, 112, 480]
[-205, 112, 481]
[-205, 113, 482]
[-205, 113, 483]
[-206, 113, 484]
[-206, 114, 485]
[-206, 114, 486]
[-206, 115, 486]
[-206, 115, 487]
[-206, 116, 488]
[-207, 116, 489]
[-207, 117, 490]
[-207, 117, 491]
[-207, 117, 491]
[-207, 118, 492]
[-207, 118, 493]
[-208, 119, 494]
[-208, 119, 495]
[-208, 120, 495]
[-208, 120, 496]
[-208, 121, 497]
[-209, 121, 498]
[-209, 122, 498]
[-209, 122, 499]
[-209, 123, 500]
[-210, 123, 500]
[-210, 124, 501]
[-210, 124, 502]
[-210, 125, 503]
[-211, 125, 503]
[-211, 126, 504]
[-211, 127, 504]
[-212, 127, 505]
[-212, 128, 506]
[-212, 128, 506]
[-212, 129, 507]
[-213, 129, 508]
[-213, 130, 508]
[-213, 130, 509]
[-214, 131, 509]
[-214, 132, 510]
[-215, 132, 510]
[-215, 133, 511]
[-215, 133, 511]
[-216, 134, 512]
[-216, 134, 512]
[-217, 135, 513]
[-217, 136, 513]
[-217, 136, 514]
[-218, 137, 514]
[-218, 137, 515]
[-219, 138, 515]
[-219, 139, 516]
[-220, 139, 516]
[-220, 140, 516]
[-221, 141, 517]
[-221, 141, 517]
[-222, 142, 518]
[-222, 142, 518]
[-223, 143, 518]
[-224, 144, 519]
[-224, 144, 519]
[-225, 145, 519]
[-225, 146, 520]
[-226, 146, 520]
[-227, 147, 520]
[-227, 147, 521]
[-228, 148, 521]
[-228, 149, 521]
[-229, 149, 521]
[-230, 150, 521]
[-230, 151, 522]
[-231, 151, 522]
[-232, 152, 522]
[-233, 153, 522]
[-233, 153, 522]
[-234, 154, 523]
[-235, 155, 523]
[-236, 155, 523]
[-236, 156, 523]
[-237, 157, 523]
[-238, 157, 523]
[-239, 158, 523]
[-239, 159, 523]
[-240, 159, 524]
[-241, 160, 524]
[-242, 161, 524]
[-243, 161, 524]
[-243, 162, 524]
[-244, 163, 524]
[-245, 163, 524]
[-246, 164, 524]
[-247, 165, 524]
[-248, 165, 524]
[-249, 166, 524]
[-250, 167, 524]
[-250, 167, 523]
[-251, 168, 523]
[-252, 169, 523]
[-253, 169, 523]
[-254, 170, 523]
[-255, 171, 523]
[-256, 171, 523]
[-257, 172, 523]
[-258, 173, 523]
[-259, 174, 522]
[-259, 174, 522]
[-260, 175, 522]
[-261, 176, 522]
[-262, 176, 522]
[-263, 177, 521]
[-264, 178, 521]
[-265, 178, 521]
[-266, 179, 521]
[-267, 180, 520]
[-268, 180, 520]
[-269, 181, 520]
[-270, 182, 519]
[-270, 182, 519]
[-271, 183, 519]
[-272, 184, 518]
[-273, 185, 518]
[-274, 185, 518]
[-275, 186, 517]
[-276, 187, 517]
[-277, 187, 517]
[-278, 188, 516]
[-279, 189, 516]
[-279, 189, 515]
[-280, 190, 515]
[-281, 191, 514]
[-282, 191, 514]
[-283, 192, 514]
[-284, 193, 513]
[-285, 193, 513]
[-286, 194, 512]
[-286, 195, 512]
[-287, 195, 511]
[-288, 196, 510]
[-289, 197, 510]
[-290, 197, 509]
[-290, 198, 509]
[-291, 199, 508]
[-292, 199, 508]
[-293, 200, 507]
[-293, 201, 506]
[-294, 201, 506]
[-295, 202, 505]
[-296, 203, 505]
[-296, 203, 504]
[-297, 204, 503]
[-298, 205, 503]
[-299, 205, 502]
[-299, 206, 501]
[-300, 207, 500]
[-301, 207, 500]
[-301, 208, 499]
[-302, 209, 498]
[-302, 209, 498]
[-303, 210, 497]
[-304, 210, 496]
[-304, 211, 495]
[-305, 212, 495]
[-305, 212, 494]
[-306, 213, 493]
[-307, 214, 492]
[-307, 214, 491]
[-308, 215, 491]
[-308, 215, 490]
[-309, 216, 489]
[-309, 217, 488]
[-310, 217, 487]
[-310, 218, 486]
[-311, 219, 485]
[-311, 219, 485]
[-312, 220, 484]
[-312, 220, 483]
[-312, 221, 482]
[-313, 222, 481]
[-313, 222, 480]
[-314, 223, 479]
[-314, 223, 478]
[-314, 224, 477]
[-315, 224, 476]
[-315, 225, 475]
[-316, 226, 474]
[-316, 226, 473]
[-316, 227, 472]
[-317, 227, 471]
[-317, 228, 470]
[-317, 228, 469]
[-317, 229, 468]
[-318, 229, 467]
[-318, 230, 466]
[-318, 231, 465]
[-319, 231, 464]
[-319, 232, 463]
[-319, 232, 462]
[-319, 233, 461]
[-320, 233, 460]
[-320, 234, 459]
[-320, 234, 458]
[-320, 235, 457]
[-321, 235, 455]
[-321, 236, 454]
[-321, 236, 453]
[-321, 237, 452]
[-321, 237, 451]
[-322, 238, 450]
[-322, 238, 449]
[-322, 239, 448]
[-322, 239, 446]
[-322, 239, 445]
[-322, 240, 444]
[-323, 240, 443]
[-323, 241, 442]
[-323, 241, 441]
[-323, 242, 439]
[-323, 242, 438]
[-323, 243, 437]
[-324, 243, 436]
[-324, 243, 435]
[-324, 244, 433]
[-324, 244, 432]
[-324, 245, 431]
[-324, 245, 430]
[-324, 245, 429]
[-325, 246, 427]
[-325, 246, 426]
[-325, 247, 425]
[-325, 247, 424]
[-325, 247, 422]
[-325, 248, 421]
[-325, 248, 420]
[-325, 248, 419]
[-326, 249, 417]
[-326, 249, 416]
[-326, 249, 415]
[-326, 250, 414]
[-326, 250, 412]
[-326, 250, 411]
[-326, 251, 410]
[-326, 251, 409]
[-327, 251, 407]
[-327, 252, 406]
[-327, 252, 405]
[-327, 252, 403]
[-327, 252, 402]
[-327, 253, 401]
[-327, 253, 400]
[-327, 253, 398]
[-327, 253, 397]
[-328, 254, 396]
[-328, 254, 394]
[-328, 254, 393]
[-328, 254, 392]
[-328, 255, 391]
[-328, 255, 389]
[-328, 255, 388]
[-328, 255, 387]
[-328, 255, 385]
[-329, 256, 384]
[-329, 256, 383]
[-329, 256, 382]
[-329, 256, 380]
[-329, 256, 379]
[-329, 256, 378]
[-329, 257, 376]
[-329, 257, 375]
[-329, 257, 374]
[-329, 257, 372]
[-329, 257, 371]
[-329, 257, 370]
[-330, 257, 369]
[-330, 257, 367]
[-330, 258, 366]
[-330, 258, 365]
[-330, 258, 363]
[-330, 258, 362]
[-330, 258, 361]
[-330, 258, 360]
[-330, 258, 358]
[-330, 258, 357]
[-330, 258, 356]
[-330, 258, 355]
[-330, 258, 353]
[-330, 258, 352]
