# Curve Parameters
# y_end: 246
# loops: 1
# A (south bulge): 140
# B (lateral wiggle): 60
# samples: 350
#
# Analysis Results
# max_grade: 0.951306
# length_3d: 431.96
# length_2d: 398.86
# min_horiz_step: 0.220531
# status: OK
#
# Coordinates (x, y, z)
#==================================================

[-199, 98, 410]
[-199, 98, 411]
[-199, 98, 413]
[-199, 98, 414]
[-199, 98, 415]
[-199, 98, 416]
[-199, 98, 418]
[-199, 98, 419]
[-199, 98, 420]
[-199, 98, 421]
[-199, 98, 422]
[-199, 98, 424]
[-199, 99, 425]
[-199, 99, 426]
[-199, 99, 427]
[-199, 99, 429]
[-199, 99, 430]
[-199, 99, 431]
[-200, 99, 432]
[-200, 99, 433]
[-200, 99, 435]
[-200, 100, 436]
[-200, 100, 437]
[-200, 100, 438]
[-200, 100, 439]
[-200, 100, 440]
[-200, 100, 442]
[-200, 101, 443]
[-200, 101, 444]
[-200, 101, 445]
[-200, 101, 446]
[-200, 101, 447]
[-199, 102, 448]
[-199, 102, 450]
[-199, 102, 451]
[-199, 102, 452]
[-199, 102, 453]
[-199, 103, 454]
[-199, 103, 455]
[-199, 103, 456]
[-199, 103, 457]
[-199, 104, 458]
[-199, 104, 459]
[-198, 104, 460]
[-198, 104, 461]
[-198, 105, 463]
[-198, 105, 464]
[-198, 105, 465]
[-198, 106, 466]
[-198, 106, 467]
[-197, 106, 468]
[-197, 107, 469]
[-197, 107, 470]
[-197, 107, 471]
[-197, 108, 472]
[-196, 108, 473]
[-196, 108, 474]
[-196, 109, 475]
[-196, 109, 476]
[-196, 109, 476]
[-195, 110, 477]
[-195, 110, 478]
[-195, 110, 479]
[-195, 111, 480]
[-194, 111, 481]
[-194, 111, 482]
[-194, 112, 483]
[-194, 112, 484]
[-193, 113, 485]
[-193, 113, 486]
[-193, 113, 486]
[-193, 114, 487]
[-192, 114, 488]
[-192, 115, 489]
[-192, 115, 490]
[-192, 116, 491]
[-191, 116, 491]
[-191, 116, 492]
[-191, 117, 493]
[-191, 117, 494]
[-191, 118, 495]
[-190, 118, 495]
[-190, 119, 496]
[-190, 119, 497]
[-190, 120, 498]
[-190, 120, 498]
[-190, 121, 499]
[-189, 121, 500]
[-189, 121, 500]
[-189, 122, 501]
[-189, 122, 502]
[-189, 123, 503]
[-189, 123, 503]
[-189, 124, 504]
[-189, 124, 504]
[-189, 125, 505]
[-189, 125, 506]
[-189, 126, 506]
[-189, 126, 507]
[-189, 127, 508]
[-189, 127, 508]
[-189, 128, 509]
[-189, 129, 509]
[-190, 129, 510]
[-190, 130, 510]
[-190, 130, 511]
[-190, 131, 511]
[-190, 131, 512]
[-191, 132, 512]
[-191, 132, 513]
[-191, 133, 513]
[-192, 133, 514]
[-192, 134, 514]
[-192, 134, 515]
[-193, 135, 515]
[-193, 136, 516]
[-194, 136, 516]
[-194, 137, 516]
[-195, 137, 517]
[-195, 138, 517]
[-196, 138, 518]
[-197, 139, 518]
[-197, 140, 518]
[-198, 140, 519]
[-199, 141, 519]
[-199, 141, 519]
[-200, 142, 520]
[-201, 143, 520]
[-202, 143, 520]
[-203, 144, 521]
[-203, 144, 521]
[-204, 145, 521]
[-205, 146, 521]
[-206, 146, 521]
[-207, 147, 522]
[-208, 147, 522]
[-209, 148, 522]
[-210, 149, 522]
[-211, 149, 522]
[-213, 150, 523]
[-214, 150, 523]
[-215, 151, 523]
[-216, 152, 523]
[-217, 152, 523]
[-218, 153, 523]
[-220, 153, 523]
[-221, 154, 523]
[-222, 155, 524]
[-224, 155, 524]
[-225, 156, 524]
[-226, 157, 524]
[-228, 157, 524]
[-229, 158, 524]
[-231, 158, 524]
[-232, 159, 524]
[-234, 160, 524]
[-235, 160, 524]
[-237, 161, 524]
[-238, 162, 524]
[-240, 162, 523]
[-241, 163, 523]
[-243, 163, 523]
[-244, 164, 523]
[-246, 165, 523]
[-247, 165, 523]
[-249, 166, 523]
[-251, 167, 523]
[-252, 167, 523]
[-254, 168, 522]
[-255, 169, 522]
[-257, 169, 522]
[-259, 170, 522]
[-260, 170, 522]
[-262, 171, 521]
[-264, 172, 521]
[-265, 172, 521]
[-267, 173, 521]
[-269, 174, 520]
[-270, 174, 520]
[-272, 175, 520]
[-274, 175, 519]
[-275, 176, 519]
[-277, 177, 519]
[-278, 177, 518]
[-280, 178, 518]
[-282, 179, 518]
[-283, 179, 517]
[-285, 180, 517]
[-286, 181, 517]
[-288, 181, 516]
[-289, 182, 516]
[-291, 182, 515]
[-292, 183, 515]
[-294, 184, 514]
[-295, 184, 514]
[-297, 185, 514]
[-298, 186, 513]
[-300, 186, 513]
[-301, 187, 512]
[-303, 187, 512]
[-304, 188, 511]
[-305, 189, 510]
[-307, 189, 510]
[-308, 190, 509]
[-309, 191, 509]
[-311, 191, 508]
[-312, 192, 508]
[-313, 192, 507]
[-314, 193, 506]
[-315, 194, 506]
[-316, 194, 505]
[-318, 195, 505]
[-319, 195, 504]
[-320, 196, 503]
[-321, 197, 503]
[-322, 197, 502]
[-323, 198, 501]
[-324, 198, 500]
[-325, 199, 500]
[-326, 200, 499]
[-326, 200, 498]
[-327, 201, 498]
[-328, 201, 497]
[-329, 202, 496]
[-330, 203, 495]
[-330, 203, 495]
[-331, 204, 494]
[-332, 204, 493]
[-332, 205, 492]
[-333, 206, 491]
[-334, 206, 491]
[-334, 207, 490]
[-335, 207, 489]
[-335, 208, 488]
[-336, 208, 487]
[-336, 209, 486]
[-337, 210, 485]
[-337, 210, 485]
[-337, 211, 484]
[-338, 211, 483]
[-338, 212, 482]
[-338, 212, 481]
[-339, 213, 480]
[-339, 213, 479]
[-339, 214, 478]
[-339, 214, 477]
[-339, 215, 476]
[-340, 215, 475]
[-340, 216, 474]
[-340, 217, 473]
[-340, 217, 472]
[-340, 218, 471]
[-340, 218, 470]
[-340, 219, 469]
[-340, 219, 468]
[-340, 220, 467]
[-340, 220, 466]
[-340, 221, 465]
[-340, 221, 464]
[-340, 222, 463]
[-340, 222, 462]
[-340, 223, 461]
[-340, 223, 460]
[-339, 223, 459]
[-339, 224, 458]
[-339, 224, 457]
[-339, 225, 455]
[-339, 225, 454]
[-339, 226, 453]
[-338, 226, 452]
[-338, 227, 451]
[-338, 227, 450]
[-338, 228, 449]
[-338, 228, 448]
[-337, 228, 446]
[-337, 229, 445]
[-337, 229, 444]
[-337, 230, 443]
[-336, 230, 442]
[-336, 231, 441]
[-336, 231, 439]
[-336, 231, 438]
[-335, 232, 437]
[-335, 232, 436]
[-335, 233, 435]
[-335, 233, 433]
[-334, 233, 432]
[-334, 234, 431]
[-334, 234, 430]
[-334, 234, 429]
[-333, 235, 427]
[-333, 235, 426]
[-333, 235, 425]
[-333, 236, 424]
[-333, 236, 422]
[-332, 236, 421]
[-332, 237, 420]
[-332, 237, 419]
[-332, 237, 417]
[-332, 238, 416]
[-331, 238, 415]
[-331, 238, 414]
[-331, 239, 412]
[-331, 239, 411]
[-331, 239, 410]
[-331, 240, 409]
[-331, 240, 407]
[-330, 240, 406]
[-330, 240, 405]
[-330, 241, 403]
[-330, 241, 402]
[-330, 241, 401]
[-330, 241, 400]
[-330, 242, 398]
[-330, 242, 397]
[-330, 242, 396]
[-330, 242, 394]
[-330, 242, 393]
[-329, 243, 392]
[-329, 243, 391]
[-329, 243, 389]
[-329, 243, 388]
[-329, 243, 387]
[-329, 244, 385]
[-329, 244, 384]
[-329, 244, 383]
[-329, 244, 382]
[-329, 244, 380]
[-329, 244, 379]
[-329, 245, 378]
[-329, 245, 376]
[-329, 245, 375]
[-330, 245, 374]
[-330, 245, 372]
[-330, 245, 371]
[-330, 245, 370]
[-330, 245, 369]
[-330, 245, 367]
[-330, 246, 366]
[-330, 246, 365]
[-330, 246, 363]
[-330, 246, 362]
[-330, 246, 361]
[-330, 246, 360]
[-330, 246, 358]
[-330, 246, 357]
[-330, 246, 356]
[-330, 246, 355]
[-330, 246, 353]
[-330, 246, 352]
