# Curve Parameters
# y_end: 230
# loops: 1
# A (south bulge): 120
# B (lateral wiggle): 10
# samples: 350
#
# Analysis Results
# max_grade: 0.864346
# length_3d: 343.01
# length_2d: 308.06
# min_horiz_step: 0.230196
# status: OK
#
# Coordinates (x, y, z)
#==================================================

[-199, 98, 410]
[-199, 98, 411]
[-199, 98, 412]
[-199, 98, 413]
[-199, 98, 414]
[-199, 98, 415]
[-199, 98, 416]
[-199, 98, 417]
[-199, 98, 419]
[-199, 98, 420]
[-199, 98, 421]
[-199, 98, 422]
[-199, 98, 423]
[-200, 99, 424]
[-200, 99, 425]
[-200, 99, 426]
[-200, 99, 427]
[-200, 99, 428]
[-200, 99, 429]
[-200, 99, 430]
[-200, 99, 431]
[-200, 99, 432]
[-200, 100, 433]
[-200, 100, 434]
[-201, 100, 435]
[-201, 100, 436]
[-201, 100, 437]
[-201, 100, 438]
[-201, 100, 439]
[-201, 101, 440]
[-201, 101, 441]
[-202, 101, 442]
[-202, 101, 443]
[-202, 101, 444]
[-202, 102, 445]
[-202, 102, 446]
[-202, 102, 446]
[-202, 102, 447]
[-203, 102, 448]
[-203, 103, 449]
[-203, 103, 450]
[-203, 103, 451]
[-203, 103, 452]
[-203, 104, 453]
[-204, 104, 454]
[-204, 104, 455]
[-204, 104, 456]
[-204, 105, 456]
[-204, 105, 457]
[-205, 105, 458]
[-205, 105, 459]
[-205, 106, 460]
[-205, 106, 461]
[-205, 106, 461]
[-206, 107, 462]
[-206, 107, 463]
[-206, 107, 464]
[-206, 107, 465]
[-207, 108, 466]
[-207, 108, 466]
[-207, 108, 467]
[-207, 109, 468]
[-207, 109, 469]
[-208, 109, 469]
[-208, 110, 470]
[-208, 110, 471]
[-208, 110, 472]
[-209, 111, 472]
[-209, 111, 473]
[-209, 111, 474]
[-209, 112, 475]
[-210, 112, 475]
[-210, 113, 476]
[-210, 113, 477]
[-210, 113, 477]
[-211, 114, 478]
[-211, 114, 479]
[-211, 114, 479]
[-212, 115, 480]
[-212, 115, 481]
[-212, 116, 481]
[-212, 116, 482]
[-213, 116, 483]
[-213, 117, 483]
[-213, 117, 484]
[-214, 118, 484]
[-214, 118, 485]
[-214, 119, 486]
[-215, 119, 486]
[-215, 119, 487]
[-215, 120, 487]
[-216, 120, 488]
[-216, 121, 488]
[-216, 121, 489]
[-217, 122, 489]
[-217, 122, 490]
[-218, 122, 491]
[-218, 123, 491]
[-218, 123, 492]
[-219, 124, 492]
[-219, 124, 492]
[-220, 125, 493]
[-220, 125, 493]
[-220, 126, 494]
[-221, 126, 494]
[-221, 127, 495]
[-222, 127, 495]
[-222, 128, 496]
[-223, 128, 496]
[-223, 129, 496]
[-223, 129, 497]
[-224, 130, 497]
[-224, 130, 497]
[-225, 131, 498]
[-225, 131, 498]
[-226, 132, 498]
[-226, 132, 499]
[-227, 133, 499]
[-227, 133, 499]
[-228, 134, 500]
[-228, 134, 500]
[-229, 135, 500]
[-229, 135, 501]
[-230, 136, 501]
[-230, 136, 501]
[-231, 137, 501]
[-232, 137, 502]
[-232, 138, 502]
[-233, 138, 502]
[-233, 139, 502]
[-234, 139, 502]
[-234, 140, 503]
[-235, 140, 503]
[-236, 141, 503]
[-236, 141, 503]
[-237, 142, 503]
[-238, 143, 503]
[-238, 143, 503]
[-239, 144, 504]
[-239, 144, 504]
[-240, 145, 504]
[-241, 145, 504]
[-241, 146, 504]
[-242, 146, 504]
[-243, 147, 504]
[-243, 147, 504]
[-244, 148, 504]
[-245, 149, 504]
[-245, 149, 504]
[-246, 150, 504]
[-247, 150, 504]
[-247, 151, 504]
[-248, 151, 504]
[-249, 152, 504]
[-250, 152, 504]
[-250, 153, 504]
[-251, 154, 504]
[-252, 154, 504]
[-252, 155, 504]
[-253, 155, 504]
[-254, 156, 504]
[-255, 156, 503]
[-255, 157, 503]
[-256, 157, 503]
[-257, 158, 503]
[-257, 159, 503]
[-258, 159, 503]
[-259, 160, 503]
[-260, 160, 502]
[-260, 161, 502]
[-261, 161, 502]
[-262, 162, 502]
[-263, 163, 502]
[-263, 163, 501]
[-264, 164, 501]
[-265, 164, 501]
[-266, 165, 501]
[-266, 165, 500]
[-267, 166, 500]
[-268, 167, 500]
[-269, 167, 499]
[-269, 168, 499]
[-270, 168, 499]
[-271, 169, 499]
[-272, 169, 498]
[-272, 170, 498]
[-273, 171, 497]
[-274, 171, 497]
[-274, 172, 497]
[-275, 172, 496]
[-276, 173, 496]
[-277, 173, 496]
[-277, 174, 495]
[-278, 174, 495]
[-279, 175, 494]
[-279, 176, 494]
[-280, 176, 493]
[-281, 177, 493]
[-282, 177, 493]
[-282, 178, 492]
[-283, 178, 492]
[-284, 179, 491]
[-284, 179, 491]
[-285, 180, 490]
[-286, 181, 490]
[-286, 181, 489]
[-287, 182, 488]
[-288, 182, 488]
[-288, 183, 487]
[-289, 183, 487]
[-290, 184, 486]
[-290, 184, 486]
[-291, 185, 485]
[-291, 185, 484]
[-292, 186, 484]
[-293, 187, 483]
[-293, 187, 483]
[-294, 188, 482]
[-295, 188, 481]
[-295, 189, 481]
[-296, 189, 480]
[-296, 190, 479]
[-297, 190, 479]
[-297, 191, 478]
[-298, 191, 477]
[-299, 192, 477]
[-299, 192, 476]
[-300, 193, 475]
[-300, 193, 474]
[-301, 194, 474]
[-301, 194, 473]
[-302, 195, 472]
[-302, 195, 471]
[-303, 196, 471]
[-303, 196, 470]
[-304, 197, 469]
[-304, 197, 468]
[-305, 198, 468]
[-305, 198, 467]
[-306, 199, 466]
[-306, 199, 465]
[-306, 200, 464]
[-307, 200, 464]
[-307, 201, 463]
[-308, 201, 462]
[-308, 202, 461]
[-309, 202, 460]
[-309, 203, 459]
[-309, 203, 458]
[-310, 204, 458]
[-310, 204, 457]
[-311, 205, 456]
[-311, 205, 455]
[-311, 206, 454]
[-312, 206, 453]
[-312, 206, 452]
[-313, 207, 451]
[-313, 207, 450]
[-313, 208, 449]
[-314, 208, 449]
[-314, 209, 448]
[-314, 209, 447]
[-315, 209, 446]
[-315, 210, 445]
[-315, 210, 444]
[-316, 211, 443]
[-316, 211, 442]
[-316, 212, 441]
[-317, 212, 440]
[-317, 212, 439]
[-317, 213, 438]
[-317, 213, 437]
[-318, 214, 436]
[-318, 214, 435]
[-318, 214, 434]
[-319, 215, 433]
[-319, 215, 432]
[-319, 215, 431]
[-319, 216, 430]
[-320, 216, 429]
[-320, 217, 428]
[-320, 217, 427]
[-320, 217, 426]
[-321, 218, 425]
[-321, 218, 424]
[-321, 218, 423]
[-321, 219, 421]
[-322, 219, 420]
[-322, 219, 419]
[-322, 220, 418]
[-322, 220, 417]
[-322, 220, 416]
[-323, 221, 415]
[-323, 221, 414]
[-323, 221, 413]
[-323, 221, 412]
[-324, 222, 411]
[-324, 222, 410]
[-324, 222, 409]
[-324, 223, 407]
[-324, 223, 406]
[-325, 223, 405]
[-325, 223, 404]
[-325, 224, 403]
[-325, 224, 402]
[-325, 224, 401]
[-326, 224, 400]
[-326, 225, 399]
[-326, 225, 398]
[-326, 225, 396]
[-326, 225, 395]
[-326, 226, 394]
[-327, 226, 393]
[-327, 226, 392]
[-327, 226, 391]
[-327, 226, 390]
[-327, 227, 389]
[-327, 227, 387]
[-327, 227, 386]
[-328, 227, 385]
[-328, 227, 384]
[-328, 228, 383]
[-328, 228, 382]
[-328, 228, 381]
[-328, 228, 380]
[-328, 228, 379]
[-329, 228, 377]
[-329, 228, 376]
[-329, 229, 375]
[-329, 229, 374]
[-329, 229, 373]
[-329, 229, 372]
[-329, 229, 371]
[-329, 229, 370]
[-329, 229, 368]
[-329, 229, 367]
[-329, 229, 366]
[-330, 230, 365]
[-330, 230, 364]
[-330, 230, 363]
[-330, 230, 362]
[-330, 230, 361]
[-330, 230, 360]
[-330, 230, 359]
[-330, 230, 357]
[-330, 230, 356]
[-330, 230, 355]
[-330, 230, 354]
[-330, 230, 353]
[-330, 230, 352]
