# Curve Parameters
# y_end: 232
# loops: 1
# A (south bulge): 140
# B (lateral wiggle): 80
# samples: 350
#
# Analysis Results
# max_grade: 0.908559
# length_3d: 454.30
# length_2d: 428.63
# min_horiz_step: 0.209470
# status: OK
#
# Coordinates (x, y, z)
#==================================================

[-199, 98, 410]
[-199, 98, 411]
[-199, 98, 413]
[-199, 98, 414]
[-199, 98, 415]
[-199, 98, 416]
[-199, 98, 418]
[-199, 98, 419]
[-199, 98, 420]
[-199, 98, 421]
[-199, 98, 422]
[-199, 98, 424]
[-199, 98, 425]
[-199, 99, 426]
[-199, 99, 427]
[-199, 99, 429]
[-199, 99, 430]
[-199, 99, 431]
[-199, 99, 432]
[-199, 99, 433]
[-199, 99, 435]
[-199, 99, 436]
[-199, 100, 437]
[-199, 100, 438]
[-199, 100, 439]
[-199, 100, 440]
[-199, 100, 442]
[-199, 100, 443]
[-199, 100, 444]
[-199, 101, 445]
[-199, 101, 446]
[-199, 101, 447]
[-199, 101, 448]
[-198, 101, 450]
[-198, 102, 451]
[-198, 102, 452]
[-198, 102, 453]
[-198, 102, 454]
[-198, 102, 455]
[-197, 103, 456]
[-197, 103, 457]
[-197, 103, 458]
[-197, 103, 459]
[-197, 104, 460]
[-196, 104, 461]
[-196, 104, 463]
[-196, 104, 464]
[-195, 105, 465]
[-195, 105, 466]
[-195, 105, 467]
[-194, 105, 468]
[-194, 106, 469]
[-194, 106, 470]
[-193, 106, 471]
[-193, 107, 472]
[-193, 107, 473]
[-192, 107, 474]
[-192, 108, 475]
[-191, 108, 476]
[-191, 108, 476]
[-191, 109, 477]
[-190, 109, 478]
[-190, 109, 479]
[-189, 110, 480]
[-189, 110, 481]
[-188, 110, 482]
[-188, 111, 483]
[-188, 111, 484]
[-187, 111, 485]
[-187, 112, 486]
[-186, 112, 486]
[-186, 112, 487]
[-185, 113, 488]
[-185, 113, 489]
[-184, 114, 490]
[-184, 114, 491]
[-184, 114, 491]
[-183, 115, 492]
[-183, 115, 493]
[-182, 115, 494]
[-182, 116, 495]
[-182, 116, 495]
[-181, 117, 496]
[-181, 117, 497]
[-181, 118, 498]
[-180, 118, 498]
[-180, 118, 499]
[-180, 119, 500]
[-179, 119, 500]
[-179, 120, 501]
[-179, 120, 502]
[-178, 121, 503]
[-178, 121, 503]
[-178, 121, 504]
[-178, 122, 504]
[-178, 122, 505]
[-178, 123, 506]
[-177, 123, 506]
[-177, 124, 507]
[-177, 124, 508]
[-177, 125, 508]
[-177, 125, 509]
[-177, 126, 509]
[-177, 126, 510]
[-177, 127, 510]
[-178, 127, 511]
[-178, 128, 511]
[-178, 128, 512]
[-178, 129, 512]
[-178, 129, 513]
[-179, 130, 513]
[-179, 130, 514]
[-179, 131, 514]
[-180, 131, 515]
[-180, 132, 515]
[-180, 132, 516]
[-181, 133, 516]
[-181, 133, 516]
[-182, 134, 517]
[-182, 134, 517]
[-183, 135, 518]
[-184, 135, 518]
[-184, 136, 518]
[-185, 136, 519]
[-186, 137, 519]
[-187, 137, 519]
[-188, 138, 520]
[-188, 138, 520]
[-189, 139, 520]
[-190, 139, 521]
[-191, 140, 521]
[-192, 140, 521]
[-193, 141, 521]
[-194, 142, 521]
[-196, 142, 522]
[-197, 143, 522]
[-198, 143, 522]
[-199, 144, 522]
[-200, 144, 522]
[-202, 145, 523]
[-203, 145, 523]
[-204, 146, 523]
[-206, 146, 523]
[-207, 147, 523]
[-209, 148, 523]
[-210, 148, 523]
[-212, 149, 523]
[-213, 149, 524]
[-215, 150, 524]
[-217, 150, 524]
[-218, 151, 524]
[-220, 152, 524]
[-222, 152, 524]
[-223, 153, 524]
[-225, 153, 524]
[-227, 154, 524]
[-229, 154, 524]
[-231, 155, 524]
[-232, 156, 524]
[-234, 156, 523]
[-236, 157, 523]
[-238, 157, 523]
[-240, 158, 523]
[-242, 158, 523]
[-244, 159, 523]
[-246, 160, 523]
[-248, 160, 523]
[-250, 161, 523]
[-252, 161, 522]
[-254, 162, 522]
[-256, 162, 522]
[-257, 163, 522]
[-259, 164, 522]
[-261, 164, 521]
[-263, 165, 521]
[-266, 165, 521]
[-268, 166, 521]
[-270, 166, 520]
[-272, 167, 520]
[-273, 168, 520]
[-275, 168, 519]
[-277, 169, 519]
[-279, 169, 519]
[-281, 170, 518]
[-283, 170, 518]
[-285, 171, 518]
[-287, 172, 517]
[-289, 172, 517]
[-291, 173, 517]
[-293, 173, 516]
[-295, 174, 516]
[-297, 174, 515]
[-298, 175, 515]
[-300, 176, 514]
[-302, 176, 514]
[-304, 177, 514]
[-306, 177, 513]
[-307, 178, 513]
[-309, 178, 512]
[-311, 179, 512]
[-312, 180, 511]
[-314, 180, 510]
[-316, 181, 510]
[-317, 181, 509]
[-319, 182, 509]
[-320, 182, 508]
[-322, 183, 508]
[-323, 184, 507]
[-325, 184, 506]
[-326, 185, 506]
[-327, 185, 505]
[-329, 186, 505]
[-330, 186, 504]
[-331, 187, 503]
[-332, 187, 503]
[-333, 188, 502]
[-335, 188, 501]
[-336, 189, 500]
[-337, 190, 500]
[-338, 190, 499]
[-339, 191, 498]
[-340, 191, 498]
[-341, 192, 497]
[-341, 192, 496]
[-342, 193, 495]
[-343, 193, 495]
[-344, 194, 494]
[-345, 194, 493]
[-345, 195, 492]
[-346, 195, 491]
[-347, 196, 491]
[-347, 196, 490]
[-348, 197, 489]
[-348, 197, 488]
[-349, 198, 487]
[-349, 198, 486]
[-349, 199, 485]
[-350, 199, 485]
[-350, 200, 484]
[-350, 200, 483]
[-351, 201, 482]
[-351, 201, 481]
[-351, 202, 480]
[-351, 202, 479]
[-351, 203, 478]
[-352, 203, 477]
[-352, 204, 476]
[-352, 204, 475]
[-352, 205, 474]
[-352, 205, 473]
[-352, 206, 472]
[-352, 206, 471]
[-352, 207, 470]
[-351, 207, 469]
[-351, 208, 468]
[-351, 208, 467]
[-351, 209, 466]
[-351, 209, 465]
[-351, 209, 464]
[-350, 210, 463]
[-350, 210, 462]
[-350, 211, 461]
[-349, 211, 460]
[-349, 212, 459]
[-349, 212, 458]
[-348, 212, 457]
[-348, 213, 455]
[-348, 213, 454]
[-347, 214, 453]
[-347, 214, 452]
[-347, 215, 451]
[-346, 215, 450]
[-346, 215, 449]
[-345, 216, 448]
[-345, 216, 446]
[-345, 216, 445]
[-344, 217, 444]
[-344, 217, 443]
[-343, 218, 442]
[-343, 218, 441]
[-342, 218, 439]
[-342, 219, 438]
[-341, 219, 437]
[-341, 219, 436]
[-341, 220, 435]
[-340, 220, 433]
[-340, 220, 432]
[-339, 221, 431]
[-339, 221, 430]
[-338, 221, 429]
[-338, 222, 427]
[-338, 222, 426]
[-337, 222, 425]
[-337, 223, 424]
[-336, 223, 422]
[-336, 223, 421]
[-336, 224, 420]
[-335, 224, 419]
[-335, 224, 417]
[-335, 225, 416]
[-334, 225, 415]
[-334, 225, 414]
[-334, 225, 412]
[-333, 226, 411]
[-333, 226, 410]
[-333, 226, 409]
[-332, 226, 407]
[-332, 227, 406]
[-332, 227, 405]
[-332, 227, 403]
[-332, 227, 402]
[-331, 228, 401]
[-331, 228, 400]
[-331, 228, 398]
[-331, 228, 397]
[-331, 228, 396]
[-331, 229, 394]
[-330, 229, 393]
[-330, 229, 392]
[-330, 229, 391]
[-330, 229, 389]
[-330, 230, 388]
[-330, 230, 387]
[-330, 230, 385]
[-330, 230, 384]
[-330, 230, 383]
[-330, 230, 382]
[-330, 230, 380]
[-330, 231, 379]
[-330, 231, 378]
[-330, 231, 376]
[-330, 231, 375]
[-330, 231, 374]
[-330, 231, 372]
[-330, 231, 371]
[-330, 231, 370]
[-330, 231, 369]
[-330, 232, 367]
[-330, 232, 366]
[-330, 232, 365]
[-330, 232, 363]
[-330, 232, 362]
[-330, 232, 361]
[-330, 232, 360]
[-330, 232, 358]
[-330, 232, 357]
[-330, 232, 356]
[-330, 232, 355]
[-330, 232, 353]
[-330, 232, 352]
