# Curve Parameters
# y_end: 234
# loops: 1
# A (south bulge): 120
# B (lateral wiggle): 30
# samples: 350
#
# Analysis Results
# max_grade: 0.908864
# length_3d: 359.86
# length_2d: 326.08
# min_horiz_step: 0.210616
# status: OK
#
# Coordinates (x, y, z)
#==================================================

[-199, 98, 410]
[-199, 98, 411]
[-199, 98, 412]
[-199, 98, 413]
[-199, 98, 414]
[-199, 98, 415]
[-199, 98, 416]
[-199, 98, 417]
[-199, 98, 419]
[-199, 98, 420]
[-199, 98, 421]
[-199, 98, 422]
[-199, 98, 423]
[-199, 99, 424]
[-199, 99, 425]
[-200, 99, 426]
[-200, 99, 427]
[-200, 99, 428]
[-200, 99, 429]
[-200, 99, 430]
[-200, 99, 431]
[-200, 99, 432]
[-200, 100, 433]
[-200, 100, 434]
[-200, 100, 435]
[-200, 100, 436]
[-200, 100, 437]
[-200, 100, 438]
[-200, 100, 439]
[-201, 101, 440]
[-201, 101, 441]
[-201, 101, 442]
[-201, 101, 443]
[-201, 101, 444]
[-201, 102, 445]
[-201, 102, 446]
[-201, 102, 446]
[-201, 102, 447]
[-201, 102, 448]
[-201, 103, 449]
[-201, 103, 450]
[-201, 103, 451]
[-201, 103, 452]
[-201, 104, 453]
[-202, 104, 454]
[-202, 104, 455]
[-202, 104, 456]
[-202, 105, 456]
[-202, 105, 457]
[-202, 105, 458]
[-202, 106, 459]
[-202, 106, 460]
[-202, 106, 461]
[-202, 106, 461]
[-202, 107, 462]
[-202, 107, 463]
[-202, 107, 464]
[-202, 108, 465]
[-202, 108, 466]
[-202, 108, 466]
[-202, 109, 467]
[-202, 109, 468]
[-202, 109, 469]
[-202, 110, 469]
[-202, 110, 470]
[-203, 110, 471]
[-203, 111, 472]
[-203, 111, 472]
[-203, 111, 473]
[-203, 112, 474]
[-203, 112, 475]
[-203, 113, 475]
[-203, 113, 476]
[-203, 113, 477]
[-203, 114, 477]
[-203, 114, 478]
[-203, 115, 479]
[-203, 115, 479]
[-203, 115, 480]
[-203, 116, 481]
[-204, 116, 481]
[-204, 117, 482]
[-204, 117, 483]
[-204, 117, 483]
[-204, 118, 484]
[-204, 118, 484]
[-204, 119, 485]
[-204, 119, 486]
[-205, 120, 486]
[-205, 120, 487]
[-205, 120, 487]
[-205, 121, 488]
[-205, 121, 488]
[-205, 122, 489]
[-206, 122, 489]
[-206, 123, 490]
[-206, 123, 491]
[-206, 124, 491]
[-207, 124, 492]
[-207, 125, 492]
[-207, 125, 492]
[-207, 126, 493]
[-208, 126, 493]
[-208, 127, 494]
[-208, 127, 494]
[-209, 128, 495]
[-209, 128, 495]
[-209, 129, 496]
[-210, 129, 496]
[-210, 130, 496]
[-211, 130, 497]
[-211, 131, 497]
[-211, 131, 497]
[-212, 132, 498]
[-212, 132, 498]
[-213, 133, 498]
[-213, 133, 499]
[-214, 134, 499]
[-214, 134, 499]
[-215, 135, 500]
[-215, 135, 500]
[-216, 136, 500]
[-217, 136, 501]
[-217, 137, 501]
[-218, 137, 501]
[-218, 138, 501]
[-219, 138, 502]
[-220, 139, 502]
[-220, 139, 502]
[-221, 140, 502]
[-222, 141, 502]
[-222, 141, 503]
[-223, 142, 503]
[-224, 142, 503]
[-225, 143, 503]
[-225, 143, 503]
[-226, 144, 503]
[-227, 144, 503]
[-228, 145, 504]
[-229, 146, 504]
[-230, 146, 504]
[-230, 147, 504]
[-231, 147, 504]
[-232, 148, 504]
[-233, 148, 504]
[-234, 149, 504]
[-235, 149, 504]
[-236, 150, 504]
[-237, 151, 504]
[-238, 151, 504]
[-239, 152, 504]
[-240, 152, 504]
[-241, 153, 504]
[-242, 153, 504]
[-243, 154, 504]
[-244, 155, 504]
[-245, 155, 504]
[-246, 156, 504]
[-247, 156, 504]
[-248, 157, 504]
[-249, 158, 504]
[-250, 158, 503]
[-251, 159, 503]
[-252, 159, 503]
[-253, 160, 503]
[-254, 160, 503]
[-255, 161, 503]
[-256, 162, 503]
[-257, 162, 502]
[-258, 163, 502]
[-260, 163, 502]
[-261, 164, 502]
[-262, 165, 502]
[-263, 165, 501]
[-264, 166, 501]
[-265, 166, 501]
[-266, 167, 501]
[-267, 167, 500]
[-268, 168, 500]
[-269, 169, 500]
[-271, 169, 499]
[-272, 170, 499]
[-273, 170, 499]
[-274, 171, 499]
[-275, 172, 498]
[-276, 172, 498]
[-277, 173, 497]
[-278, 173, 497]
[-279, 174, 497]
[-280, 174, 496]
[-281, 175, 496]
[-282, 176, 496]
[-283, 176, 495]
[-284, 177, 495]
[-285, 177, 494]
[-286, 178, 494]
[-287, 179, 493]
[-288, 179, 493]
[-289, 180, 493]
[-290, 180, 492]
[-291, 181, 492]
[-292, 181, 491]
[-293, 182, 491]
[-294, 183, 490]
[-295, 183, 490]
[-296, 184, 489]
[-297, 184, 488]
[-298, 185, 488]
[-299, 185, 487]
[-299, 186, 487]
[-300, 186, 486]
[-301, 187, 486]
[-302, 188, 485]
[-303, 188, 484]
[-304, 189, 484]
[-304, 189, 483]
[-305, 190, 483]
[-306, 190, 482]
[-307, 191, 481]
[-307, 191, 481]
[-308, 192, 480]
[-309, 193, 479]
[-309, 193, 479]
[-310, 194, 478]
[-311, 194, 477]
[-311, 195, 477]
[-312, 195, 476]
[-312, 196, 475]
[-313, 196, 474]
[-314, 197, 474]
[-314, 197, 473]
[-315, 198, 472]
[-315, 198, 471]
[-316, 199, 471]
[-316, 199, 470]
[-317, 200, 469]
[-317, 200, 468]
[-318, 201, 468]
[-318, 201, 467]
[-318, 202, 466]
[-319, 202, 465]
[-319, 203, 464]
[-320, 203, 464]
[-320, 204, 463]
[-320, 204, 462]
[-321, 205, 461]
[-321, 205, 460]
[-321, 206, 459]
[-322, 206, 458]
[-322, 207, 458]
[-322, 207, 457]
[-322, 208, 456]
[-323, 208, 455]
[-323, 209, 454]
[-323, 209, 453]
[-323, 210, 452]
[-324, 210, 451]
[-324, 211, 450]
[-324, 211, 449]
[-324, 212, 449]
[-324, 212, 448]
[-324, 212, 447]
[-325, 213, 446]
[-325, 213, 445]
[-325, 214, 444]
[-325, 214, 443]
[-325, 215, 442]
[-325, 215, 441]
[-325, 215, 440]
[-325, 216, 439]
[-326, 216, 438]
[-326, 217, 437]
[-326, 217, 436]
[-326, 217, 435]
[-326, 218, 434]
[-326, 218, 433]
[-326, 219, 432]
[-326, 219, 431]
[-326, 219, 430]
[-326, 220, 429]
[-326, 220, 428]
[-326, 221, 427]
[-326, 221, 426]
[-326, 221, 425]
[-326, 222, 424]
[-327, 222, 423]
[-327, 222, 421]
[-327, 223, 420]
[-327, 223, 419]
[-327, 223, 418]
[-327, 224, 417]
[-327, 224, 416]
[-327, 224, 415]
[-327, 225, 414]
[-327, 225, 413]
[-327, 225, 412]
[-327, 226, 411]
[-327, 226, 410]
[-327, 226, 409]
[-327, 226, 407]
[-327, 227, 406]
[-327, 227, 405]
[-327, 227, 404]
[-327, 228, 403]
[-327, 228, 402]
[-327, 228, 401]
[-328, 228, 400]
[-328, 229, 399]
[-328, 229, 398]
[-328, 229, 396]
[-328, 229, 395]
[-328, 230, 394]
[-328, 230, 393]
[-328, 230, 392]
[-328, 230, 391]
[-328, 230, 390]
[-328, 231, 389]
[-328, 231, 387]
[-328, 231, 386]
[-328, 231, 385]
[-328, 231, 384]
[-329, 232, 383]
[-329, 232, 382]
[-329, 232, 381]
[-329, 232, 380]
[-329, 232, 379]
[-329, 232, 377]
[-329, 232, 376]
[-329, 233, 375]
[-329, 233, 374]
[-329, 233, 373]
[-329, 233, 372]
[-329, 233, 371]
[-329, 233, 370]
[-329, 233, 368]
[-330, 233, 367]
[-330, 233, 366]
[-330, 234, 365]
[-330, 234, 364]
[-330, 234, 363]
[-330, 234, 362]
[-330, 234, 361]
[-330, 234, 360]
[-330, 234, 359]
[-330, 234, 357]
[-330, 234, 356]
[-330, 234, 355]
[-330, 234, 354]
[-330, 234, 353]
[-330, 234, 352]
