# Curve Parameters
# y_end: 242
# loops: 1
# A (south bulge): 140
# B (lateral wiggle): 20
# samples: 350
#
# Analysis Results
# max_grade: 0.854684
# length_3d: 389.11
# length_2d: 352.40
# min_horiz_step: 0.249812
# status: OK
#
# Coordinates (x, y, z)
#==================================================

[-199, 98, 410]
[-199, 98, 411]
[-199, 98, 413]
[-199, 98, 414]
[-199, 98, 415]
[-199, 98, 416]
[-199, 98, 418]
[-199, 98, 419]
[-199, 98, 420]
[-199, 98, 421]
[-199, 98, 422]
[-199, 98, 424]
[-199, 98, 425]
[-199, 99, 426]
[-200, 99, 427]
[-200, 99, 429]
[-200, 99, 430]
[-200, 99, 431]
[-200, 99, 432]
[-200, 99, 433]
[-200, 99, 435]
[-200, 100, 436]
[-200, 100, 437]
[-200, 100, 438]
[-200, 100, 439]
[-200, 100, 440]
[-201, 100, 442]
[-201, 100, 443]
[-201, 101, 444]
[-201, 101, 445]
[-201, 101, 446]
[-201, 101, 447]
[-201, 101, 448]
[-201, 102, 450]
[-201, 102, 451]
[-202, 102, 452]
[-202, 102, 453]
[-202, 103, 454]
[-202, 103, 455]
[-202, 103, 456]
[-202, 103, 457]
[-202, 103, 458]
[-202, 104, 459]
[-202, 104, 460]
[-203, 104, 461]
[-203, 105, 463]
[-203, 105, 464]
[-203, 105, 465]
[-203, 105, 466]
[-203, 106, 467]
[-203, 106, 468]
[-203, 106, 469]
[-204, 107, 470]
[-204, 107, 471]
[-204, 107, 472]
[-204, 108, 473]
[-204, 108, 474]
[-204, 108, 475]
[-204, 109, 476]
[-204, 109, 476]
[-205, 109, 477]
[-205, 110, 478]
[-205, 110, 479]
[-205, 110, 480]
[-205, 111, 481]
[-205, 111, 482]
[-205, 112, 483]
[-206, 112, 484]
[-206, 112, 485]
[-206, 113, 486]
[-206, 113, 486]
[-206, 113, 487]
[-206, 114, 488]
[-207, 114, 489]
[-207, 115, 490]
[-207, 115, 491]
[-207, 116, 491]
[-207, 116, 492]
[-207, 116, 493]
[-208, 117, 494]
[-208, 117, 495]
[-208, 118, 495]
[-208, 118, 496]
[-208, 119, 497]
[-209, 119, 498]
[-209, 119, 498]
[-209, 120, 499]
[-209, 120, 500]
[-210, 121, 500]
[-210, 121, 501]
[-210, 122, 502]
[-210, 122, 503]
[-211, 123, 503]
[-211, 123, 504]
[-211, 124, 504]
[-212, 124, 505]
[-212, 125, 506]
[-212, 125, 506]
[-212, 126, 507]
[-213, 126, 508]
[-213, 127, 508]
[-213, 127, 509]
[-214, 128, 509]
[-214, 128, 510]
[-215, 129, 510]
[-215, 129, 511]
[-215, 130, 511]
[-216, 130, 512]
[-216, 131, 512]
[-217, 131, 513]
[-217, 132, 513]
[-217, 132, 514]
[-218, 133, 514]
[-218, 134, 515]
[-219, 134, 515]
[-219, 135, 516]
[-220, 135, 516]
[-220, 136, 516]
[-221, 136, 517]
[-221, 137, 517]
[-222, 137, 518]
[-222, 138, 518]
[-223, 138, 518]
[-224, 139, 519]
[-224, 140, 519]
[-225, 140, 519]
[-225, 141, 520]
[-226, 141, 520]
[-227, 142, 520]
[-227, 142, 521]
[-228, 143, 521]
[-228, 144, 521]
[-229, 144, 521]
[-230, 145, 521]
[-230, 145, 522]
[-231, 146, 522]
[-232, 147, 522]
[-233, 147, 522]
[-233, 148, 522]
[-234, 148, 523]
[-235, 149, 523]
[-236, 150, 523]
[-236, 150, 523]
[-237, 151, 523]
[-238, 151, 523]
[-239, 152, 523]
[-239, 153, 523]
[-240, 153, 524]
[-241, 154, 524]
[-242, 154, 524]
[-243, 155, 524]
[-243, 156, 524]
[-244, 156, 524]
[-245, 157, 524]
[-246, 157, 524]
[-247, 158, 524]
[-248, 159, 524]
[-249, 159, 524]
[-250, 160, 524]
[-250, 160, 523]
[-251, 161, 523]
[-252, 162, 523]
[-253, 162, 523]
[-254, 163, 523]
[-255, 164, 523]
[-256, 164, 523]
[-257, 165, 523]
[-258, 165, 523]
[-259, 166, 522]
[-259, 167, 522]
[-260, 167, 522]
[-261, 168, 522]
[-262, 168, 522]
[-263, 169, 521]
[-264, 170, 521]
[-265, 170, 521]
[-266, 171, 521]
[-267, 172, 520]
[-268, 172, 520]
[-269, 173, 520]
[-270, 173, 519]
[-270, 174, 519]
[-271, 175, 519]
[-272, 175, 518]
[-273, 176, 518]
[-274, 176, 518]
[-275, 177, 517]
[-276, 178, 517]
[-277, 178, 517]
[-278, 179, 516]
[-279, 180, 516]
[-279, 180, 515]
[-280, 181, 515]
[-281, 181, 514]
[-282, 182, 514]
[-283, 183, 514]
[-284, 183, 513]
[-285, 184, 513]
[-286, 184, 512]
[-286, 185, 512]
[-287, 186, 511]
[-288, 186, 510]
[-289, 187, 510]
[-290, 187, 509]
[-290, 188, 509]
[-291, 189, 508]
[-292, 189, 508]
[-293, 190, 507]
[-293, 190, 506]
[-294, 191, 506]
[-295, 192, 505]
[-296, 192, 505]
[-296, 193, 504]
[-297, 193, 503]
[-298, 194, 503]
[-299, 195, 502]
[-299, 195, 501]
[-300, 196, 500]
[-301, 196, 500]
[-301, 197, 499]
[-302, 198, 498]
[-302, 198, 498]
[-303, 199, 497]
[-304, 199, 496]
[-304, 200, 495]
[-305, 200, 495]
[-305, 201, 494]
[-306, 202, 493]
[-307, 202, 492]
[-307, 203, 491]
[-308, 203, 491]
[-308, 204, 490]
[-309, 204, 489]
[-309, 205, 488]
[-310, 205, 487]
[-310, 206, 486]
[-311, 206, 485]
[-311, 207, 485]
[-312, 208, 484]
[-312, 208, 483]
[-312, 209, 482]
[-313, 209, 481]
[-313, 210, 480]
[-314, 210, 479]
[-314, 211, 478]
[-314, 211, 477]
[-315, 212, 476]
[-315, 212, 475]
[-316, 213, 474]
[-316, 213, 473]
[-316, 214, 472]
[-317, 214, 471]
[-317, 215, 470]
[-317, 215, 469]
[-317, 216, 468]
[-318, 216, 467]
[-318, 217, 466]
[-318, 217, 465]
[-319, 218, 464]
[-319, 218, 463]
[-319, 219, 462]
[-319, 219, 461]
[-320, 220, 460]
[-320, 220, 459]
[-320, 221, 458]
[-320, 221, 457]
[-321, 221, 455]
[-321, 222, 454]
[-321, 222, 453]
[-321, 223, 452]
[-321, 223, 451]
[-322, 224, 450]
[-322, 224, 449]
[-322, 224, 448]
[-322, 225, 446]
[-322, 225, 445]
[-322, 226, 444]
[-323, 226, 443]
[-323, 227, 442]
[-323, 227, 441]
[-323, 227, 439]
[-323, 228, 438]
[-323, 228, 437]
[-324, 228, 436]
[-324, 229, 435]
[-324, 229, 433]
[-324, 230, 432]
[-324, 230, 431]
[-324, 230, 430]
[-324, 231, 429]
[-325, 231, 427]
[-325, 231, 426]
[-325, 232, 425]
[-325, 232, 424]
[-325, 232, 422]
[-325, 233, 421]
[-325, 233, 420]
[-325, 233, 419]
[-326, 234, 417]
[-326, 234, 416]
[-326, 234, 415]
[-326, 235, 414]
[-326, 235, 412]
[-326, 235, 411]
[-326, 235, 410]
[-326, 236, 409]
[-327, 236, 407]
[-327, 236, 406]
[-327, 237, 405]
[-327, 237, 403]
[-327, 237, 402]
[-327, 237, 401]
[-327, 237, 400]
[-327, 238, 398]
[-327, 238, 397]
[-328, 238, 396]
[-328, 238, 394]
[-328, 239, 393]
[-328, 239, 392]
[-328, 239, 391]
[-328, 239, 389]
[-328, 239, 388]
[-328, 240, 387]
[-328, 240, 385]
[-329, 240, 384]
[-329, 240, 383]
[-329, 240, 382]
[-329, 240, 380]
[-329, 240, 379]
[-329, 241, 378]
[-329, 241, 376]
[-329, 241, 375]
[-329, 241, 374]
[-329, 241, 372]
[-329, 241, 371]
[-329, 241, 370]
[-330, 241, 369]
[-330, 242, 367]
[-330, 242, 366]
[-330, 242, 365]
[-330, 242, 363]
[-330, 242, 362]
[-330, 242, 361]
[-330, 242, 360]
[-330, 242, 358]
[-330, 242, 357]
[-330, 242, 356]
[-330, 242, 355]
[-330, 242, 353]
[-330, 242, 352]
