# Curve Parameters
# y_end: 226
# loops: 1
# A (south bulge): 100
# B (lateral wiggle): 20
# samples: 350
#
# Analysis Results
# max_grade: 0.926689
# length_3d: 314.89
# length_2d: 281.12
# min_horiz_step: 0.190791
# status: OK
#
# Coordinates (x, y, z)
#==================================================

[-199, 98, 410]
[-199, 98, 411]
[-199, 98, 412]
[-199, 98, 413]
[-199, 98, 414]
[-199, 98, 414]
[-199, 98, 415]
[-199, 98, 416]
[-199, 98, 417]
[-199, 98, 418]
[-199, 98, 419]
[-199, 98, 420]
[-199, 98, 421]
[-199, 99, 421]
[-200, 99, 422]
[-200, 99, 423]
[-200, 99, 424]
[-200, 99, 425]
[-200, 99, 426]
[-200, 99, 427]
[-200, 99, 427]
[-200, 99, 428]
[-200, 99, 429]
[-200, 100, 430]
[-200, 100, 431]
[-200, 100, 431]
[-201, 100, 432]
[-201, 100, 433]
[-201, 100, 434]
[-201, 101, 435]
[-201, 101, 435]
[-201, 101, 436]
[-201, 101, 437]
[-201, 101, 438]
[-201, 101, 439]
[-202, 102, 439]
[-202, 102, 440]
[-202, 102, 441]
[-202, 102, 442]
[-202, 102, 442]
[-202, 103, 443]
[-202, 103, 444]
[-202, 103, 445]
[-202, 103, 445]
[-203, 104, 446]
[-203, 104, 447]
[-203, 104, 447]
[-203, 104, 448]
[-203, 105, 449]
[-203, 105, 450]
[-203, 105, 450]
[-203, 105, 451]
[-204, 106, 452]
[-204, 106, 452]
[-204, 106, 453]
[-204, 107, 454]
[-204, 107, 454]
[-204, 107, 455]
[-204, 107, 456]
[-204, 108, 456]
[-205, 108, 457]
[-205, 108, 457]
[-205, 109, 458]
[-205, 109, 459]
[-205, 109, 459]
[-205, 110, 460]
[-205, 110, 461]
[-206, 110, 461]
[-206, 111, 462]
[-206, 111, 462]
[-206, 111, 463]
[-206, 112, 463]
[-206, 112, 464]
[-207, 112, 465]
[-207, 113, 465]
[-207, 113, 466]
[-207, 114, 466]
[-207, 114, 467]
[-207, 114, 467]
[-208, 115, 468]
[-208, 115, 468]
[-208, 115, 469]
[-208, 116, 469]
[-208, 116, 470]
[-209, 117, 470]
[-209, 117, 471]
[-209, 117, 471]
[-209, 118, 472]
[-210, 118, 472]
[-210, 119, 472]
[-210, 119, 473]
[-210, 120, 473]
[-211, 120, 474]
[-211, 120, 474]
[-211, 121, 475]
[-212, 121, 475]
[-212, 122, 475]
[-212, 122, 476]
[-212, 123, 476]
[-213, 123, 476]
[-213, 124, 477]
[-213, 124, 477]
[-214, 124, 477]
[-214, 125, 478]
[-215, 125, 478]
[-215, 126, 478]
[-215, 126, 479]
[-216, 127, 479]
[-216, 127, 479]
[-217, 128, 480]
[-217, 128, 480]
[-217, 129, 480]
[-218, 129, 481]
[-218, 130, 481]
[-219, 130, 481]
[-219, 131, 481]
[-220, 131, 481]
[-220, 132, 482]
[-221, 132, 482]
[-221, 132, 482]
[-222, 133, 482]
[-222, 133, 483]
[-223, 134, 483]
[-224, 134, 483]
[-224, 135, 483]
[-225, 135, 483]
[-225, 136, 483]
[-226, 137, 484]
[-227, 137, 484]
[-227, 138, 484]
[-228, 138, 484]
[-228, 139, 484]
[-229, 139, 484]
[-230, 140, 484]
[-230, 140, 484]
[-231, 141, 484]
[-232, 141, 484]
[-233, 142, 485]
[-233, 142, 485]
[-234, 143, 485]
[-235, 143, 485]
[-236, 144, 485]
[-236, 144, 485]
[-237, 145, 485]
[-238, 145, 485]
[-239, 146, 485]
[-239, 146, 485]
[-240, 147, 485]
[-241, 148, 485]
[-242, 148, 485]
[-243, 149, 485]
[-243, 149, 485]
[-244, 150, 485]
[-245, 150, 484]
[-246, 151, 484]
[-247, 151, 484]
[-248, 152, 484]
[-249, 152, 484]
[-250, 153, 484]
[-250, 153, 484]
[-251, 154, 484]
[-252, 155, 484]
[-253, 155, 483]
[-254, 156, 483]
[-255, 156, 483]
[-256, 157, 483]
[-257, 157, 483]
[-258, 158, 483]
[-259, 158, 482]
[-259, 159, 482]
[-260, 160, 482]
[-261, 160, 482]
[-262, 161, 482]
[-263, 161, 481]
[-264, 162, 481]
[-265, 162, 481]
[-266, 163, 481]
[-267, 163, 480]
[-268, 164, 480]
[-269, 164, 480]
[-270, 165, 480]
[-270, 166, 479]
[-271, 166, 479]
[-272, 167, 479]
[-273, 167, 478]
[-274, 168, 478]
[-275, 168, 478]
[-276, 169, 477]
[-277, 169, 477]
[-278, 170, 477]
[-279, 171, 476]
[-279, 171, 476]
[-280, 172, 475]
[-281, 172, 475]
[-282, 173, 475]
[-283, 173, 474]
[-284, 174, 474]
[-285, 174, 473]
[-286, 175, 473]
[-286, 175, 473]
[-287, 176, 472]
[-288, 176, 472]
[-289, 177, 471]
[-290, 178, 471]
[-290, 178, 470]
[-291, 179, 470]
[-292, 179, 469]
[-293, 180, 469]
[-293, 180, 468]
[-294, 181, 468]
[-295, 181, 467]
[-296, 182, 467]
[-296, 182, 466]
[-297, 183, 466]
[-298, 183, 465]
[-299, 184, 465]
[-299, 184, 464]
[-300, 185, 463]
[-301, 185, 463]
[-301, 186, 462]
[-302, 186, 462]
[-302, 187, 461]
[-303, 187, 460]
[-304, 188, 460]
[-304, 189, 459]
[-305, 189, 459]
[-305, 190, 458]
[-306, 190, 457]
[-307, 191, 457]
[-307, 191, 456]
[-308, 192, 455]
[-308, 192, 455]
[-309, 192, 454]
[-309, 193, 453]
[-310, 193, 453]
[-310, 194, 452]
[-311, 194, 451]
[-311, 195, 451]
[-312, 195, 450]
[-312, 196, 449]
[-312, 196, 449]
[-313, 197, 448]
[-313, 197, 447]
[-314, 198, 446]
[-314, 198, 446]
[-314, 199, 445]
[-315, 199, 444]
[-315, 200, 443]
[-316, 200, 443]
[-316, 200, 442]
[-316, 201, 441]
[-317, 201, 440]
[-317, 202, 440]
[-317, 202, 439]
[-317, 203, 438]
[-318, 203, 437]
[-318, 204, 436]
[-318, 204, 436]
[-319, 204, 435]
[-319, 205, 434]
[-319, 205, 433]
[-319, 206, 432]
[-320, 206, 432]
[-320, 207, 431]
[-320, 207, 430]
[-320, 207, 429]
[-321, 208, 428]
[-321, 208, 427]
[-321, 209, 427]
[-321, 209, 426]
[-321, 209, 425]
[-322, 210, 424]
[-322, 210, 423]
[-322, 210, 422]
[-322, 211, 421]
[-322, 211, 421]
[-322, 212, 420]
[-323, 212, 419]
[-323, 212, 418]
[-323, 213, 417]
[-323, 213, 416]
[-323, 213, 415]
[-323, 214, 414]
[-324, 214, 413]
[-324, 214, 413]
[-324, 215, 412]
[-324, 215, 411]
[-324, 215, 410]
[-324, 216, 409]
[-324, 216, 408]
[-325, 216, 407]
[-325, 217, 406]
[-325, 217, 405]
[-325, 217, 404]
[-325, 217, 403]
[-325, 218, 402]
[-325, 218, 402]
[-325, 218, 401]
[-326, 219, 400]
[-326, 219, 399]
[-326, 219, 398]
[-326, 219, 397]
[-326, 220, 396]
[-326, 220, 395]
[-326, 220, 394]
[-326, 220, 393]
[-327, 221, 392]
[-327, 221, 391]
[-327, 221, 390]
[-327, 221, 389]
[-327, 222, 388]
[-327, 222, 387]
[-327, 222, 387]
[-327, 222, 386]
[-327, 222, 385]
[-328, 223, 384]
[-328, 223, 383]
[-328, 223, 382]
[-328, 223, 381]
[-328, 223, 380]
[-328, 223, 379]
[-328, 224, 378]
[-328, 224, 377]
[-328, 224, 376]
[-329, 224, 375]
[-329, 224, 374]
[-329, 224, 373]
[-329, 225, 372]
[-329, 225, 371]
[-329, 225, 370]
[-329, 225, 370]
[-329, 225, 369]
[-329, 225, 368]
[-329, 225, 367]
[-329, 225, 366]
[-329, 225, 365]
[-330, 225, 364]
[-330, 226, 363]
[-330, 226, 362]
[-330, 226, 361]
[-330, 226, 360]
[-330, 226, 359]
[-330, 226, 358]
[-330, 226, 357]
[-330, 226, 357]
[-330, 226, 356]
[-330, 226, 355]
[-330, 226, 354]
[-330, 226, 353]
[-330, 226, 352]
