# Curve Parameters
# y_end: 236
# loops: 1
# A (south bulge): 140
# B (lateral wiggle): 30
# samples: 350
#
# Analysis Results
# max_grade: 0.819814
# length_3d: 394.72
# length_2d: 362.28
# min_horiz_step: 0.243295
# status: OK
#
# Coordinates (x, y, z)
#==================================================

[-199, 98, 410]
[-199, 98, 411]
[-199, 98, 413]
[-199, 98, 414]
[-199, 98, 415]
[-199, 98, 416]
[-199, 98, 418]
[-199, 98, 419]
[-199, 98, 420]
[-199, 98, 421]
[-199, 98, 422]
[-199, 98, 424]
[-199, 98, 425]
[-199, 99, 426]
[-199, 99, 427]
[-200, 99, 429]
[-200, 99, 430]
[-200, 99, 431]
[-200, 99, 432]
[-200, 99, 433]
[-200, 99, 435]
[-200, 99, 436]
[-200, 100, 437]
[-200, 100, 438]
[-200, 100, 439]
[-200, 100, 440]
[-200, 100, 442]
[-200, 100, 443]
[-200, 101, 444]
[-201, 101, 445]
[-201, 101, 446]
[-201, 101, 447]
[-201, 101, 448]
[-201, 101, 450]
[-201, 102, 451]
[-201, 102, 452]
[-201, 102, 453]
[-201, 102, 454]
[-201, 103, 455]
[-201, 103, 456]
[-201, 103, 457]
[-201, 103, 458]
[-201, 104, 459]
[-201, 104, 460]
[-202, 104, 461]
[-202, 104, 463]
[-202, 105, 464]
[-202, 105, 465]
[-202, 105, 466]
[-202, 105, 467]
[-202, 106, 468]
[-202, 106, 469]
[-202, 106, 470]
[-202, 107, 471]
[-202, 107, 472]
[-202, 107, 473]
[-202, 108, 474]
[-202, 108, 475]
[-202, 108, 476]
[-202, 108, 476]
[-202, 109, 477]
[-202, 109, 478]
[-202, 110, 479]
[-202, 110, 480]
[-202, 110, 481]
[-203, 111, 482]
[-203, 111, 483]
[-203, 111, 484]
[-203, 112, 485]
[-203, 112, 486]
[-203, 112, 486]
[-203, 113, 487]
[-203, 113, 488]
[-203, 114, 489]
[-203, 114, 490]
[-203, 114, 491]
[-203, 115, 491]
[-203, 115, 492]
[-203, 116, 493]
[-203, 116, 494]
[-204, 116, 495]
[-204, 117, 495]
[-204, 117, 496]
[-204, 118, 497]
[-204, 118, 498]
[-204, 119, 498]
[-204, 119, 499]
[-204, 119, 500]
[-205, 120, 500]
[-205, 120, 501]
[-205, 121, 502]
[-205, 121, 503]
[-205, 122, 503]
[-205, 122, 504]
[-206, 123, 504]
[-206, 123, 505]
[-206, 124, 506]
[-206, 124, 506]
[-207, 125, 507]
[-207, 125, 508]
[-207, 125, 508]
[-207, 126, 509]
[-208, 126, 509]
[-208, 127, 510]
[-208, 127, 510]
[-209, 128, 511]
[-209, 128, 511]
[-209, 129, 512]
[-210, 129, 512]
[-210, 130, 513]
[-211, 130, 513]
[-211, 131, 514]
[-211, 132, 514]
[-212, 132, 515]
[-212, 133, 515]
[-213, 133, 516]
[-213, 134, 516]
[-214, 134, 516]
[-214, 135, 517]
[-215, 135, 517]
[-215, 136, 518]
[-216, 136, 518]
[-217, 137, 518]
[-217, 137, 519]
[-218, 138, 519]
[-218, 138, 519]
[-219, 139, 520]
[-220, 140, 520]
[-220, 140, 520]
[-221, 141, 521]
[-222, 141, 521]
[-222, 142, 521]
[-223, 142, 521]
[-224, 143, 521]
[-225, 143, 522]
[-225, 144, 522]
[-226, 145, 522]
[-227, 145, 522]
[-228, 146, 522]
[-229, 146, 523]
[-230, 147, 523]
[-230, 147, 523]
[-231, 148, 523]
[-232, 149, 523]
[-233, 149, 523]
[-234, 150, 523]
[-235, 150, 523]
[-236, 151, 524]
[-237, 151, 524]
[-238, 152, 524]
[-239, 153, 524]
[-240, 153, 524]
[-241, 154, 524]
[-242, 154, 524]
[-243, 155, 524]
[-244, 155, 524]
[-245, 156, 524]
[-246, 157, 524]
[-247, 157, 524]
[-248, 158, 523]
[-249, 158, 523]
[-250, 159, 523]
[-251, 160, 523]
[-252, 160, 523]
[-253, 161, 523]
[-254, 161, 523]
[-255, 162, 523]
[-256, 163, 523]
[-257, 163, 522]
[-258, 164, 522]
[-260, 164, 522]
[-261, 165, 522]
[-262, 166, 522]
[-263, 166, 521]
[-264, 167, 521]
[-265, 167, 521]
[-266, 168, 521]
[-267, 168, 520]
[-268, 169, 520]
[-269, 170, 520]
[-271, 170, 519]
[-272, 171, 519]
[-273, 171, 519]
[-274, 172, 518]
[-275, 173, 518]
[-276, 173, 518]
[-277, 174, 517]
[-278, 174, 517]
[-279, 175, 517]
[-280, 176, 516]
[-281, 176, 516]
[-282, 177, 515]
[-283, 177, 515]
[-284, 178, 514]
[-285, 179, 514]
[-286, 179, 514]
[-287, 180, 513]
[-288, 180, 513]
[-289, 181, 512]
[-290, 181, 512]
[-291, 182, 511]
[-292, 183, 510]
[-293, 183, 510]
[-294, 184, 509]
[-295, 184, 509]
[-296, 185, 508]
[-297, 185, 508]
[-298, 186, 507]
[-299, 187, 506]
[-299, 187, 506]
[-300, 188, 505]
[-301, 188, 505]
[-302, 189, 504]
[-303, 189, 503]
[-304, 190, 503]
[-304, 191, 502]
[-305, 191, 501]
[-306, 192, 500]
[-307, 192, 500]
[-307, 193, 499]
[-308, 193, 498]
[-309, 194, 498]
[-309, 194, 497]
[-310, 195, 496]
[-311, 196, 495]
[-311, 196, 495]
[-312, 197, 494]
[-312, 197, 493]
[-313, 198, 492]
[-314, 198, 491]
[-314, 199, 491]
[-315, 199, 490]
[-315, 200, 489]
[-316, 200, 488]
[-316, 201, 487]
[-317, 201, 486]
[-317, 202, 485]
[-318, 202, 485]
[-318, 203, 484]
[-318, 204, 483]
[-319, 204, 482]
[-319, 205, 481]
[-320, 205, 480]
[-320, 206, 479]
[-320, 206, 478]
[-321, 207, 477]
[-321, 207, 476]
[-321, 208, 475]
[-322, 208, 474]
[-322, 209, 473]
[-322, 209, 472]
[-322, 209, 471]
[-323, 210, 470]
[-323, 210, 469]
[-323, 211, 468]
[-323, 211, 467]
[-324, 212, 466]
[-324, 212, 465]
[-324, 213, 464]
[-324, 213, 463]
[-324, 214, 462]
[-324, 214, 461]
[-325, 215, 460]
[-325, 215, 459]
[-325, 215, 458]
[-325, 216, 457]
[-325, 216, 455]
[-325, 217, 454]
[-325, 217, 453]
[-325, 218, 452]
[-326, 218, 451]
[-326, 218, 450]
[-326, 219, 449]
[-326, 219, 448]
[-326, 220, 446]
[-326, 220, 445]
[-326, 220, 444]
[-326, 221, 443]
[-326, 221, 442]
[-326, 222, 441]
[-326, 222, 439]
[-326, 222, 438]
[-326, 223, 437]
[-326, 223, 436]
[-326, 223, 435]
[-327, 224, 433]
[-327, 224, 432]
[-327, 224, 431]
[-327, 225, 430]
[-327, 225, 429]
[-327, 226, 427]
[-327, 226, 426]
[-327, 226, 425]
[-327, 226, 424]
[-327, 227, 422]
[-327, 227, 421]
[-327, 227, 420]
[-327, 228, 419]
[-327, 228, 417]
[-327, 228, 416]
[-327, 229, 415]
[-327, 229, 414]
[-327, 229, 412]
[-327, 229, 411]
[-327, 230, 410]
[-327, 230, 409]
[-328, 230, 407]
[-328, 230, 406]
[-328, 231, 405]
[-328, 231, 403]
[-328, 231, 402]
[-328, 231, 401]
[-328, 232, 400]
[-328, 232, 398]
[-328, 232, 397]
[-328, 232, 396]
[-328, 233, 394]
[-328, 233, 393]
[-328, 233, 392]
[-328, 233, 391]
[-328, 233, 389]
[-329, 233, 388]
[-329, 234, 387]
[-329, 234, 385]
[-329, 234, 384]
[-329, 234, 383]
[-329, 234, 382]
[-329, 234, 380]
[-329, 235, 379]
[-329, 235, 378]
[-329, 235, 376]
[-329, 235, 375]
[-329, 235, 374]
[-329, 235, 372]
[-329, 235, 371]
[-330, 235, 370]
[-330, 235, 369]
[-330, 236, 367]
[-330, 236, 366]
[-330, 236, 365]
[-330, 236, 363]
[-330, 236, 362]
[-330, 236, 361]
[-330, 236, 360]
[-330, 236, 358]
[-330, 236, 357]
[-330, 236, 356]
[-330, 236, 355]
[-330, 236, 353]
[-330, 236, 352]
