# Curve Parameters
# y_end: 244
# loops: 1
# A (south bulge): 120
# B (lateral wiggle): 30
# samples: 350
#
# Analysis Results
# max_grade: 0.975693
# length_3d: 364.59
# length_2d: 326.08
# min_horiz_step: 0.210616
# status: OK
#
# Coordinates (x, y, z)
#==================================================

[-199, 98, 410]
[-199, 98, 411]
[-199, 98, 412]
[-199, 98, 413]
[-199, 98, 414]
[-199, 98, 415]
[-199, 98, 416]
[-199, 98, 417]
[-199, 98, 419]
[-199, 98, 420]
[-199, 98, 421]
[-199, 98, 422]
[-199, 99, 423]
[-199, 99, 424]
[-199, 99, 425]
[-200, 99, 426]
[-200, 99, 427]
[-200, 99, 428]
[-200, 99, 429]
[-200, 99, 430]
[-200, 99, 431]
[-200, 100, 432]
[-200, 100, 433]
[-200, 100, 434]
[-200, 100, 435]
[-200, 100, 436]
[-200, 100, 437]
[-200, 100, 438]
[-200, 101, 439]
[-201, 101, 440]
[-201, 101, 441]
[-201, 101, 442]
[-201, 101, 443]
[-201, 102, 444]
[-201, 102, 445]
[-201, 102, 446]
[-201, 102, 446]
[-201, 103, 447]
[-201, 103, 448]
[-201, 103, 449]
[-201, 103, 450]
[-201, 104, 451]
[-201, 104, 452]
[-201, 104, 453]
[-202, 104, 454]
[-202, 105, 455]
[-202, 105, 456]
[-202, 105, 456]
[-202, 106, 457]
[-202, 106, 458]
[-202, 106, 459]
[-202, 106, 460]
[-202, 107, 461]
[-202, 107, 461]
[-202, 107, 462]
[-202, 108, 463]
[-202, 108, 464]
[-202, 108, 465]
[-202, 109, 466]
[-202, 109, 466]
[-202, 109, 467]
[-202, 110, 468]
[-202, 110, 469]
[-202, 111, 469]
[-202, 111, 470]
[-203, 111, 471]
[-203, 112, 472]
[-203, 112, 472]
[-203, 112, 473]
[-203, 113, 474]
[-203, 113, 475]
[-203, 114, 475]
[-203, 114, 476]
[-203, 114, 477]
[-203, 115, 477]
[-203, 115, 478]
[-203, 116, 479]
[-203, 116, 479]
[-203, 117, 480]
[-203, 117, 481]
[-204, 117, 481]
[-204, 118, 482]
[-204, 118, 483]
[-204, 119, 483]
[-204, 119, 484]
[-204, 120, 484]
[-204, 120, 485]
[-204, 121, 486]
[-205, 121, 486]
[-205, 122, 487]
[-205, 122, 487]
[-205, 123, 488]
[-205, 123, 488]
[-205, 124, 489]
[-206, 124, 489]
[-206, 125, 490]
[-206, 125, 491]
[-206, 126, 491]
[-207, 126, 492]
[-207, 127, 492]
[-207, 127, 492]
[-207, 128, 493]
[-208, 128, 493]
[-208, 129, 494]
[-208, 129, 494]
[-209, 130, 495]
[-209, 130, 495]
[-209, 131, 496]
[-210, 131, 496]
[-210, 132, 496]
[-211, 132, 497]
[-211, 133, 497]
[-211, 133, 497]
[-212, 134, 498]
[-212, 135, 498]
[-213, 135, 498]
[-213, 136, 499]
[-214, 136, 499]
[-214, 137, 499]
[-215, 137, 500]
[-215, 138, 500]
[-216, 138, 500]
[-217, 139, 501]
[-217, 140, 501]
[-218, 140, 501]
[-218, 141, 501]
[-219, 141, 502]
[-220, 142, 502]
[-220, 143, 502]
[-221, 143, 502]
[-222, 144, 502]
[-222, 144, 503]
[-223, 145, 503]
[-224, 145, 503]
[-225, 146, 503]
[-225, 147, 503]
[-226, 147, 503]
[-227, 148, 503]
[-228, 148, 504]
[-229, 149, 504]
[-230, 150, 504]
[-230, 150, 504]
[-231, 151, 504]
[-232, 151, 504]
[-233, 152, 504]
[-234, 153, 504]
[-235, 153, 504]
[-236, 154, 504]
[-237, 154, 504]
[-238, 155, 504]
[-239, 156, 504]
[-240, 156, 504]
[-241, 157, 504]
[-242, 158, 504]
[-243, 158, 504]
[-244, 159, 504]
[-245, 159, 504]
[-246, 160, 504]
[-247, 161, 504]
[-248, 161, 504]
[-249, 162, 504]
[-250, 163, 503]
[-251, 163, 503]
[-252, 164, 503]
[-253, 164, 503]
[-254, 165, 503]
[-255, 166, 503]
[-256, 166, 503]
[-257, 167, 502]
[-258, 168, 502]
[-260, 168, 502]
[-261, 169, 502]
[-262, 169, 502]
[-263, 170, 501]
[-264, 171, 501]
[-265, 171, 501]
[-266, 172, 501]
[-267, 173, 500]
[-268, 173, 500]
[-269, 174, 500]
[-271, 174, 499]
[-272, 175, 499]
[-273, 176, 499]
[-274, 176, 499]
[-275, 177, 498]
[-276, 178, 498]
[-277, 178, 497]
[-278, 179, 497]
[-279, 179, 497]
[-280, 180, 496]
[-281, 181, 496]
[-282, 181, 496]
[-283, 182, 495]
[-284, 183, 495]
[-285, 183, 494]
[-286, 184, 494]
[-287, 184, 493]
[-288, 185, 493]
[-289, 186, 493]
[-290, 186, 492]
[-291, 187, 492]
[-292, 188, 491]
[-293, 188, 491]
[-294, 189, 490]
[-295, 189, 490]
[-296, 190, 489]
[-297, 191, 488]
[-298, 191, 488]
[-299, 192, 487]
[-299, 192, 487]
[-300, 193, 486]
[-301, 194, 486]
[-302, 194, 485]
[-303, 195, 484]
[-304, 195, 484]
[-304, 196, 483]
[-305, 197, 483]
[-306, 197, 482]
[-307, 198, 481]
[-307, 198, 481]
[-308, 199, 480]
[-309, 199, 479]
[-309, 200, 479]
[-310, 201, 478]
[-311, 201, 477]
[-311, 202, 477]
[-312, 202, 476]
[-312, 203, 475]
[-313, 204, 474]
[-314, 204, 474]
[-314, 205, 473]
[-315, 205, 472]
[-315, 206, 471]
[-316, 206, 471]
[-316, 207, 470]
[-317, 207, 469]
[-317, 208, 468]
[-318, 209, 468]
[-318, 209, 467]
[-318, 210, 466]
[-319, 210, 465]
[-319, 211, 464]
[-320, 211, 464]
[-320, 212, 463]
[-320, 212, 462]
[-321, 213, 461]
[-321, 213, 460]
[-321, 214, 459]
[-322, 214, 458]
[-322, 215, 458]
[-322, 215, 457]
[-322, 216, 456]
[-323, 216, 455]
[-323, 217, 454]
[-323, 217, 453]
[-323, 218, 452]
[-324, 218, 451]
[-324, 219, 450]
[-324, 219, 449]
[-324, 220, 449]
[-324, 220, 448]
[-324, 221, 447]
[-325, 221, 446]
[-325, 222, 445]
[-325, 222, 444]
[-325, 223, 443]
[-325, 223, 442]
[-325, 224, 441]
[-325, 224, 440]
[-325, 225, 439]
[-326, 225, 438]
[-326, 225, 437]
[-326, 226, 436]
[-326, 226, 435]
[-326, 227, 434]
[-326, 227, 433]
[-326, 228, 432]
[-326, 228, 431]
[-326, 228, 430]
[-326, 229, 429]
[-326, 229, 428]
[-326, 230, 427]
[-326, 230, 426]
[-326, 230, 425]
[-326, 231, 424]
[-327, 231, 423]
[-327, 231, 421]
[-327, 232, 420]
[-327, 232, 419]
[-327, 233, 418]
[-327, 233, 417]
[-327, 233, 416]
[-327, 234, 415]
[-327, 234, 414]
[-327, 234, 413]
[-327, 235, 412]
[-327, 235, 411]
[-327, 235, 410]
[-327, 236, 409]
[-327, 236, 407]
[-327, 236, 406]
[-327, 236, 405]
[-327, 237, 404]
[-327, 237, 403]
[-327, 237, 402]
[-327, 238, 401]
[-328, 238, 400]
[-328, 238, 399]
[-328, 238, 398]
[-328, 239, 396]
[-328, 239, 395]
[-328, 239, 394]
[-328, 239, 393]
[-328, 240, 392]
[-328, 240, 391]
[-328, 240, 390]
[-328, 240, 389]
[-328, 241, 387]
[-328, 241, 386]
[-328, 241, 385]
[-328, 241, 384]
[-329, 241, 383]
[-329, 242, 382]
[-329, 242, 381]
[-329, 242, 380]
[-329, 242, 379]
[-329, 242, 377]
[-329, 242, 376]
[-329, 242, 375]
[-329, 243, 374]
[-329, 243, 373]
[-329, 243, 372]
[-329, 243, 371]
[-329, 243, 370]
[-329, 243, 368]
[-330, 243, 367]
[-330, 243, 366]
[-330, 243, 365]
[-330, 244, 364]
[-330, 244, 363]
[-330, 244, 362]
[-330, 244, 361]
[-330, 244, 360]
[-330, 244, 359]
[-330, 244, 357]
[-330, 244, 356]
[-330, 244, 355]
[-330, 244, 354]
[-330, 244, 353]
[-330, 244, 352]
