# Curve Parameters
# y_end: 238
# loops: 1
# A (south bulge): 120
# B (lateral wiggle): 10
# samples: 350
#
# Analysis Results
# max_grade: 0.916731
# length_3d: 346.98
# length_2d: 308.06
# min_horiz_step: 0.230196
# status: OK
#
# Coordinates (x, y, z)
#==================================================

[-199, 98, 410]
[-199, 98, 411]
[-199, 98, 412]
[-199, 98, 413]
[-199, 98, 414]
[-199, 98, 415]
[-199, 98, 416]
[-199, 98, 417]
[-199, 98, 419]
[-199, 98, 420]
[-199, 98, 421]
[-199, 98, 422]
[-199, 98, 423]
[-200, 99, 424]
[-200, 99, 425]
[-200, 99, 426]
[-200, 99, 427]
[-200, 99, 428]
[-200, 99, 429]
[-200, 99, 430]
[-200, 99, 431]
[-200, 99, 432]
[-200, 100, 433]
[-200, 100, 434]
[-201, 100, 435]
[-201, 100, 436]
[-201, 100, 437]
[-201, 100, 438]
[-201, 101, 439]
[-201, 101, 440]
[-201, 101, 441]
[-202, 101, 442]
[-202, 101, 443]
[-202, 102, 444]
[-202, 102, 445]
[-202, 102, 446]
[-202, 102, 446]
[-202, 102, 447]
[-203, 103, 448]
[-203, 103, 449]
[-203, 103, 450]
[-203, 103, 451]
[-203, 104, 452]
[-203, 104, 453]
[-204, 104, 454]
[-204, 104, 455]
[-204, 105, 456]
[-204, 105, 456]
[-204, 105, 457]
[-205, 106, 458]
[-205, 106, 459]
[-205, 106, 460]
[-205, 106, 461]
[-205, 107, 461]
[-206, 107, 462]
[-206, 107, 463]
[-206, 108, 464]
[-206, 108, 465]
[-207, 108, 466]
[-207, 109, 466]
[-207, 109, 467]
[-207, 109, 468]
[-207, 110, 469]
[-208, 110, 469]
[-208, 110, 470]
[-208, 111, 471]
[-208, 111, 472]
[-209, 111, 472]
[-209, 112, 473]
[-209, 112, 474]
[-209, 113, 475]
[-210, 113, 475]
[-210, 113, 476]
[-210, 114, 477]
[-210, 114, 477]
[-211, 115, 478]
[-211, 115, 479]
[-211, 115, 479]
[-212, 116, 480]
[-212, 116, 481]
[-212, 117, 481]
[-212, 117, 482]
[-213, 118, 483]
[-213, 118, 483]
[-213, 118, 484]
[-214, 119, 484]
[-214, 119, 485]
[-214, 120, 486]
[-215, 120, 486]
[-215, 121, 487]
[-215, 121, 487]
[-216, 122, 488]
[-216, 122, 488]
[-216, 123, 489]
[-217, 123, 489]
[-217, 123, 490]
[-218, 124, 491]
[-218, 124, 491]
[-218, 125, 492]
[-219, 125, 492]
[-219, 126, 492]
[-220, 126, 493]
[-220, 127, 493]
[-220, 127, 494]
[-221, 128, 494]
[-221, 128, 495]
[-222, 129, 495]
[-222, 129, 496]
[-223, 130, 496]
[-223, 130, 496]
[-223, 131, 497]
[-224, 131, 497]
[-224, 132, 497]
[-225, 133, 498]
[-225, 133, 498]
[-226, 134, 498]
[-226, 134, 499]
[-227, 135, 499]
[-227, 135, 499]
[-228, 136, 500]
[-228, 136, 500]
[-229, 137, 500]
[-229, 137, 501]
[-230, 138, 501]
[-230, 138, 501]
[-231, 139, 501]
[-232, 140, 502]
[-232, 140, 502]
[-233, 141, 502]
[-233, 141, 502]
[-234, 142, 502]
[-234, 142, 503]
[-235, 143, 503]
[-236, 143, 503]
[-236, 144, 503]
[-237, 145, 503]
[-238, 145, 503]
[-238, 146, 503]
[-239, 146, 504]
[-239, 147, 504]
[-240, 148, 504]
[-241, 148, 504]
[-241, 149, 504]
[-242, 149, 504]
[-243, 150, 504]
[-243, 150, 504]
[-244, 151, 504]
[-245, 152, 504]
[-245, 152, 504]
[-246, 153, 504]
[-247, 153, 504]
[-247, 154, 504]
[-248, 155, 504]
[-249, 155, 504]
[-250, 156, 504]
[-250, 156, 504]
[-251, 157, 504]
[-252, 158, 504]
[-252, 158, 504]
[-253, 159, 504]
[-254, 159, 504]
[-255, 160, 503]
[-255, 160, 503]
[-256, 161, 503]
[-257, 162, 503]
[-257, 162, 503]
[-258, 163, 503]
[-259, 163, 503]
[-260, 164, 502]
[-260, 165, 502]
[-261, 165, 502]
[-262, 166, 502]
[-263, 166, 502]
[-263, 167, 501]
[-264, 168, 501]
[-265, 168, 501]
[-266, 169, 501]
[-266, 170, 500]
[-267, 170, 500]
[-268, 171, 500]
[-269, 171, 499]
[-269, 172, 499]
[-270, 173, 499]
[-271, 173, 499]
[-272, 174, 498]
[-272, 174, 498]
[-273, 175, 497]
[-274, 176, 497]
[-274, 176, 497]
[-275, 177, 496]
[-276, 177, 496]
[-277, 178, 496]
[-277, 178, 495]
[-278, 179, 495]
[-279, 180, 494]
[-279, 180, 494]
[-280, 181, 493]
[-281, 181, 493]
[-282, 182, 493]
[-282, 183, 492]
[-283, 183, 492]
[-284, 184, 491]
[-284, 184, 491]
[-285, 185, 490]
[-286, 186, 490]
[-286, 186, 489]
[-287, 187, 488]
[-288, 187, 488]
[-288, 188, 487]
[-289, 188, 487]
[-290, 189, 486]
[-290, 190, 486]
[-291, 190, 485]
[-291, 191, 484]
[-292, 191, 484]
[-293, 192, 483]
[-293, 193, 483]
[-294, 193, 482]
[-295, 194, 481]
[-295, 194, 481]
[-296, 195, 480]
[-296, 195, 479]
[-297, 196, 479]
[-297, 196, 478]
[-298, 197, 477]
[-299, 198, 477]
[-299, 198, 476]
[-300, 199, 475]
[-300, 199, 474]
[-301, 200, 474]
[-301, 200, 473]
[-302, 201, 472]
[-302, 201, 471]
[-303, 202, 471]
[-303, 202, 470]
[-304, 203, 469]
[-304, 203, 468]
[-305, 204, 468]
[-305, 205, 467]
[-306, 205, 466]
[-306, 206, 465]
[-306, 206, 464]
[-307, 207, 464]
[-307, 207, 463]
[-308, 208, 462]
[-308, 208, 461]
[-309, 209, 460]
[-309, 209, 459]
[-309, 210, 458]
[-310, 210, 458]
[-310, 211, 457]
[-311, 211, 456]
[-311, 212, 455]
[-311, 212, 454]
[-312, 213, 453]
[-312, 213, 452]
[-313, 213, 451]
[-313, 214, 450]
[-313, 214, 449]
[-314, 215, 449]
[-314, 215, 448]
[-314, 216, 447]
[-315, 216, 446]
[-315, 217, 445]
[-315, 217, 444]
[-316, 218, 443]
[-316, 218, 442]
[-316, 218, 441]
[-317, 219, 440]
[-317, 219, 439]
[-317, 220, 438]
[-317, 220, 437]
[-318, 221, 436]
[-318, 221, 435]
[-318, 221, 434]
[-319, 222, 433]
[-319, 222, 432]
[-319, 223, 431]
[-319, 223, 430]
[-320, 223, 429]
[-320, 224, 428]
[-320, 224, 427]
[-320, 225, 426]
[-321, 225, 425]
[-321, 225, 424]
[-321, 226, 423]
[-321, 226, 421]
[-322, 226, 420]
[-322, 227, 419]
[-322, 227, 418]
[-322, 227, 417]
[-322, 228, 416]
[-323, 228, 415]
[-323, 228, 414]
[-323, 229, 413]
[-323, 229, 412]
[-324, 229, 411]
[-324, 230, 410]
[-324, 230, 409]
[-324, 230, 407]
[-324, 230, 406]
[-325, 231, 405]
[-325, 231, 404]
[-325, 231, 403]
[-325, 232, 402]
[-325, 232, 401]
[-326, 232, 400]
[-326, 232, 399]
[-326, 233, 398]
[-326, 233, 396]
[-326, 233, 395]
[-326, 233, 394]
[-327, 234, 393]
[-327, 234, 392]
[-327, 234, 391]
[-327, 234, 390]
[-327, 234, 389]
[-327, 235, 387]
[-327, 235, 386]
[-328, 235, 385]
[-328, 235, 384]
[-328, 235, 383]
[-328, 236, 382]
[-328, 236, 381]
[-328, 236, 380]
[-328, 236, 379]
[-329, 236, 377]
[-329, 236, 376]
[-329, 237, 375]
[-329, 237, 374]
[-329, 237, 373]
[-329, 237, 372]
[-329, 237, 371]
[-329, 237, 370]
[-329, 237, 368]
[-329, 237, 367]
[-329, 237, 366]
[-330, 238, 365]
[-330, 238, 364]
[-330, 238, 363]
[-330, 238, 362]
[-330, 238, 361]
[-330, 238, 360]
[-330, 238, 359]
[-330, 238, 357]
[-330, 238, 356]
[-330, 238, 355]
[-330, 238, 354]
[-330, 238, 353]
[-330, 238, 352]
