# Curve Parameters
# y_end: 224
# loops: 1
# A (south bulge): 100
# B (lateral wiggle): 20
# samples: 350
#
# Analysis Results
# max_grade: 0.912210
# length_3d: 313.92
# length_2d: 281.12
# min_horiz_step: 0.190791
# status: OK
#
# Coordinates (x, y, z)
#==================================================

[-199, 98, 410]
[-199, 98, 411]
[-199, 98, 412]
[-199, 98, 413]
[-199, 98, 414]
[-199, 98, 414]
[-199, 98, 415]
[-199, 98, 416]
[-199, 98, 417]
[-199, 98, 418]
[-199, 98, 419]
[-199, 98, 420]
[-199, 98, 421]
[-199, 99, 421]
[-200, 99, 422]
[-200, 99, 423]
[-200, 99, 424]
[-200, 99, 425]
[-200, 99, 426]
[-200, 99, 427]
[-200, 99, 427]
[-200, 99, 428]
[-200, 99, 429]
[-200, 100, 430]
[-200, 100, 431]
[-200, 100, 431]
[-201, 100, 432]
[-201, 100, 433]
[-201, 100, 434]
[-201, 100, 435]
[-201, 101, 435]
[-201, 101, 436]
[-201, 101, 437]
[-201, 101, 438]
[-201, 101, 439]
[-202, 102, 439]
[-202, 102, 440]
[-202, 102, 441]
[-202, 102, 442]
[-202, 102, 442]
[-202, 103, 443]
[-202, 103, 444]
[-202, 103, 445]
[-202, 103, 445]
[-203, 104, 446]
[-203, 104, 447]
[-203, 104, 447]
[-203, 104, 448]
[-203, 104, 449]
[-203, 105, 450]
[-203, 105, 450]
[-203, 105, 451]
[-204, 106, 452]
[-204, 106, 452]
[-204, 106, 453]
[-204, 106, 454]
[-204, 107, 454]
[-204, 107, 455]
[-204, 107, 456]
[-204, 108, 456]
[-205, 108, 457]
[-205, 108, 457]
[-205, 109, 458]
[-205, 109, 459]
[-205, 109, 459]
[-205, 109, 460]
[-205, 110, 461]
[-206, 110, 461]
[-206, 110, 462]
[-206, 111, 462]
[-206, 111, 463]
[-206, 112, 463]
[-206, 112, 464]
[-207, 112, 465]
[-207, 113, 465]
[-207, 113, 466]
[-207, 113, 466]
[-207, 114, 467]
[-207, 114, 467]
[-208, 114, 468]
[-208, 115, 468]
[-208, 115, 469]
[-208, 116, 469]
[-208, 116, 470]
[-209, 116, 470]
[-209, 117, 471]
[-209, 117, 471]
[-209, 118, 472]
[-210, 118, 472]
[-210, 118, 472]
[-210, 119, 473]
[-210, 119, 473]
[-211, 120, 474]
[-211, 120, 474]
[-211, 120, 475]
[-212, 121, 475]
[-212, 121, 475]
[-212, 122, 476]
[-212, 122, 476]
[-213, 123, 476]
[-213, 123, 477]
[-213, 124, 477]
[-214, 124, 477]
[-214, 124, 478]
[-215, 125, 478]
[-215, 125, 478]
[-215, 126, 479]
[-216, 126, 479]
[-216, 127, 479]
[-217, 127, 480]
[-217, 128, 480]
[-217, 128, 480]
[-218, 129, 481]
[-218, 129, 481]
[-219, 130, 481]
[-219, 130, 481]
[-220, 131, 481]
[-220, 131, 482]
[-221, 131, 482]
[-221, 132, 482]
[-222, 132, 482]
[-222, 133, 483]
[-223, 133, 483]
[-224, 134, 483]
[-224, 134, 483]
[-225, 135, 483]
[-225, 135, 483]
[-226, 136, 484]
[-227, 136, 484]
[-227, 137, 484]
[-228, 137, 484]
[-228, 138, 484]
[-229, 138, 484]
[-230, 139, 484]
[-230, 139, 484]
[-231, 140, 484]
[-232, 140, 484]
[-233, 141, 485]
[-233, 142, 485]
[-234, 142, 485]
[-235, 143, 485]
[-236, 143, 485]
[-236, 144, 485]
[-237, 144, 485]
[-238, 145, 485]
[-239, 145, 485]
[-239, 146, 485]
[-240, 146, 485]
[-241, 147, 485]
[-242, 147, 485]
[-243, 148, 485]
[-243, 148, 485]
[-244, 149, 485]
[-245, 149, 484]
[-246, 150, 484]
[-247, 150, 484]
[-248, 151, 484]
[-249, 152, 484]
[-250, 152, 484]
[-250, 153, 484]
[-251, 153, 484]
[-252, 154, 484]
[-253, 154, 483]
[-254, 155, 483]
[-255, 155, 483]
[-256, 156, 483]
[-257, 156, 483]
[-258, 157, 483]
[-259, 157, 482]
[-259, 158, 482]
[-260, 159, 482]
[-261, 159, 482]
[-262, 160, 482]
[-263, 160, 481]
[-264, 161, 481]
[-265, 161, 481]
[-266, 162, 481]
[-267, 162, 480]
[-268, 163, 480]
[-269, 163, 480]
[-270, 164, 480]
[-270, 165, 479]
[-271, 165, 479]
[-272, 166, 479]
[-273, 166, 478]
[-274, 167, 478]
[-275, 167, 478]
[-276, 168, 477]
[-277, 168, 477]
[-278, 169, 477]
[-279, 169, 476]
[-279, 170, 476]
[-280, 170, 475]
[-281, 171, 475]
[-282, 172, 475]
[-283, 172, 474]
[-284, 173, 474]
[-285, 173, 473]
[-286, 174, 473]
[-286, 174, 473]
[-287, 175, 472]
[-288, 175, 472]
[-289, 176, 471]
[-290, 176, 471]
[-290, 177, 470]
[-291, 177, 470]
[-292, 178, 469]
[-293, 178, 469]
[-293, 179, 468]
[-294, 179, 468]
[-295, 180, 467]
[-296, 180, 467]
[-296, 181, 466]
[-297, 182, 466]
[-298, 182, 465]
[-299, 183, 465]
[-299, 183, 464]
[-300, 184, 463]
[-301, 184, 463]
[-301, 185, 462]
[-302, 185, 462]
[-302, 186, 461]
[-303, 186, 460]
[-304, 187, 460]
[-304, 187, 459]
[-305, 188, 459]
[-305, 188, 458]
[-306, 189, 457]
[-307, 189, 457]
[-307, 190, 456]
[-308, 190, 455]
[-308, 191, 455]
[-309, 191, 454]
[-309, 191, 453]
[-310, 192, 453]
[-310, 192, 452]
[-311, 193, 451]
[-311, 193, 451]
[-312, 194, 450]
[-312, 194, 449]
[-312, 195, 449]
[-313, 195, 448]
[-313, 196, 447]
[-314, 196, 446]
[-314, 197, 446]
[-314, 197, 445]
[-315, 198, 444]
[-315, 198, 443]
[-316, 198, 443]
[-316, 199, 442]
[-316, 199, 441]
[-317, 200, 440]
[-317, 200, 440]
[-317, 201, 439]
[-317, 201, 438]
[-318, 202, 437]
[-318, 202, 436]
[-318, 202, 436]
[-319, 203, 435]
[-319, 203, 434]
[-319, 204, 433]
[-319, 204, 432]
[-320, 204, 432]
[-320, 205, 431]
[-320, 205, 430]
[-320, 206, 429]
[-321, 206, 428]
[-321, 206, 427]
[-321, 207, 427]
[-321, 207, 426]
[-321, 208, 425]
[-322, 208, 424]
[-322, 208, 423]
[-322, 209, 422]
[-322, 209, 421]
[-322, 209, 421]
[-322, 210, 420]
[-323, 210, 419]
[-323, 210, 418]
[-323, 211, 417]
[-323, 211, 416]
[-323, 212, 415]
[-323, 212, 414]
[-324, 212, 413]
[-324, 213, 413]
[-324, 213, 412]
[-324, 213, 411]
[-324, 213, 410]
[-324, 214, 409]
[-324, 214, 408]
[-325, 214, 407]
[-325, 215, 406]
[-325, 215, 405]
[-325, 215, 404]
[-325, 216, 403]
[-325, 216, 402]
[-325, 216, 402]
[-325, 216, 401]
[-326, 217, 400]
[-326, 217, 399]
[-326, 217, 398]
[-326, 218, 397]
[-326, 218, 396]
[-326, 218, 395]
[-326, 218, 394]
[-326, 218, 393]
[-327, 219, 392]
[-327, 219, 391]
[-327, 219, 390]
[-327, 219, 389]
[-327, 220, 388]
[-327, 220, 387]
[-327, 220, 387]
[-327, 220, 386]
[-327, 220, 385]
[-328, 221, 384]
[-328, 221, 383]
[-328, 221, 382]
[-328, 221, 381]
[-328, 221, 380]
[-328, 222, 379]
[-328, 222, 378]
[-328, 222, 377]
[-328, 222, 376]
[-329, 222, 375]
[-329, 222, 374]
[-329, 222, 373]
[-329, 223, 372]
[-329, 223, 371]
[-329, 223, 370]
[-329, 223, 370]
[-329, 223, 369]
[-329, 223, 368]
[-329, 223, 367]
[-329, 223, 366]
[-329, 223, 365]
[-330, 223, 364]
[-330, 224, 363]
[-330, 224, 362]
[-330, 224, 361]
[-330, 224, 360]
[-330, 224, 359]
[-330, 224, 358]
[-330, 224, 357]
[-330, 224, 357]
[-330, 224, 356]
[-330, 224, 355]
[-330, 224, 354]
[-330, 224, 353]
[-330, 224, 352]
