# Curve Parameters
# y_end: 222
# loops: 1
# A (south bulge): 140
# B (lateral wiggle): 60
# samples: 350
#
# Analysis Results
# max_grade: 0.797040
# length_3d: 422.55
# length_2d: 398.86
# min_horiz_step: 0.220531
# status: OK
#
# Coordinates (x, y, z)
#==================================================

[-199, 98, 410]
[-199, 98, 411]
[-199, 98, 413]
[-199, 98, 414]
[-199, 98, 415]
[-199, 98, 416]
[-199, 98, 418]
[-199, 98, 419]
[-199, 98, 420]
[-199, 98, 421]
[-199, 98, 422]
[-199, 98, 424]
[-199, 98, 425]
[-199, 99, 426]
[-199, 99, 427]
[-199, 99, 429]
[-199, 99, 430]
[-199, 99, 431]
[-200, 99, 432]
[-200, 99, 433]
[-200, 99, 435]
[-200, 99, 436]
[-200, 99, 437]
[-200, 100, 438]
[-200, 100, 439]
[-200, 100, 440]
[-200, 100, 442]
[-200, 100, 443]
[-200, 100, 444]
[-200, 100, 445]
[-200, 101, 446]
[-200, 101, 447]
[-199, 101, 448]
[-199, 101, 450]
[-199, 101, 451]
[-199, 101, 452]
[-199, 102, 453]
[-199, 102, 454]
[-199, 102, 455]
[-199, 102, 456]
[-199, 103, 457]
[-199, 103, 458]
[-199, 103, 459]
[-198, 103, 460]
[-198, 103, 461]
[-198, 104, 463]
[-198, 104, 464]
[-198, 104, 465]
[-198, 104, 466]
[-198, 105, 467]
[-197, 105, 468]
[-197, 105, 469]
[-197, 105, 470]
[-197, 106, 471]
[-197, 106, 472]
[-196, 106, 473]
[-196, 107, 474]
[-196, 107, 475]
[-196, 107, 476]
[-196, 107, 476]
[-195, 108, 477]
[-195, 108, 478]
[-195, 108, 479]
[-195, 109, 480]
[-194, 109, 481]
[-194, 109, 482]
[-194, 110, 483]
[-194, 110, 484]
[-193, 110, 485]
[-193, 111, 486]
[-193, 111, 486]
[-193, 111, 487]
[-192, 112, 488]
[-192, 112, 489]
[-192, 112, 490]
[-192, 113, 491]
[-191, 113, 491]
[-191, 113, 492]
[-191, 114, 493]
[-191, 114, 494]
[-191, 115, 495]
[-190, 115, 495]
[-190, 115, 496]
[-190, 116, 497]
[-190, 116, 498]
[-190, 116, 498]
[-190, 117, 499]
[-189, 117, 500]
[-189, 118, 500]
[-189, 118, 501]
[-189, 118, 502]
[-189, 119, 503]
[-189, 119, 503]
[-189, 120, 504]
[-189, 120, 504]
[-189, 121, 505]
[-189, 121, 506]
[-189, 121, 506]
[-189, 122, 507]
[-189, 122, 508]
[-189, 123, 508]
[-189, 123, 509]
[-189, 124, 509]
[-190, 124, 510]
[-190, 124, 510]
[-190, 125, 511]
[-190, 125, 511]
[-190, 126, 512]
[-191, 126, 512]
[-191, 127, 513]
[-191, 127, 513]
[-192, 128, 514]
[-192, 128, 514]
[-192, 129, 515]
[-193, 129, 515]
[-193, 130, 516]
[-194, 130, 516]
[-194, 130, 516]
[-195, 131, 517]
[-195, 131, 517]
[-196, 132, 518]
[-197, 132, 518]
[-197, 133, 518]
[-198, 133, 519]
[-199, 134, 519]
[-199, 134, 519]
[-200, 135, 520]
[-201, 135, 520]
[-202, 136, 520]
[-203, 136, 521]
[-203, 137, 521]
[-204, 137, 521]
[-205, 138, 521]
[-206, 138, 521]
[-207, 139, 522]
[-208, 139, 522]
[-209, 140, 522]
[-210, 140, 522]
[-211, 141, 522]
[-213, 141, 523]
[-214, 142, 523]
[-215, 142, 523]
[-216, 143, 523]
[-217, 143, 523]
[-218, 144, 523]
[-220, 144, 523]
[-221, 145, 523]
[-222, 145, 524]
[-224, 146, 524]
[-225, 147, 524]
[-226, 147, 524]
[-228, 148, 524]
[-229, 148, 524]
[-231, 149, 524]
[-232, 149, 524]
[-234, 150, 524]
[-235, 150, 524]
[-237, 151, 524]
[-238, 151, 524]
[-240, 152, 523]
[-241, 152, 523]
[-243, 153, 523]
[-244, 153, 523]
[-246, 154, 523]
[-247, 154, 523]
[-249, 155, 523]
[-251, 155, 523]
[-252, 156, 523]
[-254, 157, 522]
[-255, 157, 522]
[-257, 158, 522]
[-259, 158, 522]
[-260, 159, 522]
[-262, 159, 521]
[-264, 160, 521]
[-265, 160, 521]
[-267, 161, 521]
[-269, 161, 520]
[-270, 162, 520]
[-272, 162, 520]
[-274, 163, 519]
[-275, 163, 519]
[-277, 164, 519]
[-278, 165, 518]
[-280, 165, 518]
[-282, 166, 518]
[-283, 166, 517]
[-285, 167, 517]
[-286, 167, 517]
[-288, 168, 516]
[-289, 168, 516]
[-291, 169, 515]
[-292, 169, 515]
[-294, 170, 514]
[-295, 170, 514]
[-297, 171, 514]
[-298, 171, 513]
[-300, 172, 513]
[-301, 172, 512]
[-303, 173, 512]
[-304, 173, 511]
[-305, 174, 510]
[-307, 175, 510]
[-308, 175, 509]
[-309, 176, 509]
[-311, 176, 508]
[-312, 177, 508]
[-313, 177, 507]
[-314, 178, 506]
[-315, 178, 506]
[-316, 179, 505]
[-318, 179, 505]
[-319, 180, 504]
[-320, 180, 503]
[-321, 181, 503]
[-322, 181, 502]
[-323, 182, 501]
[-324, 182, 500]
[-325, 183, 500]
[-326, 183, 499]
[-326, 184, 498]
[-327, 184, 498]
[-328, 185, 497]
[-329, 185, 496]
[-330, 186, 495]
[-330, 186, 495]
[-331, 187, 494]
[-332, 187, 493]
[-332, 188, 492]
[-333, 188, 491]
[-334, 189, 491]
[-334, 189, 490]
[-335, 190, 489]
[-335, 190, 488]
[-336, 190, 487]
[-336, 191, 486]
[-337, 191, 485]
[-337, 192, 485]
[-337, 192, 484]
[-338, 193, 483]
[-338, 193, 482]
[-338, 194, 481]
[-339, 194, 480]
[-339, 195, 479]
[-339, 195, 478]
[-339, 196, 477]
[-339, 196, 476]
[-340, 196, 475]
[-340, 197, 474]
[-340, 197, 473]
[-340, 198, 472]
[-340, 198, 471]
[-340, 199, 470]
[-340, 199, 469]
[-340, 199, 468]
[-340, 200, 467]
[-340, 200, 466]
[-340, 201, 465]
[-340, 201, 464]
[-340, 202, 463]
[-340, 202, 462]
[-340, 202, 461]
[-340, 203, 460]
[-339, 203, 459]
[-339, 204, 458]
[-339, 204, 457]
[-339, 204, 455]
[-339, 205, 454]
[-339, 205, 453]
[-338, 205, 452]
[-338, 206, 451]
[-338, 206, 450]
[-338, 207, 449]
[-338, 207, 448]
[-337, 207, 446]
[-337, 208, 445]
[-337, 208, 444]
[-337, 208, 443]
[-336, 209, 442]
[-336, 209, 441]
[-336, 209, 439]
[-336, 210, 438]
[-335, 210, 437]
[-335, 210, 436]
[-335, 211, 435]
[-335, 211, 433]
[-334, 211, 432]
[-334, 212, 431]
[-334, 212, 430]
[-334, 212, 429]
[-333, 213, 427]
[-333, 213, 426]
[-333, 213, 425]
[-333, 213, 424]
[-333, 214, 422]
[-332, 214, 421]
[-332, 214, 420]
[-332, 215, 419]
[-332, 215, 417]
[-332, 215, 416]
[-331, 215, 415]
[-331, 216, 414]
[-331, 216, 412]
[-331, 216, 411]
[-331, 216, 410]
[-331, 217, 409]
[-331, 217, 407]
[-330, 217, 406]
[-330, 217, 405]
[-330, 217, 403]
[-330, 218, 402]
[-330, 218, 401]
[-330, 218, 400]
[-330, 218, 398]
[-330, 219, 397]
[-330, 219, 396]
[-330, 219, 394]
[-330, 219, 393]
[-329, 219, 392]
[-329, 219, 391]
[-329, 220, 389]
[-329, 220, 388]
[-329, 220, 387]
[-329, 220, 385]
[-329, 220, 384]
[-329, 220, 383]
[-329, 220, 382]
[-329, 221, 380]
[-329, 221, 379]
[-329, 221, 378]
[-329, 221, 376]
[-329, 221, 375]
[-330, 221, 374]
[-330, 221, 372]
[-330, 221, 371]
[-330, 221, 370]
[-330, 221, 369]
[-330, 222, 367]
[-330, 222, 366]
[-330, 222, 365]
[-330, 222, 363]
[-330, 222, 362]
[-330, 222, 361]
[-330, 222, 360]
[-330, 222, 358]
[-330, 222, 357]
[-330, 222, 356]
[-330, 222, 355]
[-330, 222, 353]
[-330, 222, 352]
