# Curve Parameters
# y_end: 226
# loops: 1
# A (south bulge): 120
# B (lateral wiggle): 10
# samples: 350
#
# Analysis Results
# max_grade: 0.838154
# length_3d: 341.09
# length_2d: 308.06
# min_horiz_step: 0.230196
# status: OK
#
# Coordinates (x, y, z)
#==================================================

[-199, 98, 410]
[-199, 98, 411]
[-199, 98, 412]
[-199, 98, 413]
[-199, 98, 414]
[-199, 98, 415]
[-199, 98, 416]
[-199, 98, 417]
[-199, 98, 419]
[-199, 98, 420]
[-199, 98, 421]
[-199, 98, 422]
[-199, 98, 423]
[-200, 99, 424]
[-200, 99, 425]
[-200, 99, 426]
[-200, 99, 427]
[-200, 99, 428]
[-200, 99, 429]
[-200, 99, 430]
[-200, 99, 431]
[-200, 99, 432]
[-200, 99, 433]
[-200, 100, 434]
[-201, 100, 435]
[-201, 100, 436]
[-201, 100, 437]
[-201, 100, 438]
[-201, 100, 439]
[-201, 101, 440]
[-201, 101, 441]
[-202, 101, 442]
[-202, 101, 443]
[-202, 101, 444]
[-202, 101, 445]
[-202, 102, 446]
[-202, 102, 446]
[-202, 102, 447]
[-203, 102, 448]
[-203, 102, 449]
[-203, 103, 450]
[-203, 103, 451]
[-203, 103, 452]
[-203, 103, 453]
[-204, 104, 454]
[-204, 104, 455]
[-204, 104, 456]
[-204, 104, 456]
[-204, 105, 457]
[-205, 105, 458]
[-205, 105, 459]
[-205, 105, 460]
[-205, 106, 461]
[-205, 106, 461]
[-206, 106, 462]
[-206, 107, 463]
[-206, 107, 464]
[-206, 107, 465]
[-207, 107, 466]
[-207, 108, 466]
[-207, 108, 467]
[-207, 108, 468]
[-207, 109, 469]
[-208, 109, 469]
[-208, 109, 470]
[-208, 110, 471]
[-208, 110, 472]
[-209, 110, 472]
[-209, 111, 473]
[-209, 111, 474]
[-209, 111, 475]
[-210, 112, 475]
[-210, 112, 476]
[-210, 112, 477]
[-210, 113, 477]
[-211, 113, 478]
[-211, 114, 479]
[-211, 114, 479]
[-212, 114, 480]
[-212, 115, 481]
[-212, 115, 481]
[-212, 115, 482]
[-213, 116, 483]
[-213, 116, 483]
[-213, 117, 484]
[-214, 117, 484]
[-214, 117, 485]
[-214, 118, 486]
[-215, 118, 486]
[-215, 119, 487]
[-215, 119, 487]
[-216, 120, 488]
[-216, 120, 488]
[-216, 120, 489]
[-217, 121, 489]
[-217, 121, 490]
[-218, 122, 491]
[-218, 122, 491]
[-218, 123, 492]
[-219, 123, 492]
[-219, 124, 492]
[-220, 124, 493]
[-220, 124, 493]
[-220, 125, 494]
[-221, 125, 494]
[-221, 126, 495]
[-222, 126, 495]
[-222, 127, 496]
[-223, 127, 496]
[-223, 128, 496]
[-223, 128, 497]
[-224, 129, 497]
[-224, 129, 497]
[-225, 130, 498]
[-225, 130, 498]
[-226, 131, 498]
[-226, 131, 499]
[-227, 132, 499]
[-227, 132, 499]
[-228, 132, 500]
[-228, 133, 500]
[-229, 133, 500]
[-229, 134, 501]
[-230, 134, 501]
[-230, 135, 501]
[-231, 135, 501]
[-232, 136, 502]
[-232, 137, 502]
[-233, 137, 502]
[-233, 138, 502]
[-234, 138, 502]
[-234, 139, 503]
[-235, 139, 503]
[-236, 140, 503]
[-236, 140, 503]
[-237, 141, 503]
[-238, 141, 503]
[-238, 142, 503]
[-239, 142, 504]
[-239, 143, 504]
[-240, 143, 504]
[-241, 144, 504]
[-241, 144, 504]
[-242, 145, 504]
[-243, 145, 504]
[-243, 146, 504]
[-244, 146, 504]
[-245, 147, 504]
[-245, 148, 504]
[-246, 148, 504]
[-247, 149, 504]
[-247, 149, 504]
[-248, 150, 504]
[-249, 150, 504]
[-250, 151, 504]
[-250, 151, 504]
[-251, 152, 504]
[-252, 152, 504]
[-252, 153, 504]
[-253, 153, 504]
[-254, 154, 504]
[-255, 155, 503]
[-255, 155, 503]
[-256, 156, 503]
[-257, 156, 503]
[-257, 157, 503]
[-258, 157, 503]
[-259, 158, 503]
[-260, 158, 502]
[-260, 159, 502]
[-261, 160, 502]
[-262, 160, 502]
[-263, 161, 502]
[-263, 161, 501]
[-264, 162, 501]
[-265, 162, 501]
[-266, 163, 501]
[-266, 163, 500]
[-267, 164, 500]
[-268, 164, 500]
[-269, 165, 499]
[-269, 166, 499]
[-270, 166, 499]
[-271, 167, 499]
[-272, 167, 498]
[-272, 168, 498]
[-273, 168, 497]
[-274, 169, 497]
[-274, 169, 497]
[-275, 170, 496]
[-276, 171, 496]
[-277, 171, 496]
[-277, 172, 495]
[-278, 172, 495]
[-279, 173, 494]
[-279, 173, 494]
[-280, 174, 493]
[-281, 174, 493]
[-282, 175, 493]
[-282, 175, 492]
[-283, 176, 492]
[-284, 176, 491]
[-284, 177, 491]
[-285, 178, 490]
[-286, 178, 490]
[-286, 179, 489]
[-287, 179, 488]
[-288, 180, 488]
[-288, 180, 487]
[-289, 181, 487]
[-290, 181, 486]
[-290, 182, 486]
[-291, 182, 485]
[-291, 183, 484]
[-292, 183, 484]
[-293, 184, 483]
[-293, 184, 483]
[-294, 185, 482]
[-295, 185, 481]
[-295, 186, 481]
[-296, 186, 480]
[-296, 187, 479]
[-297, 187, 479]
[-297, 188, 478]
[-298, 189, 477]
[-299, 189, 477]
[-299, 190, 476]
[-300, 190, 475]
[-300, 191, 474]
[-301, 191, 474]
[-301, 192, 473]
[-302, 192, 472]
[-302, 192, 471]
[-303, 193, 471]
[-303, 193, 470]
[-304, 194, 469]
[-304, 194, 468]
[-305, 195, 468]
[-305, 195, 467]
[-306, 196, 466]
[-306, 196, 465]
[-306, 197, 464]
[-307, 197, 464]
[-307, 198, 463]
[-308, 198, 462]
[-308, 199, 461]
[-309, 199, 460]
[-309, 200, 459]
[-309, 200, 458]
[-310, 200, 458]
[-310, 201, 457]
[-311, 201, 456]
[-311, 202, 455]
[-311, 202, 454]
[-312, 203, 453]
[-312, 203, 452]
[-313, 204, 451]
[-313, 204, 450]
[-313, 204, 449]
[-314, 205, 449]
[-314, 205, 448]
[-314, 206, 447]
[-315, 206, 446]
[-315, 207, 445]
[-315, 207, 444]
[-316, 207, 443]
[-316, 208, 442]
[-316, 208, 441]
[-317, 209, 440]
[-317, 209, 439]
[-317, 209, 438]
[-317, 210, 437]
[-318, 210, 436]
[-318, 210, 435]
[-318, 211, 434]
[-319, 211, 433]
[-319, 212, 432]
[-319, 212, 431]
[-319, 212, 430]
[-320, 213, 429]
[-320, 213, 428]
[-320, 213, 427]
[-320, 214, 426]
[-321, 214, 425]
[-321, 214, 424]
[-321, 215, 423]
[-321, 215, 421]
[-322, 215, 420]
[-322, 216, 419]
[-322, 216, 418]
[-322, 216, 417]
[-322, 217, 416]
[-323, 217, 415]
[-323, 217, 414]
[-323, 217, 413]
[-323, 218, 412]
[-324, 218, 411]
[-324, 218, 410]
[-324, 219, 409]
[-324, 219, 407]
[-324, 219, 406]
[-325, 219, 405]
[-325, 220, 404]
[-325, 220, 403]
[-325, 220, 402]
[-325, 220, 401]
[-326, 221, 400]
[-326, 221, 399]
[-326, 221, 398]
[-326, 221, 396]
[-326, 222, 395]
[-326, 222, 394]
[-327, 222, 393]
[-327, 222, 392]
[-327, 222, 391]
[-327, 223, 390]
[-327, 223, 389]
[-327, 223, 387]
[-327, 223, 386]
[-328, 223, 385]
[-328, 223, 384]
[-328, 224, 383]
[-328, 224, 382]
[-328, 224, 381]
[-328, 224, 380]
[-328, 224, 379]
[-329, 224, 377]
[-329, 225, 376]
[-329, 225, 375]
[-329, 225, 374]
[-329, 225, 373]
[-329, 225, 372]
[-329, 225, 371]
[-329, 225, 370]
[-329, 225, 368]
[-329, 225, 367]
[-329, 225, 366]
[-330, 226, 365]
[-330, 226, 364]
[-330, 226, 363]
[-330, 226, 362]
[-330, 226, 361]
[-330, 226, 360]
[-330, 226, 359]
[-330, 226, 357]
[-330, 226, 356]
[-330, 226, 355]
[-330, 226, 354]
[-330, 226, 353]
[-330, 226, 352]
