# Curve Parameters
# y_end: 240
# loops: 1
# A (south bulge): 120
# B (lateral wiggle): 40
# samples: 350
#
# Analysis Results
# max_grade: 0.993406
# length_3d: 372.35
# length_2d: 337.06
# min_horiz_step: 0.199709
# status: OK
#
# Coordinates (x, y, z)
#==================================================

[-199, 98, 410]
[-199, 98, 411]
[-199, 98, 412]
[-199, 98, 413]
[-199, 98, 414]
[-199, 98, 415]
[-199, 98, 416]
[-199, 98, 417]
[-199, 98, 419]
[-199, 98, 420]
[-199, 98, 421]
[-199, 98, 422]
[-199, 98, 423]
[-199, 99, 424]
[-199, 99, 425]
[-200, 99, 426]
[-200, 99, 427]
[-200, 99, 428]
[-200, 99, 429]
[-200, 99, 430]
[-200, 99, 431]
[-200, 99, 432]
[-200, 100, 433]
[-200, 100, 434]
[-200, 100, 435]
[-200, 100, 436]
[-200, 100, 437]
[-200, 100, 438]
[-200, 101, 439]
[-200, 101, 440]
[-200, 101, 441]
[-200, 101, 442]
[-200, 101, 443]
[-200, 102, 444]
[-200, 102, 445]
[-200, 102, 446]
[-200, 102, 446]
[-200, 102, 447]
[-200, 103, 448]
[-200, 103, 449]
[-200, 103, 450]
[-200, 103, 451]
[-200, 104, 452]
[-200, 104, 453]
[-200, 104, 454]
[-200, 104, 455]
[-200, 105, 456]
[-200, 105, 456]
[-200, 105, 457]
[-200, 106, 458]
[-200, 106, 459]
[-200, 106, 460]
[-200, 107, 461]
[-200, 107, 461]
[-200, 107, 462]
[-200, 107, 463]
[-200, 108, 464]
[-200, 108, 465]
[-200, 108, 466]
[-200, 109, 466]
[-200, 109, 467]
[-200, 109, 468]
[-200, 110, 469]
[-200, 110, 469]
[-200, 111, 470]
[-200, 111, 471]
[-200, 111, 472]
[-200, 112, 472]
[-200, 112, 473]
[-200, 112, 474]
[-199, 113, 475]
[-199, 113, 475]
[-199, 114, 476]
[-199, 114, 477]
[-199, 114, 477]
[-199, 115, 478]
[-199, 115, 479]
[-199, 116, 479]
[-199, 116, 480]
[-199, 117, 481]
[-199, 117, 481]
[-199, 117, 482]
[-199, 118, 483]
[-199, 118, 483]
[-199, 119, 484]
[-199, 119, 484]
[-199, 120, 485]
[-199, 120, 486]
[-200, 121, 486]
[-200, 121, 487]
[-200, 121, 487]
[-200, 122, 488]
[-200, 122, 488]
[-200, 123, 489]
[-200, 123, 489]
[-200, 124, 490]
[-200, 124, 491]
[-201, 125, 491]
[-201, 125, 492]
[-201, 126, 492]
[-201, 126, 492]
[-201, 127, 493]
[-202, 127, 493]
[-202, 128, 494]
[-202, 128, 494]
[-202, 129, 495]
[-203, 129, 495]
[-203, 130, 496]
[-203, 130, 496]
[-204, 131, 496]
[-204, 131, 497]
[-205, 132, 497]
[-205, 132, 497]
[-205, 133, 498]
[-206, 134, 498]
[-206, 134, 498]
[-207, 135, 499]
[-207, 135, 499]
[-208, 136, 499]
[-208, 136, 500]
[-209, 137, 500]
[-210, 137, 500]
[-210, 138, 501]
[-211, 138, 501]
[-211, 139, 501]
[-212, 140, 501]
[-213, 140, 502]
[-213, 141, 502]
[-214, 141, 502]
[-215, 142, 502]
[-216, 142, 502]
[-216, 143, 503]
[-217, 144, 503]
[-218, 144, 503]
[-219, 145, 503]
[-220, 145, 503]
[-221, 146, 503]
[-221, 146, 503]
[-222, 147, 504]
[-223, 148, 504]
[-224, 148, 504]
[-225, 149, 504]
[-226, 149, 504]
[-227, 150, 504]
[-228, 151, 504]
[-229, 151, 504]
[-230, 152, 504]
[-231, 152, 504]
[-232, 153, 504]
[-233, 154, 504]
[-235, 154, 504]
[-236, 155, 504]
[-237, 155, 504]
[-238, 156, 504]
[-239, 157, 504]
[-240, 157, 504]
[-241, 158, 504]
[-243, 158, 504]
[-244, 159, 504]
[-245, 160, 504]
[-246, 160, 504]
[-247, 161, 503]
[-249, 161, 503]
[-250, 162, 503]
[-251, 163, 503]
[-252, 163, 503]
[-254, 164, 503]
[-255, 164, 503]
[-256, 165, 502]
[-257, 166, 502]
[-259, 166, 502]
[-260, 167, 502]
[-261, 167, 502]
[-263, 168, 501]
[-264, 169, 501]
[-265, 169, 501]
[-266, 170, 501]
[-268, 171, 500]
[-269, 171, 500]
[-270, 172, 500]
[-272, 172, 499]
[-273, 173, 499]
[-274, 174, 499]
[-275, 174, 499]
[-277, 175, 498]
[-278, 175, 498]
[-279, 176, 497]
[-280, 177, 497]
[-282, 177, 497]
[-283, 178, 496]
[-284, 178, 496]
[-285, 179, 496]
[-286, 180, 495]
[-288, 180, 495]
[-289, 181, 494]
[-290, 181, 494]
[-291, 182, 493]
[-292, 183, 493]
[-293, 183, 493]
[-294, 184, 492]
[-296, 184, 492]
[-297, 185, 491]
[-298, 186, 491]
[-299, 186, 490]
[-300, 187, 490]
[-301, 187, 489]
[-302, 188, 488]
[-303, 189, 488]
[-304, 189, 487]
[-305, 190, 487]
[-306, 190, 486]
[-307, 191, 486]
[-308, 192, 485]
[-308, 192, 484]
[-309, 193, 484]
[-310, 193, 483]
[-311, 194, 483]
[-312, 194, 482]
[-313, 195, 481]
[-313, 196, 481]
[-314, 196, 480]
[-315, 197, 479]
[-316, 197, 479]
[-316, 198, 478]
[-317, 198, 477]
[-318, 199, 477]
[-318, 200, 476]
[-319, 200, 475]
[-319, 201, 474]
[-320, 201, 474]
[-321, 202, 473]
[-321, 202, 472]
[-322, 203, 471]
[-322, 203, 471]
[-323, 204, 470]
[-323, 204, 469]
[-324, 205, 468]
[-324, 206, 468]
[-324, 206, 467]
[-325, 207, 466]
[-325, 207, 465]
[-326, 208, 464]
[-326, 208, 464]
[-326, 209, 463]
[-327, 209, 462]
[-327, 210, 461]
[-327, 210, 460]
[-327, 211, 459]
[-328, 211, 458]
[-328, 212, 458]
[-328, 212, 457]
[-328, 213, 456]
[-328, 213, 455]
[-329, 214, 454]
[-329, 214, 453]
[-329, 215, 452]
[-329, 215, 451]
[-329, 216, 450]
[-329, 216, 449]
[-329, 217, 449]
[-329, 217, 448]
[-329, 217, 447]
[-330, 218, 446]
[-330, 218, 445]
[-330, 219, 444]
[-330, 219, 443]
[-330, 220, 442]
[-330, 220, 441]
[-330, 221, 440]
[-330, 221, 439]
[-330, 221, 438]
[-330, 222, 437]
[-330, 222, 436]
[-330, 223, 435]
[-330, 223, 434]
[-330, 224, 433]
[-330, 224, 432]
[-330, 224, 431]
[-330, 225, 430]
[-330, 225, 429]
[-329, 226, 428]
[-329, 226, 427]
[-329, 226, 426]
[-329, 227, 425]
[-329, 227, 424]
[-329, 227, 423]
[-329, 228, 421]
[-329, 228, 420]
[-329, 229, 419]
[-329, 229, 418]
[-329, 229, 417]
[-329, 230, 416]
[-329, 230, 415]
[-329, 230, 414]
[-329, 231, 413]
[-329, 231, 412]
[-329, 231, 411]
[-329, 231, 410]
[-329, 232, 409]
[-329, 232, 407]
[-329, 232, 406]
[-329, 233, 405]
[-329, 233, 404]
[-329, 233, 403]
[-329, 234, 402]
[-329, 234, 401]
[-329, 234, 400]
[-329, 234, 399]
[-329, 235, 398]
[-329, 235, 396]
[-329, 235, 395]
[-329, 235, 394]
[-329, 236, 393]
[-329, 236, 392]
[-329, 236, 391]
[-329, 236, 390]
[-329, 236, 389]
[-329, 237, 387]
[-329, 237, 386]
[-329, 237, 385]
[-329, 237, 384]
[-329, 237, 383]
[-329, 238, 382]
[-329, 238, 381]
[-329, 238, 380]
[-329, 238, 379]
[-329, 238, 377]
[-329, 238, 376]
[-329, 239, 375]
[-329, 239, 374]
[-329, 239, 373]
[-329, 239, 372]
[-329, 239, 371]
[-329, 239, 370]
[-329, 239, 368]
[-330, 239, 367]
[-330, 239, 366]
[-330, 240, 365]
[-330, 240, 364]
[-330, 240, 363]
[-330, 240, 362]
[-330, 240, 361]
[-330, 240, 360]
[-330, 240, 359]
[-330, 240, 357]
[-330, 240, 356]
[-330, 240, 355]
[-330, 240, 354]
[-330, 240, 353]
[-330, 240, 352]
