# Curve Parameters
# y_end: 228
# loops: 1
# A (south bulge): 140
# B (lateral wiggle): 80
# samples: 350
#
# Analysis Results
# max_grade: 0.881438
# length_3d: 452.86
# length_2d: 428.63
# min_horiz_step: 0.209470
# status: OK
#
# Coordinates (x, y, z)
#==================================================

[-199, 98, 410]
[-199, 98, 411]
[-199, 98, 413]
[-199, 98, 414]
[-199, 98, 415]
[-199, 98, 416]
[-199, 98, 418]
[-199, 98, 419]
[-199, 98, 420]
[-199, 98, 421]
[-199, 98, 422]
[-199, 98, 424]
[-199, 98, 425]
[-199, 99, 426]
[-199, 99, 427]
[-199, 99, 429]
[-199, 99, 430]
[-199, 99, 431]
[-199, 99, 432]
[-199, 99, 433]
[-199, 99, 435]
[-199, 99, 436]
[-199, 99, 437]
[-199, 100, 438]
[-199, 100, 439]
[-199, 100, 440]
[-199, 100, 442]
[-199, 100, 443]
[-199, 100, 444]
[-199, 101, 445]
[-199, 101, 446]
[-199, 101, 447]
[-199, 101, 448]
[-198, 101, 450]
[-198, 101, 451]
[-198, 102, 452]
[-198, 102, 453]
[-198, 102, 454]
[-198, 102, 455]
[-197, 103, 456]
[-197, 103, 457]
[-197, 103, 458]
[-197, 103, 459]
[-197, 103, 460]
[-196, 104, 461]
[-196, 104, 463]
[-196, 104, 464]
[-195, 104, 465]
[-195, 105, 466]
[-195, 105, 467]
[-194, 105, 468]
[-194, 106, 469]
[-194, 106, 470]
[-193, 106, 471]
[-193, 106, 472]
[-193, 107, 473]
[-192, 107, 474]
[-192, 107, 475]
[-191, 108, 476]
[-191, 108, 476]
[-191, 108, 477]
[-190, 109, 478]
[-190, 109, 479]
[-189, 109, 480]
[-189, 110, 481]
[-188, 110, 482]
[-188, 110, 483]
[-188, 111, 484]
[-187, 111, 485]
[-187, 111, 486]
[-186, 112, 486]
[-186, 112, 487]
[-185, 112, 488]
[-185, 113, 489]
[-184, 113, 490]
[-184, 113, 491]
[-184, 114, 491]
[-183, 114, 492]
[-183, 115, 493]
[-182, 115, 494]
[-182, 115, 495]
[-182, 116, 495]
[-181, 116, 496]
[-181, 117, 497]
[-181, 117, 498]
[-180, 117, 498]
[-180, 118, 499]
[-180, 118, 500]
[-179, 119, 500]
[-179, 119, 501]
[-179, 119, 502]
[-178, 120, 503]
[-178, 120, 503]
[-178, 121, 504]
[-178, 121, 504]
[-178, 122, 505]
[-178, 122, 506]
[-177, 123, 506]
[-177, 123, 507]
[-177, 123, 508]
[-177, 124, 508]
[-177, 124, 509]
[-177, 125, 509]
[-177, 125, 510]
[-177, 126, 510]
[-178, 126, 511]
[-178, 127, 511]
[-178, 127, 512]
[-178, 128, 512]
[-178, 128, 513]
[-179, 129, 513]
[-179, 129, 514]
[-179, 130, 514]
[-180, 130, 515]
[-180, 131, 515]
[-180, 131, 516]
[-181, 132, 516]
[-181, 132, 516]
[-182, 133, 517]
[-182, 133, 517]
[-183, 134, 518]
[-184, 134, 518]
[-184, 135, 518]
[-185, 135, 519]
[-186, 136, 519]
[-187, 136, 519]
[-188, 137, 520]
[-188, 137, 520]
[-189, 138, 520]
[-190, 138, 521]
[-191, 139, 521]
[-192, 139, 521]
[-193, 140, 521]
[-194, 140, 521]
[-196, 141, 522]
[-197, 141, 522]
[-198, 142, 522]
[-199, 142, 522]
[-200, 143, 522]
[-202, 143, 523]
[-203, 144, 523]
[-204, 145, 523]
[-206, 145, 523]
[-207, 146, 523]
[-209, 146, 523]
[-210, 147, 523]
[-212, 147, 523]
[-213, 148, 524]
[-215, 148, 524]
[-217, 149, 524]
[-218, 149, 524]
[-220, 150, 524]
[-222, 150, 524]
[-223, 151, 524]
[-225, 152, 524]
[-227, 152, 524]
[-229, 153, 524]
[-231, 153, 524]
[-232, 154, 524]
[-234, 154, 523]
[-236, 155, 523]
[-238, 155, 523]
[-240, 156, 523]
[-242, 157, 523]
[-244, 157, 523]
[-246, 158, 523]
[-248, 158, 523]
[-250, 159, 523]
[-252, 159, 522]
[-254, 160, 522]
[-256, 160, 522]
[-257, 161, 522]
[-259, 162, 522]
[-261, 162, 521]
[-263, 163, 521]
[-266, 163, 521]
[-268, 164, 521]
[-270, 164, 520]
[-272, 165, 520]
[-273, 166, 520]
[-275, 166, 519]
[-277, 167, 519]
[-279, 167, 519]
[-281, 168, 518]
[-283, 168, 518]
[-285, 169, 518]
[-287, 169, 517]
[-289, 170, 517]
[-291, 171, 517]
[-293, 171, 516]
[-295, 172, 516]
[-297, 172, 515]
[-298, 173, 515]
[-300, 173, 514]
[-302, 174, 514]
[-304, 174, 514]
[-306, 175, 513]
[-307, 176, 513]
[-309, 176, 512]
[-311, 177, 512]
[-312, 177, 511]
[-314, 178, 510]
[-316, 178, 510]
[-317, 179, 509]
[-319, 179, 509]
[-320, 180, 508]
[-322, 180, 508]
[-323, 181, 507]
[-325, 181, 506]
[-326, 182, 506]
[-327, 183, 505]
[-329, 183, 505]
[-330, 184, 504]
[-331, 184, 503]
[-332, 185, 503]
[-333, 185, 502]
[-335, 186, 501]
[-336, 186, 500]
[-337, 187, 500]
[-338, 187, 499]
[-339, 188, 498]
[-340, 188, 498]
[-341, 189, 497]
[-341, 189, 496]
[-342, 190, 495]
[-343, 190, 495]
[-344, 191, 494]
[-345, 191, 493]
[-345, 192, 492]
[-346, 192, 491]
[-347, 193, 491]
[-347, 193, 490]
[-348, 194, 489]
[-348, 194, 488]
[-349, 195, 487]
[-349, 195, 486]
[-349, 196, 485]
[-350, 196, 485]
[-350, 197, 484]
[-350, 197, 483]
[-351, 198, 482]
[-351, 198, 481]
[-351, 199, 480]
[-351, 199, 479]
[-351, 200, 478]
[-352, 200, 477]
[-352, 201, 476]
[-352, 201, 475]
[-352, 202, 474]
[-352, 202, 473]
[-352, 203, 472]
[-352, 203, 471]
[-352, 203, 470]
[-351, 204, 469]
[-351, 204, 468]
[-351, 205, 467]
[-351, 205, 466]
[-351, 206, 465]
[-351, 206, 464]
[-350, 207, 463]
[-350, 207, 462]
[-350, 207, 461]
[-349, 208, 460]
[-349, 208, 459]
[-349, 209, 458]
[-348, 209, 457]
[-348, 209, 455]
[-348, 210, 454]
[-347, 210, 453]
[-347, 211, 452]
[-347, 211, 451]
[-346, 211, 450]
[-346, 212, 449]
[-345, 212, 448]
[-345, 213, 446]
[-345, 213, 445]
[-344, 213, 444]
[-344, 214, 443]
[-343, 214, 442]
[-343, 214, 441]
[-342, 215, 439]
[-342, 215, 438]
[-341, 215, 437]
[-341, 216, 436]
[-341, 216, 435]
[-340, 216, 433]
[-340, 217, 432]
[-339, 217, 431]
[-339, 217, 430]
[-338, 218, 429]
[-338, 218, 427]
[-338, 218, 426]
[-337, 219, 425]
[-337, 219, 424]
[-336, 219, 422]
[-336, 220, 421]
[-336, 220, 420]
[-335, 220, 419]
[-335, 220, 417]
[-335, 221, 416]
[-334, 221, 415]
[-334, 221, 414]
[-334, 222, 412]
[-333, 222, 411]
[-333, 222, 410]
[-333, 222, 409]
[-332, 223, 407]
[-332, 223, 406]
[-332, 223, 405]
[-332, 223, 403]
[-332, 223, 402]
[-331, 224, 401]
[-331, 224, 400]
[-331, 224, 398]
[-331, 224, 397]
[-331, 225, 396]
[-331, 225, 394]
[-330, 225, 393]
[-330, 225, 392]
[-330, 225, 391]
[-330, 225, 389]
[-330, 226, 388]
[-330, 226, 387]
[-330, 226, 385]
[-330, 226, 384]
[-330, 226, 383]
[-330, 226, 382]
[-330, 227, 380]
[-330, 227, 379]
[-330, 227, 378]
[-330, 227, 376]
[-330, 227, 375]
[-330, 227, 374]
[-330, 227, 372]
[-330, 227, 371]
[-330, 227, 370]
[-330, 227, 369]
[-330, 228, 367]
[-330, 228, 366]
[-330, 228, 365]
[-330, 228, 363]
[-330, 228, 362]
[-330, 228, 361]
[-330, 228, 360]
[-330, 228, 358]
[-330, 228, 357]
[-330, 228, 356]
[-330, 228, 355]
[-330, 228, 353]
[-330, 228, 352]
