# Curve Parameters
# y_end: 224
# loops: 1
# A (south bulge): 140
# B (lateral wiggle): 40
# samples: 350
#
# Analysis Results
# max_grade: 0.764741
# length_3d: 399.59
# length_2d: 373.34
# min_horiz_step: 0.235202
# status: OK
#
# Coordinates (x, y, z)
#==================================================

[-199, 98, 410]
[-199, 98, 411]
[-199, 98, 413]
[-199, 98, 414]
[-199, 98, 415]
[-199, 98, 416]
[-199, 98, 418]
[-199, 98, 419]
[-199, 98, 420]
[-199, 98, 421]
[-199, 98, 422]
[-199, 98, 424]
[-199, 98, 425]
[-199, 99, 426]
[-199, 99, 427]
[-200, 99, 429]
[-200, 99, 430]
[-200, 99, 431]
[-200, 99, 432]
[-200, 99, 433]
[-200, 99, 435]
[-200, 99, 436]
[-200, 99, 437]
[-200, 100, 438]
[-200, 100, 439]
[-200, 100, 440]
[-200, 100, 442]
[-200, 100, 443]
[-200, 100, 444]
[-200, 100, 445]
[-200, 101, 446]
[-200, 101, 447]
[-200, 101, 448]
[-200, 101, 450]
[-200, 101, 451]
[-200, 102, 452]
[-200, 102, 453]
[-200, 102, 454]
[-200, 102, 455]
[-200, 102, 456]
[-200, 103, 457]
[-200, 103, 458]
[-200, 103, 459]
[-200, 103, 460]
[-200, 104, 461]
[-200, 104, 463]
[-200, 104, 464]
[-200, 104, 465]
[-200, 104, 466]
[-200, 105, 467]
[-200, 105, 468]
[-200, 105, 469]
[-200, 106, 470]
[-200, 106, 471]
[-200, 106, 472]
[-200, 106, 473]
[-200, 107, 474]
[-200, 107, 475]
[-200, 107, 476]
[-200, 108, 476]
[-200, 108, 477]
[-200, 108, 478]
[-200, 109, 479]
[-200, 109, 480]
[-200, 109, 481]
[-200, 109, 482]
[-200, 110, 483]
[-200, 110, 484]
[-200, 110, 485]
[-200, 111, 486]
[-199, 111, 486]
[-199, 112, 487]
[-199, 112, 488]
[-199, 112, 489]
[-199, 113, 490]
[-199, 113, 491]
[-199, 113, 491]
[-199, 114, 492]
[-199, 114, 493]
[-199, 114, 494]
[-199, 115, 495]
[-199, 115, 495]
[-199, 116, 496]
[-199, 116, 497]
[-199, 116, 498]
[-199, 117, 498]
[-199, 117, 499]
[-199, 118, 500]
[-200, 118, 500]
[-200, 118, 501]
[-200, 119, 502]
[-200, 119, 503]
[-200, 120, 503]
[-200, 120, 504]
[-200, 120, 504]
[-200, 121, 505]
[-200, 121, 506]
[-201, 122, 506]
[-201, 122, 507]
[-201, 123, 508]
[-201, 123, 508]
[-201, 124, 509]
[-202, 124, 509]
[-202, 124, 510]
[-202, 125, 510]
[-202, 125, 511]
[-203, 126, 511]
[-203, 126, 512]
[-203, 127, 512]
[-204, 127, 513]
[-204, 128, 513]
[-205, 128, 514]
[-205, 129, 514]
[-205, 129, 515]
[-206, 130, 515]
[-206, 130, 516]
[-207, 131, 516]
[-207, 131, 516]
[-208, 131, 517]
[-208, 132, 517]
[-209, 132, 518]
[-210, 133, 518]
[-210, 133, 518]
[-211, 134, 519]
[-211, 134, 519]
[-212, 135, 519]
[-213, 135, 520]
[-213, 136, 520]
[-214, 136, 520]
[-215, 137, 521]
[-216, 137, 521]
[-216, 138, 521]
[-217, 138, 521]
[-218, 139, 521]
[-219, 139, 522]
[-220, 140, 522]
[-221, 140, 522]
[-221, 141, 522]
[-222, 142, 522]
[-223, 142, 523]
[-224, 143, 523]
[-225, 143, 523]
[-226, 144, 523]
[-227, 144, 523]
[-228, 145, 523]
[-229, 145, 523]
[-230, 146, 523]
[-231, 146, 524]
[-232, 147, 524]
[-233, 147, 524]
[-235, 148, 524]
[-236, 148, 524]
[-237, 149, 524]
[-238, 149, 524]
[-239, 150, 524]
[-240, 150, 524]
[-241, 151, 524]
[-243, 152, 524]
[-244, 152, 524]
[-245, 153, 523]
[-246, 153, 523]
[-247, 154, 523]
[-249, 154, 523]
[-250, 155, 523]
[-251, 155, 523]
[-252, 156, 523]
[-254, 156, 523]
[-255, 157, 523]
[-256, 157, 522]
[-257, 158, 522]
[-259, 159, 522]
[-260, 159, 522]
[-261, 160, 522]
[-263, 160, 521]
[-264, 161, 521]
[-265, 161, 521]
[-266, 162, 521]
[-268, 162, 520]
[-269, 163, 520]
[-270, 163, 520]
[-272, 164, 519]
[-273, 165, 519]
[-274, 165, 519]
[-275, 166, 518]
[-277, 166, 518]
[-278, 167, 518]
[-279, 167, 517]
[-280, 168, 517]
[-282, 168, 517]
[-283, 169, 516]
[-284, 169, 516]
[-285, 170, 515]
[-286, 170, 515]
[-288, 171, 514]
[-289, 172, 514]
[-290, 172, 514]
[-291, 173, 513]
[-292, 173, 513]
[-293, 174, 512]
[-294, 174, 512]
[-296, 175, 511]
[-297, 175, 510]
[-298, 176, 510]
[-299, 176, 509]
[-300, 177, 509]
[-301, 177, 508]
[-302, 178, 508]
[-303, 178, 507]
[-304, 179, 506]
[-305, 179, 506]
[-306, 180, 505]
[-307, 180, 505]
[-308, 181, 504]
[-308, 182, 503]
[-309, 182, 503]
[-310, 183, 502]
[-311, 183, 501]
[-312, 184, 500]
[-313, 184, 500]
[-313, 185, 499]
[-314, 185, 498]
[-315, 186, 498]
[-316, 186, 497]
[-316, 187, 496]
[-317, 187, 495]
[-318, 188, 495]
[-318, 188, 494]
[-319, 189, 493]
[-319, 189, 492]
[-320, 190, 491]
[-321, 190, 491]
[-321, 191, 490]
[-322, 191, 489]
[-322, 191, 488]
[-323, 192, 487]
[-323, 192, 486]
[-324, 193, 485]
[-324, 193, 485]
[-324, 194, 484]
[-325, 194, 483]
[-325, 195, 482]
[-326, 195, 481]
[-326, 196, 480]
[-326, 196, 479]
[-327, 197, 478]
[-327, 197, 477]
[-327, 198, 476]
[-327, 198, 475]
[-328, 198, 474]
[-328, 199, 473]
[-328, 199, 472]
[-328, 200, 471]
[-328, 200, 470]
[-329, 201, 469]
[-329, 201, 468]
[-329, 202, 467]
[-329, 202, 466]
[-329, 202, 465]
[-329, 203, 464]
[-329, 203, 463]
[-329, 204, 462]
[-329, 204, 461]
[-330, 204, 460]
[-330, 205, 459]
[-330, 205, 458]
[-330, 206, 457]
[-330, 206, 455]
[-330, 206, 454]
[-330, 207, 453]
[-330, 207, 452]
[-330, 208, 451]
[-330, 208, 450]
[-330, 208, 449]
[-330, 209, 448]
[-330, 209, 446]
[-330, 209, 445]
[-330, 210, 444]
[-330, 210, 443]
[-330, 210, 442]
[-330, 211, 441]
[-329, 211, 439]
[-329, 212, 438]
[-329, 212, 437]
[-329, 212, 436]
[-329, 213, 435]
[-329, 213, 433]
[-329, 213, 432]
[-329, 213, 431]
[-329, 214, 430]
[-329, 214, 429]
[-329, 214, 427]
[-329, 215, 426]
[-329, 215, 425]
[-329, 215, 424]
[-329, 216, 422]
[-329, 216, 421]
[-329, 216, 420]
[-329, 216, 419]
[-329, 217, 417]
[-329, 217, 416]
[-329, 217, 415]
[-329, 218, 414]
[-329, 218, 412]
[-329, 218, 411]
[-329, 218, 410]
[-329, 218, 409]
[-329, 219, 407]
[-329, 219, 406]
[-329, 219, 405]
[-329, 219, 403]
[-329, 220, 402]
[-329, 220, 401]
[-329, 220, 400]
[-329, 220, 398]
[-329, 220, 397]
[-329, 221, 396]
[-329, 221, 394]
[-329, 221, 393]
[-329, 221, 392]
[-329, 221, 391]
[-329, 222, 389]
[-329, 222, 388]
[-329, 222, 387]
[-329, 222, 385]
[-329, 222, 384]
[-329, 222, 383]
[-329, 222, 382]
[-329, 223, 380]
[-329, 223, 379]
[-329, 223, 378]
[-329, 223, 376]
[-329, 223, 375]
[-329, 223, 374]
[-329, 223, 372]
[-329, 223, 371]
[-330, 223, 370]
[-330, 223, 369]
[-330, 224, 367]
[-330, 224, 366]
[-330, 224, 365]
[-330, 224, 363]
[-330, 224, 362]
[-330, 224, 361]
[-330, 224, 360]
[-330, 224, 358]
[-330, 224, 357]
[-330, 224, 356]
[-330, 224, 355]
[-330, 224, 353]
[-330, 224, 352]
