# Curve Parameters
# y_end: 246
# loops: 1
# A (south bulge): 140
# B (lateral wiggle): 10
# samples: 350
#
# Analysis Results
# max_grade: 0.931324
# length_3d: 384.36
# length_2d: 343.72
# min_horiz_step: 0.247671
# status: OK
#
# Coordinates (x, y, z)
#==================================================

[-199, 98, 410]
[-199, 98, 411]
[-199, 98, 413]
[-199, 98, 414]
[-199, 98, 415]
[-199, 98, 416]
[-199, 98, 418]
[-199, 98, 419]
[-199, 98, 420]
[-199, 98, 421]
[-199, 98, 422]
[-199, 98, 424]
[-199, 99, 425]
[-200, 99, 426]
[-200, 99, 427]
[-200, 99, 429]
[-200, 99, 430]
[-200, 99, 431]
[-200, 99, 432]
[-200, 99, 433]
[-200, 99, 435]
[-200, 100, 436]
[-200, 100, 437]
[-200, 100, 438]
[-201, 100, 439]
[-201, 100, 440]
[-201, 100, 442]
[-201, 101, 443]
[-201, 101, 444]
[-201, 101, 445]
[-201, 101, 446]
[-202, 101, 447]
[-202, 102, 448]
[-202, 102, 450]
[-202, 102, 451]
[-202, 102, 452]
[-202, 102, 453]
[-202, 103, 454]
[-203, 103, 455]
[-203, 103, 456]
[-203, 103, 457]
[-203, 104, 458]
[-203, 104, 459]
[-203, 104, 460]
[-204, 104, 461]
[-204, 105, 463]
[-204, 105, 464]
[-204, 105, 465]
[-204, 106, 466]
[-205, 106, 467]
[-205, 106, 468]
[-205, 107, 469]
[-205, 107, 470]
[-205, 107, 471]
[-206, 108, 472]
[-206, 108, 473]
[-206, 108, 474]
[-206, 109, 475]
[-207, 109, 476]
[-207, 109, 476]
[-207, 110, 477]
[-207, 110, 478]
[-207, 110, 479]
[-208, 111, 480]
[-208, 111, 481]
[-208, 111, 482]
[-208, 112, 483]
[-209, 112, 484]
[-209, 113, 485]
[-209, 113, 486]
[-209, 113, 486]
[-210, 114, 487]
[-210, 114, 488]
[-210, 115, 489]
[-210, 115, 490]
[-211, 116, 491]
[-211, 116, 491]
[-211, 116, 492]
[-212, 117, 493]
[-212, 117, 494]
[-212, 118, 495]
[-212, 118, 495]
[-213, 119, 496]
[-213, 119, 497]
[-213, 120, 498]
[-214, 120, 498]
[-214, 121, 499]
[-214, 121, 500]
[-215, 121, 500]
[-215, 122, 501]
[-215, 122, 502]
[-216, 123, 503]
[-216, 123, 503]
[-216, 124, 504]
[-217, 124, 504]
[-217, 125, 505]
[-218, 125, 506]
[-218, 126, 506]
[-218, 126, 507]
[-219, 127, 508]
[-219, 127, 508]
[-220, 128, 509]
[-220, 129, 509]
[-220, 129, 510]
[-221, 130, 510]
[-221, 130, 511]
[-222, 131, 511]
[-222, 131, 512]
[-223, 132, 512]
[-223, 132, 513]
[-223, 133, 513]
[-224, 133, 514]
[-224, 134, 514]
[-225, 134, 515]
[-225, 135, 515]
[-226, 136, 516]
[-226, 136, 516]
[-227, 137, 516]
[-227, 137, 517]
[-228, 138, 517]
[-228, 138, 518]
[-229, 139, 518]
[-229, 140, 518]
[-230, 140, 519]
[-230, 141, 519]
[-231, 141, 519]
[-232, 142, 520]
[-232, 143, 520]
[-233, 143, 520]
[-233, 144, 521]
[-234, 144, 521]
[-234, 145, 521]
[-235, 146, 521]
[-236, 146, 521]
[-236, 147, 522]
[-237, 147, 522]
[-238, 148, 522]
[-238, 149, 522]
[-239, 149, 522]
[-239, 150, 523]
[-240, 150, 523]
[-241, 151, 523]
[-241, 152, 523]
[-242, 152, 523]
[-243, 153, 523]
[-243, 153, 523]
[-244, 154, 523]
[-245, 155, 524]
[-245, 155, 524]
[-246, 156, 524]
[-247, 157, 524]
[-247, 157, 524]
[-248, 158, 524]
[-249, 158, 524]
[-250, 159, 524]
[-250, 160, 524]
[-251, 160, 524]
[-252, 161, 524]
[-252, 162, 524]
[-253, 162, 523]
[-254, 163, 523]
[-255, 163, 523]
[-255, 164, 523]
[-256, 165, 523]
[-257, 165, 523]
[-257, 166, 523]
[-258, 167, 523]
[-259, 167, 523]
[-260, 168, 522]
[-260, 169, 522]
[-261, 169, 522]
[-262, 170, 522]
[-263, 170, 522]
[-263, 171, 521]
[-264, 172, 521]
[-265, 172, 521]
[-266, 173, 521]
[-266, 174, 520]
[-267, 174, 520]
[-268, 175, 520]
[-269, 175, 519]
[-269, 176, 519]
[-270, 177, 519]
[-271, 177, 518]
[-272, 178, 518]
[-272, 179, 518]
[-273, 179, 517]
[-274, 180, 517]
[-274, 181, 517]
[-275, 181, 516]
[-276, 182, 516]
[-277, 182, 515]
[-277, 183, 515]
[-278, 184, 514]
[-279, 184, 514]
[-279, 185, 514]
[-280, 186, 513]
[-281, 186, 513]
[-282, 187, 512]
[-282, 187, 512]
[-283, 188, 511]
[-284, 189, 510]
[-284, 189, 510]
[-285, 190, 509]
[-286, 191, 509]
[-286, 191, 508]
[-287, 192, 508]
[-288, 192, 507]
[-288, 193, 506]
[-289, 194, 506]
[-290, 194, 505]
[-290, 195, 505]
[-291, 195, 504]
[-291, 196, 503]
[-292, 197, 503]
[-293, 197, 502]
[-293, 198, 501]
[-294, 198, 500]
[-295, 199, 500]
[-295, 200, 499]
[-296, 200, 498]
[-296, 201, 498]
[-297, 201, 497]
[-297, 202, 496]
[-298, 203, 495]
[-299, 203, 495]
[-299, 204, 494]
[-300, 204, 493]
[-300, 205, 492]
[-301, 206, 491]
[-301, 206, 491]
[-302, 207, 490]
[-302, 207, 489]
[-303, 208, 488]
[-303, 208, 487]
[-304, 209, 486]
[-304, 210, 485]
[-305, 210, 485]
[-305, 211, 484]
[-306, 211, 483]
[-306, 212, 482]
[-306, 212, 481]
[-307, 213, 480]
[-307, 213, 479]
[-308, 214, 478]
[-308, 214, 477]
[-309, 215, 476]
[-309, 215, 475]
[-309, 216, 474]
[-310, 217, 473]
[-310, 217, 472]
[-311, 218, 471]
[-311, 218, 470]
[-311, 219, 469]
[-312, 219, 468]
[-312, 220, 467]
[-313, 220, 466]
[-313, 221, 465]
[-313, 221, 464]
[-314, 222, 463]
[-314, 222, 462]
[-314, 223, 461]
[-315, 223, 460]
[-315, 223, 459]
[-315, 224, 458]
[-316, 224, 457]
[-316, 225, 455]
[-316, 225, 454]
[-317, 226, 453]
[-317, 226, 452]
[-317, 227, 451]
[-317, 227, 450]
[-318, 228, 449]
[-318, 228, 448]
[-318, 228, 446]
[-319, 229, 445]
[-319, 229, 444]
[-319, 230, 443]
[-319, 230, 442]
[-320, 231, 441]
[-320, 231, 439]
[-320, 231, 438]
[-320, 232, 437]
[-321, 232, 436]
[-321, 233, 435]
[-321, 233, 433]
[-321, 233, 432]
[-322, 234, 431]
[-322, 234, 430]
[-322, 234, 429]
[-322, 235, 427]
[-322, 235, 426]
[-323, 235, 425]
[-323, 236, 424]
[-323, 236, 422]
[-323, 236, 421]
[-324, 237, 420]
[-324, 237, 419]
[-324, 237, 417]
[-324, 238, 416]
[-324, 238, 415]
[-325, 238, 414]
[-325, 239, 412]
[-325, 239, 411]
[-325, 239, 410]
[-325, 240, 409]
[-326, 240, 407]
[-326, 240, 406]
[-326, 240, 405]
[-326, 241, 403]
[-326, 241, 402]
[-326, 241, 401]
[-327, 241, 400]
[-327, 242, 398]
[-327, 242, 397]
[-327, 242, 396]
[-327, 242, 394]
[-327, 242, 393]
[-327, 243, 392]
[-328, 243, 391]
[-328, 243, 389]
[-328, 243, 388]
[-328, 243, 387]
[-328, 244, 385]
[-328, 244, 384]
[-328, 244, 383]
[-329, 244, 382]
[-329, 244, 380]
[-329, 244, 379]
[-329, 245, 378]
[-329, 245, 376]
[-329, 245, 375]
[-329, 245, 374]
[-329, 245, 372]
[-329, 245, 371]
[-329, 245, 370]
[-329, 245, 369]
[-330, 245, 367]
[-330, 246, 366]
[-330, 246, 365]
[-330, 246, 363]
[-330, 246, 362]
[-330, 246, 361]
[-330, 246, 360]
[-330, 246, 358]
[-330, 246, 357]
[-330, 246, 356]
[-330, 246, 355]
[-330, 246, 353]
[-330, 246, 352]
