# Curve Parameters
# y_end: 252
# loops: 1
# A (south bulge): 140
# B (lateral wiggle): 10
# samples: 350
#
# Analysis Results
# max_grade: 0.969080
# length_3d: 387.40
# length_2d: 343.72
# min_horiz_step: 0.247671
# status: OK
#
# Coordinates (x, y, z)
#==================================================

[-199, 98, 410]
[-199, 98, 411]
[-199, 98, 413]
[-199, 98, 414]
[-199, 98, 415]
[-199, 98, 416]
[-199, 98, 418]
[-199, 98, 419]
[-199, 98, 420]
[-199, 98, 421]
[-199, 98, 422]
[-199, 98, 424]
[-199, 99, 425]
[-200, 99, 426]
[-200, 99, 427]
[-200, 99, 429]
[-200, 99, 430]
[-200, 99, 431]
[-200, 99, 432]
[-200, 99, 433]
[-200, 99, 435]
[-200, 100, 436]
[-200, 100, 437]
[-200, 100, 438]
[-201, 100, 439]
[-201, 100, 440]
[-201, 100, 442]
[-201, 101, 443]
[-201, 101, 444]
[-201, 101, 445]
[-201, 101, 446]
[-202, 101, 447]
[-202, 102, 448]
[-202, 102, 450]
[-202, 102, 451]
[-202, 102, 452]
[-202, 103, 453]
[-202, 103, 454]
[-203, 103, 455]
[-203, 103, 456]
[-203, 104, 457]
[-203, 104, 458]
[-203, 104, 459]
[-203, 104, 460]
[-204, 105, 461]
[-204, 105, 463]
[-204, 105, 464]
[-204, 106, 465]
[-204, 106, 466]
[-205, 106, 467]
[-205, 107, 468]
[-205, 107, 469]
[-205, 107, 470]
[-205, 108, 471]
[-206, 108, 472]
[-206, 108, 473]
[-206, 109, 474]
[-206, 109, 475]
[-207, 109, 476]
[-207, 110, 476]
[-207, 110, 477]
[-207, 110, 478]
[-207, 111, 479]
[-208, 111, 480]
[-208, 112, 481]
[-208, 112, 482]
[-208, 112, 483]
[-209, 113, 484]
[-209, 113, 485]
[-209, 114, 486]
[-209, 114, 486]
[-210, 115, 487]
[-210, 115, 488]
[-210, 115, 489]
[-210, 116, 490]
[-211, 116, 491]
[-211, 117, 491]
[-211, 117, 492]
[-212, 118, 493]
[-212, 118, 494]
[-212, 119, 495]
[-212, 119, 495]
[-213, 120, 496]
[-213, 120, 497]
[-213, 120, 498]
[-214, 121, 498]
[-214, 121, 499]
[-214, 122, 500]
[-215, 122, 500]
[-215, 123, 501]
[-215, 123, 502]
[-216, 124, 503]
[-216, 124, 503]
[-216, 125, 504]
[-217, 125, 504]
[-217, 126, 505]
[-218, 127, 506]
[-218, 127, 506]
[-218, 128, 507]
[-219, 128, 508]
[-219, 129, 508]
[-220, 129, 509]
[-220, 130, 509]
[-220, 130, 510]
[-221, 131, 510]
[-221, 131, 511]
[-222, 132, 511]
[-222, 133, 512]
[-223, 133, 512]
[-223, 134, 513]
[-223, 134, 513]
[-224, 135, 514]
[-224, 135, 514]
[-225, 136, 515]
[-225, 137, 515]
[-226, 137, 516]
[-226, 138, 516]
[-227, 138, 516]
[-227, 139, 517]
[-228, 140, 517]
[-228, 140, 518]
[-229, 141, 518]
[-229, 141, 518]
[-230, 142, 519]
[-230, 143, 519]
[-231, 143, 519]
[-232, 144, 520]
[-232, 144, 520]
[-233, 145, 520]
[-233, 146, 521]
[-234, 146, 521]
[-234, 147, 521]
[-235, 147, 521]
[-236, 148, 521]
[-236, 149, 522]
[-237, 149, 522]
[-238, 150, 522]
[-238, 151, 522]
[-239, 151, 522]
[-239, 152, 523]
[-240, 152, 523]
[-241, 153, 523]
[-241, 154, 523]
[-242, 154, 523]
[-243, 155, 523]
[-243, 156, 523]
[-244, 156, 523]
[-245, 157, 524]
[-245, 158, 524]
[-246, 158, 524]
[-247, 159, 524]
[-247, 160, 524]
[-248, 160, 524]
[-249, 161, 524]
[-250, 161, 524]
[-250, 162, 524]
[-251, 163, 524]
[-252, 163, 524]
[-252, 164, 524]
[-253, 165, 523]
[-254, 165, 523]
[-255, 166, 523]
[-255, 167, 523]
[-256, 167, 523]
[-257, 168, 523]
[-257, 169, 523]
[-258, 169, 523]
[-259, 170, 523]
[-260, 171, 522]
[-260, 171, 522]
[-261, 172, 522]
[-262, 173, 522]
[-263, 173, 522]
[-263, 174, 521]
[-264, 175, 521]
[-265, 175, 521]
[-266, 176, 521]
[-266, 177, 520]
[-267, 177, 520]
[-268, 178, 520]
[-269, 179, 519]
[-269, 179, 519]
[-270, 180, 519]
[-271, 181, 518]
[-272, 181, 518]
[-272, 182, 518]
[-273, 183, 517]
[-274, 183, 517]
[-274, 184, 517]
[-275, 185, 516]
[-276, 185, 516]
[-277, 186, 515]
[-277, 187, 515]
[-278, 187, 514]
[-279, 188, 514]
[-279, 189, 514]
[-280, 189, 513]
[-281, 190, 513]
[-282, 190, 512]
[-282, 191, 512]
[-283, 192, 511]
[-284, 192, 510]
[-284, 193, 510]
[-285, 194, 509]
[-286, 194, 509]
[-286, 195, 508]
[-287, 196, 508]
[-288, 196, 507]
[-288, 197, 506]
[-289, 198, 506]
[-290, 198, 505]
[-290, 199, 505]
[-291, 199, 504]
[-291, 200, 503]
[-292, 201, 503]
[-293, 201, 502]
[-293, 202, 501]
[-294, 203, 500]
[-295, 203, 500]
[-295, 204, 499]
[-296, 204, 498]
[-296, 205, 498]
[-297, 206, 497]
[-297, 206, 496]
[-298, 207, 495]
[-299, 207, 495]
[-299, 208, 494]
[-300, 209, 493]
[-300, 209, 492]
[-301, 210, 491]
[-301, 210, 491]
[-302, 211, 490]
[-302, 212, 489]
[-303, 212, 488]
[-303, 213, 487]
[-304, 213, 486]
[-304, 214, 485]
[-305, 215, 485]
[-305, 215, 484]
[-306, 216, 483]
[-306, 216, 482]
[-306, 217, 481]
[-307, 217, 480]
[-307, 218, 479]
[-308, 219, 478]
[-308, 219, 477]
[-309, 220, 476]
[-309, 220, 475]
[-309, 221, 474]
[-310, 221, 473]
[-310, 222, 472]
[-311, 222, 471]
[-311, 223, 470]
[-311, 223, 469]
[-312, 224, 468]
[-312, 225, 467]
[-313, 225, 466]
[-313, 226, 465]
[-313, 226, 464]
[-314, 227, 463]
[-314, 227, 462]
[-314, 228, 461]
[-315, 228, 460]
[-315, 229, 459]
[-315, 229, 458]
[-316, 230, 457]
[-316, 230, 455]
[-316, 230, 454]
[-317, 231, 453]
[-317, 231, 452]
[-317, 232, 451]
[-317, 232, 450]
[-318, 233, 449]
[-318, 233, 448]
[-318, 234, 446]
[-319, 234, 445]
[-319, 235, 444]
[-319, 235, 443]
[-319, 235, 442]
[-320, 236, 441]
[-320, 236, 439]
[-320, 237, 438]
[-320, 237, 437]
[-321, 238, 436]
[-321, 238, 435]
[-321, 238, 433]
[-321, 239, 432]
[-322, 239, 431]
[-322, 240, 430]
[-322, 240, 429]
[-322, 240, 427]
[-322, 241, 426]
[-323, 241, 425]
[-323, 241, 424]
[-323, 242, 422]
[-323, 242, 421]
[-324, 242, 420]
[-324, 243, 419]
[-324, 243, 417]
[-324, 243, 416]
[-324, 244, 415]
[-325, 244, 414]
[-325, 244, 412]
[-325, 245, 411]
[-325, 245, 410]
[-325, 245, 409]
[-326, 246, 407]
[-326, 246, 406]
[-326, 246, 405]
[-326, 246, 403]
[-326, 247, 402]
[-326, 247, 401]
[-327, 247, 400]
[-327, 247, 398]
[-327, 248, 397]
[-327, 248, 396]
[-327, 248, 394]
[-327, 248, 393]
[-327, 249, 392]
[-328, 249, 391]
[-328, 249, 389]
[-328, 249, 388]
[-328, 249, 387]
[-328, 250, 385]
[-328, 250, 384]
[-328, 250, 383]
[-329, 250, 382]
[-329, 250, 380]
[-329, 250, 379]
[-329, 251, 378]
[-329, 251, 376]
[-329, 251, 375]
[-329, 251, 374]
[-329, 251, 372]
[-329, 251, 371]
[-329, 251, 370]
[-329, 251, 369]
[-330, 251, 367]
[-330, 252, 366]
[-330, 252, 365]
[-330, 252, 363]
[-330, 252, 362]
[-330, 252, 361]
[-330, 252, 360]
[-330, 252, 358]
[-330, 252, 357]
[-330, 252, 356]
[-330, 252, 355]
[-330, 252, 353]
[-330, 252, 352]
