# Curve Parameters
# y_end: 262
# loops: 1
# A (south bulge): 140
# B (lateral wiggle): 20
# samples: 350
#
# Analysis Results
# max_grade: 0.973390
# length_3d: 398.98
# length_2d: 352.40
# min_horiz_step: 0.249812
# status: OK
#
# Coordinates (x, y, z)
#==================================================

[-199, 98, 410]
[-199, 98, 411]
[-199, 98, 413]
[-199, 98, 414]
[-199, 98, 415]
[-199, 98, 416]
[-199, 98, 418]
[-199, 98, 419]
[-199, 98, 420]
[-199, 98, 421]
[-199, 98, 422]
[-199, 98, 424]
[-199, 99, 425]
[-199, 99, 426]
[-200, 99, 427]
[-200, 99, 429]
[-200, 99, 430]
[-200, 99, 431]
[-200, 99, 432]
[-200, 99, 433]
[-200, 100, 435]
[-200, 100, 436]
[-200, 100, 437]
[-200, 100, 438]
[-200, 100, 439]
[-200, 100, 440]
[-201, 101, 442]
[-201, 101, 443]
[-201, 101, 444]
[-201, 101, 445]
[-201, 101, 446]
[-201, 102, 447]
[-201, 102, 448]
[-201, 102, 450]
[-201, 102, 451]
[-202, 103, 452]
[-202, 103, 453]
[-202, 103, 454]
[-202, 103, 455]
[-202, 104, 456]
[-202, 104, 457]
[-202, 104, 458]
[-202, 105, 459]
[-202, 105, 460]
[-203, 105, 461]
[-203, 105, 463]
[-203, 106, 464]
[-203, 106, 465]
[-203, 106, 466]
[-203, 107, 467]
[-203, 107, 468]
[-203, 107, 469]
[-204, 108, 470]
[-204, 108, 471]
[-204, 109, 472]
[-204, 109, 473]
[-204, 109, 474]
[-204, 110, 475]
[-204, 110, 476]
[-204, 110, 476]
[-205, 111, 477]
[-205, 111, 478]
[-205, 112, 479]
[-205, 112, 480]
[-205, 113, 481]
[-205, 113, 482]
[-205, 113, 483]
[-206, 114, 484]
[-206, 114, 485]
[-206, 115, 486]
[-206, 115, 486]
[-206, 116, 487]
[-206, 116, 488]
[-207, 117, 489]
[-207, 117, 490]
[-207, 117, 491]
[-207, 118, 491]
[-207, 118, 492]
[-207, 119, 493]
[-208, 119, 494]
[-208, 120, 495]
[-208, 120, 495]
[-208, 121, 496]
[-208, 121, 497]
[-209, 122, 498]
[-209, 122, 498]
[-209, 123, 499]
[-209, 123, 500]
[-210, 124, 500]
[-210, 125, 501]
[-210, 125, 502]
[-210, 126, 503]
[-211, 126, 503]
[-211, 127, 504]
[-211, 127, 504]
[-212, 128, 505]
[-212, 128, 506]
[-212, 129, 506]
[-212, 130, 507]
[-213, 130, 508]
[-213, 131, 508]
[-213, 131, 509]
[-214, 132, 509]
[-214, 132, 510]
[-215, 133, 510]
[-215, 134, 511]
[-215, 134, 511]
[-216, 135, 512]
[-216, 135, 512]
[-217, 136, 513]
[-217, 137, 513]
[-217, 137, 514]
[-218, 138, 514]
[-218, 138, 515]
[-219, 139, 515]
[-219, 140, 516]
[-220, 140, 516]
[-220, 141, 516]
[-221, 142, 517]
[-221, 142, 517]
[-222, 143, 518]
[-222, 143, 518]
[-223, 144, 518]
[-224, 145, 519]
[-224, 145, 519]
[-225, 146, 519]
[-225, 147, 520]
[-226, 147, 520]
[-227, 148, 520]
[-227, 149, 521]
[-228, 149, 521]
[-228, 150, 521]
[-229, 151, 521]
[-230, 151, 521]
[-230, 152, 522]
[-231, 153, 522]
[-232, 153, 522]
[-233, 154, 522]
[-233, 155, 522]
[-234, 155, 523]
[-235, 156, 523]
[-236, 157, 523]
[-236, 157, 523]
[-237, 158, 523]
[-238, 159, 523]
[-239, 159, 523]
[-239, 160, 523]
[-240, 161, 524]
[-241, 161, 524]
[-242, 162, 524]
[-243, 163, 524]
[-243, 164, 524]
[-244, 164, 524]
[-245, 165, 524]
[-246, 166, 524]
[-247, 166, 524]
[-248, 167, 524]
[-249, 168, 524]
[-250, 168, 524]
[-250, 169, 523]
[-251, 170, 523]
[-252, 171, 523]
[-253, 171, 523]
[-254, 172, 523]
[-255, 173, 523]
[-256, 173, 523]
[-257, 174, 523]
[-258, 175, 523]
[-259, 175, 522]
[-259, 176, 522]
[-260, 177, 522]
[-261, 178, 522]
[-262, 178, 522]
[-263, 179, 521]
[-264, 180, 521]
[-265, 180, 521]
[-266, 181, 521]
[-267, 182, 520]
[-268, 182, 520]
[-269, 183, 520]
[-270, 184, 519]
[-270, 185, 519]
[-271, 185, 519]
[-272, 186, 518]
[-273, 187, 518]
[-274, 187, 518]
[-275, 188, 517]
[-276, 189, 517]
[-277, 189, 517]
[-278, 190, 516]
[-279, 191, 516]
[-279, 192, 515]
[-280, 192, 515]
[-281, 193, 514]
[-282, 194, 514]
[-283, 194, 514]
[-284, 195, 513]
[-285, 196, 513]
[-286, 196, 512]
[-286, 197, 512]
[-287, 198, 511]
[-288, 199, 510]
[-289, 199, 510]
[-290, 200, 509]
[-290, 201, 509]
[-291, 201, 508]
[-292, 202, 508]
[-293, 203, 507]
[-293, 203, 506]
[-294, 204, 506]
[-295, 205, 505]
[-296, 205, 505]
[-296, 206, 504]
[-297, 207, 503]
[-298, 207, 503]
[-299, 208, 502]
[-299, 209, 501]
[-300, 209, 500]
[-301, 210, 500]
[-301, 211, 499]
[-302, 211, 498]
[-302, 212, 498]
[-303, 213, 497]
[-304, 213, 496]
[-304, 214, 495]
[-305, 215, 495]
[-305, 215, 494]
[-306, 216, 493]
[-307, 217, 492]
[-307, 217, 491]
[-308, 218, 491]
[-308, 218, 490]
[-309, 219, 489]
[-309, 220, 488]
[-310, 220, 487]
[-310, 221, 486]
[-311, 222, 485]
[-311, 222, 485]
[-312, 223, 484]
[-312, 223, 483]
[-312, 224, 482]
[-313, 225, 481]
[-313, 225, 480]
[-314, 226, 479]
[-314, 226, 478]
[-314, 227, 477]
[-315, 228, 476]
[-315, 228, 475]
[-316, 229, 474]
[-316, 229, 473]
[-316, 230, 472]
[-317, 230, 471]
[-317, 231, 470]
[-317, 232, 469]
[-317, 232, 468]
[-318, 233, 467]
[-318, 233, 466]
[-318, 234, 465]
[-319, 234, 464]
[-319, 235, 463]
[-319, 235, 462]
[-319, 236, 461]
[-320, 237, 460]
[-320, 237, 459]
[-320, 238, 458]
[-320, 238, 457]
[-321, 239, 455]
[-321, 239, 454]
[-321, 240, 453]
[-321, 240, 452]
[-321, 241, 451]
[-322, 241, 450]
[-322, 242, 449]
[-322, 242, 448]
[-322, 243, 446]
[-322, 243, 445]
[-322, 243, 444]
[-323, 244, 443]
[-323, 244, 442]
[-323, 245, 441]
[-323, 245, 439]
[-323, 246, 438]
[-323, 246, 437]
[-324, 247, 436]
[-324, 247, 435]
[-324, 247, 433]
[-324, 248, 432]
[-324, 248, 431]
[-324, 249, 430]
[-324, 249, 429]
[-325, 250, 427]
[-325, 250, 426]
[-325, 250, 425]
[-325, 251, 424]
[-325, 251, 422]
[-325, 251, 421]
[-325, 252, 420]
[-325, 252, 419]
[-326, 253, 417]
[-326, 253, 416]
[-326, 253, 415]
[-326, 254, 414]
[-326, 254, 412]
[-326, 254, 411]
[-326, 255, 410]
[-326, 255, 409]
[-327, 255, 407]
[-327, 255, 406]
[-327, 256, 405]
[-327, 256, 403]
[-327, 256, 402]
[-327, 257, 401]
[-327, 257, 400]
[-327, 257, 398]
[-327, 257, 397]
[-328, 258, 396]
[-328, 258, 394]
[-328, 258, 393]
[-328, 258, 392]
[-328, 259, 391]
[-328, 259, 389]
[-328, 259, 388]
[-328, 259, 387]
[-328, 259, 385]
[-329, 260, 384]
[-329, 260, 383]
[-329, 260, 382]
[-329, 260, 380]
[-329, 260, 379]
[-329, 260, 378]
[-329, 261, 376]
[-329, 261, 375]
[-329, 261, 374]
[-329, 261, 372]
[-329, 261, 371]
[-329, 261, 370]
[-330, 261, 369]
[-330, 261, 367]
[-330, 262, 366]
[-330, 262, 365]
[-330, 262, 363]
[-330, 262, 362]
[-330, 262, 361]
[-330, 262, 360]
[-330, 262, 358]
[-330, 262, 357]
[-330, 262, 356]
[-330, 262, 355]
[-330, 262, 353]
[-330, 262, 352]
