# Curve Parameters
# y_end: 242
# loops: 1
# A (south bulge): 140
# B (lateral wiggle): 30
# samples: 350
#
# Analysis Results
# max_grade: 0.855458
# length_3d: 397.39
# length_2d: 362.28
# min_horiz_step: 0.243295
# status: OK
#
# Coordinates (x, y, z)
#==================================================

[-199, 98, 410]
[-199, 98, 411]
[-199, 98, 413]
[-199, 98, 414]
[-199, 98, 415]
[-199, 98, 416]
[-199, 98, 418]
[-199, 98, 419]
[-199, 98, 420]
[-199, 98, 421]
[-199, 98, 422]
[-199, 98, 424]
[-199, 98, 425]
[-199, 99, 426]
[-199, 99, 427]
[-200, 99, 429]
[-200, 99, 430]
[-200, 99, 431]
[-200, 99, 432]
[-200, 99, 433]
[-200, 99, 435]
[-200, 100, 436]
[-200, 100, 437]
[-200, 100, 438]
[-200, 100, 439]
[-200, 100, 440]
[-200, 100, 442]
[-200, 100, 443]
[-200, 101, 444]
[-201, 101, 445]
[-201, 101, 446]
[-201, 101, 447]
[-201, 101, 448]
[-201, 102, 450]
[-201, 102, 451]
[-201, 102, 452]
[-201, 102, 453]
[-201, 103, 454]
[-201, 103, 455]
[-201, 103, 456]
[-201, 103, 457]
[-201, 103, 458]
[-201, 104, 459]
[-201, 104, 460]
[-202, 104, 461]
[-202, 105, 463]
[-202, 105, 464]
[-202, 105, 465]
[-202, 105, 466]
[-202, 106, 467]
[-202, 106, 468]
[-202, 106, 469]
[-202, 107, 470]
[-202, 107, 471]
[-202, 107, 472]
[-202, 108, 473]
[-202, 108, 474]
[-202, 108, 475]
[-202, 109, 476]
[-202, 109, 476]
[-202, 109, 477]
[-202, 110, 478]
[-202, 110, 479]
[-202, 110, 480]
[-202, 111, 481]
[-203, 111, 482]
[-203, 112, 483]
[-203, 112, 484]
[-203, 112, 485]
[-203, 113, 486]
[-203, 113, 486]
[-203, 113, 487]
[-203, 114, 488]
[-203, 114, 489]
[-203, 115, 490]
[-203, 115, 491]
[-203, 116, 491]
[-203, 116, 492]
[-203, 116, 493]
[-203, 117, 494]
[-204, 117, 495]
[-204, 118, 495]
[-204, 118, 496]
[-204, 119, 497]
[-204, 119, 498]
[-204, 119, 498]
[-204, 120, 499]
[-204, 120, 500]
[-205, 121, 500]
[-205, 121, 501]
[-205, 122, 502]
[-205, 122, 503]
[-205, 123, 503]
[-205, 123, 504]
[-206, 124, 504]
[-206, 124, 505]
[-206, 125, 506]
[-206, 125, 506]
[-207, 126, 507]
[-207, 126, 508]
[-207, 127, 508]
[-207, 127, 509]
[-208, 128, 509]
[-208, 128, 510]
[-208, 129, 510]
[-209, 129, 511]
[-209, 130, 511]
[-209, 130, 512]
[-210, 131, 512]
[-210, 131, 513]
[-211, 132, 513]
[-211, 132, 514]
[-211, 133, 514]
[-212, 134, 515]
[-212, 134, 515]
[-213, 135, 516]
[-213, 135, 516]
[-214, 136, 516]
[-214, 136, 517]
[-215, 137, 517]
[-215, 137, 518]
[-216, 138, 518]
[-217, 138, 518]
[-217, 139, 519]
[-218, 140, 519]
[-218, 140, 519]
[-219, 141, 520]
[-220, 141, 520]
[-220, 142, 520]
[-221, 142, 521]
[-222, 143, 521]
[-222, 144, 521]
[-223, 144, 521]
[-224, 145, 521]
[-225, 145, 522]
[-225, 146, 522]
[-226, 147, 522]
[-227, 147, 522]
[-228, 148, 522]
[-229, 148, 523]
[-230, 149, 523]
[-230, 150, 523]
[-231, 150, 523]
[-232, 151, 523]
[-233, 151, 523]
[-234, 152, 523]
[-235, 153, 523]
[-236, 153, 524]
[-237, 154, 524]
[-238, 154, 524]
[-239, 155, 524]
[-240, 156, 524]
[-241, 156, 524]
[-242, 157, 524]
[-243, 157, 524]
[-244, 158, 524]
[-245, 159, 524]
[-246, 159, 524]
[-247, 160, 524]
[-248, 160, 523]
[-249, 161, 523]
[-250, 162, 523]
[-251, 162, 523]
[-252, 163, 523]
[-253, 164, 523]
[-254, 164, 523]
[-255, 165, 523]
[-256, 165, 523]
[-257, 166, 522]
[-258, 167, 522]
[-260, 167, 522]
[-261, 168, 522]
[-262, 168, 522]
[-263, 169, 521]
[-264, 170, 521]
[-265, 170, 521]
[-266, 171, 521]
[-267, 172, 520]
[-268, 172, 520]
[-269, 173, 520]
[-271, 173, 519]
[-272, 174, 519]
[-273, 175, 519]
[-274, 175, 518]
[-275, 176, 518]
[-276, 176, 518]
[-277, 177, 517]
[-278, 178, 517]
[-279, 178, 517]
[-280, 179, 516]
[-281, 180, 516]
[-282, 180, 515]
[-283, 181, 515]
[-284, 181, 514]
[-285, 182, 514]
[-286, 183, 514]
[-287, 183, 513]
[-288, 184, 513]
[-289, 184, 512]
[-290, 185, 512]
[-291, 186, 511]
[-292, 186, 510]
[-293, 187, 510]
[-294, 187, 509]
[-295, 188, 509]
[-296, 189, 508]
[-297, 189, 508]
[-298, 190, 507]
[-299, 190, 506]
[-299, 191, 506]
[-300, 192, 505]
[-301, 192, 505]
[-302, 193, 504]
[-303, 193, 503]
[-304, 194, 503]
[-304, 195, 502]
[-305, 195, 501]
[-306, 196, 500]
[-307, 196, 500]
[-307, 197, 499]
[-308, 198, 498]
[-309, 198, 498]
[-309, 199, 497]
[-310, 199, 496]
[-311, 200, 495]
[-311, 200, 495]
[-312, 201, 494]
[-312, 202, 493]
[-313, 202, 492]
[-314, 203, 491]
[-314, 203, 491]
[-315, 204, 490]
[-315, 204, 489]
[-316, 205, 488]
[-316, 205, 487]
[-317, 206, 486]
[-317, 206, 485]
[-318, 207, 485]
[-318, 208, 484]
[-318, 208, 483]
[-319, 209, 482]
[-319, 209, 481]
[-320, 210, 480]
[-320, 210, 479]
[-320, 211, 478]
[-321, 211, 477]
[-321, 212, 476]
[-321, 212, 475]
[-322, 213, 474]
[-322, 213, 473]
[-322, 214, 472]
[-322, 214, 471]
[-323, 215, 470]
[-323, 215, 469]
[-323, 216, 468]
[-323, 216, 467]
[-324, 217, 466]
[-324, 217, 465]
[-324, 218, 464]
[-324, 218, 463]
[-324, 219, 462]
[-324, 219, 461]
[-325, 220, 460]
[-325, 220, 459]
[-325, 221, 458]
[-325, 221, 457]
[-325, 221, 455]
[-325, 222, 454]
[-325, 222, 453]
[-325, 223, 452]
[-326, 223, 451]
[-326, 224, 450]
[-326, 224, 449]
[-326, 224, 448]
[-326, 225, 446]
[-326, 225, 445]
[-326, 226, 444]
[-326, 226, 443]
[-326, 227, 442]
[-326, 227, 441]
[-326, 227, 439]
[-326, 228, 438]
[-326, 228, 437]
[-326, 228, 436]
[-326, 229, 435]
[-327, 229, 433]
[-327, 230, 432]
[-327, 230, 431]
[-327, 230, 430]
[-327, 231, 429]
[-327, 231, 427]
[-327, 231, 426]
[-327, 232, 425]
[-327, 232, 424]
[-327, 232, 422]
[-327, 233, 421]
[-327, 233, 420]
[-327, 233, 419]
[-327, 234, 417]
[-327, 234, 416]
[-327, 234, 415]
[-327, 235, 414]
[-327, 235, 412]
[-327, 235, 411]
[-327, 235, 410]
[-327, 236, 409]
[-328, 236, 407]
[-328, 236, 406]
[-328, 237, 405]
[-328, 237, 403]
[-328, 237, 402]
[-328, 237, 401]
[-328, 237, 400]
[-328, 238, 398]
[-328, 238, 397]
[-328, 238, 396]
[-328, 238, 394]
[-328, 239, 393]
[-328, 239, 392]
[-328, 239, 391]
[-328, 239, 389]
[-329, 239, 388]
[-329, 240, 387]
[-329, 240, 385]
[-329, 240, 384]
[-329, 240, 383]
[-329, 240, 382]
[-329, 240, 380]
[-329, 240, 379]
[-329, 241, 378]
[-329, 241, 376]
[-329, 241, 375]
[-329, 241, 374]
[-329, 241, 372]
[-329, 241, 371]
[-330, 241, 370]
[-330, 241, 369]
[-330, 242, 367]
[-330, 242, 366]
[-330, 242, 365]
[-330, 242, 363]
[-330, 242, 362]
[-330, 242, 361]
[-330, 242, 360]
[-330, 242, 358]
[-330, 242, 357]
[-330, 242, 356]
[-330, 242, 355]
[-330, 242, 353]
[-330, 242, 352]
