# Curve Parameters
# y_end: 226
# loops: 0
# A (south bulge): 120
# B (lateral wiggle): 30
# samples: 350
#
# Analysis Results
# max_grade: 0.977098
# length_3d: 336.11
# length_2d: 301.03
# min_horiz_step: 0.212773
# status: OK
#
# Coordinates (x, y, z)
#==================================================

[-199, 98, 410]
[-199, 98, 411]
[-199, 98, 412]
[-199, 98, 413]
[-199, 98, 414]
[-199, 98, 415]
[-199, 98, 416]
[-199, 98, 417]
[-199, 98, 419]
[-199, 98, 420]
[-199, 98, 421]
[-199, 98, 422]
[-199, 98, 423]
[-200, 99, 424]
[-200, 99, 425]
[-200, 99, 426]
[-200, 99, 427]
[-200, 99, 428]
[-200, 99, 429]
[-200, 99, 430]
[-200, 99, 431]
[-200, 99, 432]
[-200, 99, 433]
[-201, 100, 434]
[-201, 100, 435]
[-201, 100, 436]
[-201, 100, 437]
[-201, 100, 438]
[-201, 100, 439]
[-202, 101, 440]
[-202, 101, 441]
[-202, 101, 442]
[-202, 101, 443]
[-202, 101, 444]
[-202, 101, 445]
[-203, 102, 446]
[-203, 102, 446]
[-203, 102, 447]
[-203, 102, 448]
[-204, 102, 449]
[-204, 103, 450]
[-204, 103, 451]
[-204, 103, 452]
[-204, 103, 453]
[-205, 104, 454]
[-205, 104, 455]
[-205, 104, 456]
[-205, 104, 456]
[-206, 105, 457]
[-206, 105, 458]
[-206, 105, 459]
[-207, 105, 460]
[-207, 106, 461]
[-207, 106, 461]
[-207, 106, 462]
[-208, 107, 463]
[-208, 107, 464]
[-208, 107, 465]
[-209, 107, 466]
[-209, 108, 466]
[-209, 108, 467]
[-210, 108, 468]
[-210, 109, 469]
[-210, 109, 469]
[-211, 109, 470]
[-211, 110, 471]
[-211, 110, 472]
[-212, 110, 472]
[-212, 111, 473]
[-212, 111, 474]
[-213, 111, 475]
[-213, 112, 475]
[-213, 112, 476]
[-214, 112, 477]
[-214, 113, 477]
[-215, 113, 478]
[-215, 114, 479]
[-215, 114, 479]
[-216, 114, 480]
[-216, 115, 481]
[-216, 115, 481]
[-217, 115, 482]
[-217, 116, 483]
[-218, 116, 483]
[-218, 117, 484]
[-219, 117, 484]
[-219, 117, 485]
[-219, 118, 486]
[-220, 118, 486]
[-220, 119, 487]
[-221, 119, 487]
[-221, 120, 488]
[-222, 120, 488]
[-222, 120, 489]
[-222, 121, 489]
[-223, 121, 490]
[-223, 122, 491]
[-224, 122, 491]
[-224, 123, 492]
[-225, 123, 492]
[-225, 124, 492]
[-226, 124, 493]
[-226, 124, 493]
[-226, 125, 494]
[-227, 125, 494]
[-227, 126, 495]
[-228, 126, 495]
[-228, 127, 496]
[-229, 127, 496]
[-229, 128, 496]
[-230, 128, 497]
[-230, 129, 497]
[-231, 129, 497]
[-231, 130, 498]
[-232, 130, 498]
[-232, 131, 498]
[-233, 131, 499]
[-233, 132, 499]
[-234, 132, 499]
[-234, 132, 500]
[-235, 133, 500]
[-235, 133, 500]
[-236, 134, 501]
[-236, 134, 501]
[-237, 135, 501]
[-237, 135, 501]
[-238, 136, 502]
[-238, 137, 502]
[-239, 137, 502]
[-239, 138, 502]
[-240, 138, 502]
[-241, 139, 503]
[-241, 139, 503]
[-242, 140, 503]
[-242, 140, 503]
[-243, 141, 503]
[-243, 141, 503]
[-244, 142, 503]
[-244, 142, 504]
[-245, 143, 504]
[-245, 143, 504]
[-246, 144, 504]
[-246, 144, 504]
[-247, 145, 504]
[-248, 145, 504]
[-248, 146, 504]
[-249, 146, 504]
[-249, 147, 504]
[-250, 148, 504]
[-250, 148, 504]
[-251, 149, 504]
[-251, 149, 504]
[-252, 150, 504]
[-252, 150, 504]
[-253, 151, 504]
[-254, 151, 504]
[-254, 152, 504]
[-255, 152, 504]
[-255, 153, 504]
[-256, 153, 504]
[-256, 154, 504]
[-257, 155, 503]
[-257, 155, 503]
[-258, 156, 503]
[-259, 156, 503]
[-259, 157, 503]
[-260, 157, 503]
[-260, 158, 503]
[-261, 158, 502]
[-261, 159, 502]
[-262, 160, 502]
[-263, 160, 502]
[-263, 161, 502]
[-264, 161, 501]
[-264, 162, 501]
[-265, 162, 501]
[-265, 163, 501]
[-266, 163, 500]
[-266, 164, 500]
[-267, 164, 500]
[-268, 165, 499]
[-268, 166, 499]
[-269, 166, 499]
[-269, 167, 499]
[-270, 167, 498]
[-270, 168, 498]
[-271, 168, 497]
[-272, 169, 497]
[-272, 169, 497]
[-273, 170, 496]
[-273, 171, 496]
[-274, 171, 496]
[-274, 172, 495]
[-275, 172, 495]
[-275, 173, 494]
[-276, 173, 494]
[-277, 174, 493]
[-277, 174, 493]
[-278, 175, 493]
[-278, 175, 492]
[-279, 176, 492]
[-279, 176, 491]
[-280, 177, 491]
[-280, 178, 490]
[-281, 178, 490]
[-281, 179, 489]
[-282, 179, 488]
[-283, 180, 488]
[-283, 180, 487]
[-284, 181, 487]
[-284, 181, 486]
[-285, 182, 486]
[-285, 182, 485]
[-286, 183, 484]
[-286, 183, 484]
[-287, 184, 483]
[-287, 184, 483]
[-288, 185, 482]
[-288, 185, 481]
[-289, 186, 481]
[-290, 186, 480]
[-290, 187, 479]
[-291, 187, 479]
[-291, 188, 478]
[-292, 189, 477]
[-292, 189, 477]
[-293, 190, 476]
[-293, 190, 475]
[-294, 191, 474]
[-294, 191, 474]
[-295, 192, 473]
[-295, 192, 472]
[-296, 192, 471]
[-296, 193, 471]
[-297, 193, 470]
[-297, 194, 469]
[-298, 194, 468]
[-298, 195, 468]
[-299, 195, 467]
[-299, 196, 466]
[-300, 196, 465]
[-300, 197, 464]
[-301, 197, 464]
[-301, 198, 463]
[-302, 198, 462]
[-302, 199, 461]
[-303, 199, 460]
[-303, 200, 459]
[-303, 200, 458]
[-304, 200, 458]
[-304, 201, 457]
[-305, 201, 456]
[-305, 202, 455]
[-306, 202, 454]
[-306, 203, 453]
[-307, 203, 452]
[-307, 204, 451]
[-307, 204, 450]
[-308, 204, 449]
[-308, 205, 449]
[-309, 205, 448]
[-309, 206, 447]
[-310, 206, 446]
[-310, 207, 445]
[-310, 207, 444]
[-311, 207, 443]
[-311, 208, 442]
[-312, 208, 441]
[-312, 209, 440]
[-313, 209, 439]
[-313, 209, 438]
[-313, 210, 437]
[-314, 210, 436]
[-314, 210, 435]
[-314, 211, 434]
[-315, 211, 433]
[-315, 212, 432]
[-316, 212, 431]
[-316, 212, 430]
[-316, 213, 429]
[-317, 213, 428]
[-317, 213, 427]
[-317, 214, 426]
[-318, 214, 425]
[-318, 214, 424]
[-318, 215, 423]
[-319, 215, 421]
[-319, 215, 420]
[-319, 216, 419]
[-320, 216, 418]
[-320, 216, 417]
[-320, 217, 416]
[-321, 217, 415]
[-321, 217, 414]
[-321, 217, 413]
[-322, 218, 412]
[-322, 218, 411]
[-322, 218, 410]
[-322, 219, 409]
[-323, 219, 407]
[-323, 219, 406]
[-323, 219, 405]
[-324, 220, 404]
[-324, 220, 403]
[-324, 220, 402]
[-324, 220, 401]
[-325, 221, 400]
[-325, 221, 399]
[-325, 221, 398]
[-325, 221, 396]
[-325, 222, 395]
[-326, 222, 394]
[-326, 222, 393]
[-326, 222, 392]
[-326, 222, 391]
[-327, 223, 390]
[-327, 223, 389]
[-327, 223, 387]
[-327, 223, 386]
[-327, 223, 385]
[-327, 223, 384]
[-328, 224, 383]
[-328, 224, 382]
[-328, 224, 381]
[-328, 224, 380]
[-328, 224, 379]
[-328, 224, 377]
[-329, 225, 376]
[-329, 225, 375]
[-329, 225, 374]
[-329, 225, 373]
[-329, 225, 372]
[-329, 225, 371]
[-329, 225, 370]
[-329, 225, 368]
[-329, 225, 367]
[-329, 225, 366]
[-330, 226, 365]
[-330, 226, 364]
[-330, 226, 363]
[-330, 226, 362]
[-330, 226, 361]
[-330, 226, 360]
[-330, 226, 359]
[-330, 226, 357]
[-330, 226, 356]
[-330, 226, 355]
[-330, 226, 354]
[-330, 226, 353]
[-330, 226, 352]
