# Curve Parameters
# y_end: 264
# loops: 1
# A (south bulge): 140
# B (lateral wiggle): 20
# samples: 350
#
# Analysis Results
# max_grade: 0.985261
# length_3d: 400.02
# length_2d: 352.40
# min_horiz_step: 0.249812
# status: OK
#
# Coordinates (x, y, z)
#==================================================

[-199, 98, 410]
[-199, 98, 411]
[-199, 98, 413]
[-199, 98, 414]
[-199, 98, 415]
[-199, 98, 416]
[-199, 98, 418]
[-199, 98, 419]
[-199, 98, 420]
[-199, 98, 421]
[-199, 98, 422]
[-199, 98, 424]
[-199, 99, 425]
[-199, 99, 426]
[-200, 99, 427]
[-200, 99, 429]
[-200, 99, 430]
[-200, 99, 431]
[-200, 99, 432]
[-200, 99, 433]
[-200, 100, 435]
[-200, 100, 436]
[-200, 100, 437]
[-200, 100, 438]
[-200, 100, 439]
[-200, 100, 440]
[-201, 101, 442]
[-201, 101, 443]
[-201, 101, 444]
[-201, 101, 445]
[-201, 101, 446]
[-201, 102, 447]
[-201, 102, 448]
[-201, 102, 450]
[-201, 102, 451]
[-202, 103, 452]
[-202, 103, 453]
[-202, 103, 454]
[-202, 103, 455]
[-202, 104, 456]
[-202, 104, 457]
[-202, 104, 458]
[-202, 105, 459]
[-202, 105, 460]
[-203, 105, 461]
[-203, 106, 463]
[-203, 106, 464]
[-203, 106, 465]
[-203, 107, 466]
[-203, 107, 467]
[-203, 107, 468]
[-203, 108, 469]
[-204, 108, 470]
[-204, 108, 471]
[-204, 109, 472]
[-204, 109, 473]
[-204, 109, 474]
[-204, 110, 475]
[-204, 110, 476]
[-204, 111, 476]
[-205, 111, 477]
[-205, 111, 478]
[-205, 112, 479]
[-205, 112, 480]
[-205, 113, 481]
[-205, 113, 482]
[-205, 114, 483]
[-206, 114, 484]
[-206, 114, 485]
[-206, 115, 486]
[-206, 115, 486]
[-206, 116, 487]
[-206, 116, 488]
[-207, 117, 489]
[-207, 117, 490]
[-207, 118, 491]
[-207, 118, 491]
[-207, 119, 492]
[-207, 119, 493]
[-208, 120, 494]
[-208, 120, 495]
[-208, 121, 495]
[-208, 121, 496]
[-208, 122, 497]
[-209, 122, 498]
[-209, 123, 498]
[-209, 123, 499]
[-209, 124, 500]
[-210, 124, 500]
[-210, 125, 501]
[-210, 125, 502]
[-210, 126, 503]
[-211, 127, 503]
[-211, 127, 504]
[-211, 128, 504]
[-212, 128, 505]
[-212, 129, 506]
[-212, 129, 506]
[-212, 130, 507]
[-213, 130, 508]
[-213, 131, 508]
[-213, 132, 509]
[-214, 132, 509]
[-214, 133, 510]
[-215, 133, 510]
[-215, 134, 511]
[-215, 135, 511]
[-216, 135, 512]
[-216, 136, 512]
[-217, 136, 513]
[-217, 137, 513]
[-217, 138, 514]
[-218, 138, 514]
[-218, 139, 515]
[-219, 140, 515]
[-219, 140, 516]
[-220, 141, 516]
[-220, 141, 516]
[-221, 142, 517]
[-221, 143, 517]
[-222, 143, 518]
[-222, 144, 518]
[-223, 145, 518]
[-224, 145, 519]
[-224, 146, 519]
[-225, 147, 519]
[-225, 147, 520]
[-226, 148, 520]
[-227, 149, 520]
[-227, 149, 521]
[-228, 150, 521]
[-228, 151, 521]
[-229, 151, 521]
[-230, 152, 521]
[-230, 153, 522]
[-231, 153, 522]
[-232, 154, 522]
[-233, 155, 522]
[-233, 155, 522]
[-234, 156, 523]
[-235, 157, 523]
[-236, 157, 523]
[-236, 158, 523]
[-237, 159, 523]
[-238, 159, 523]
[-239, 160, 523]
[-239, 161, 523]
[-240, 162, 524]
[-241, 162, 524]
[-242, 163, 524]
[-243, 164, 524]
[-243, 164, 524]
[-244, 165, 524]
[-245, 166, 524]
[-246, 166, 524]
[-247, 167, 524]
[-248, 168, 524]
[-249, 169, 524]
[-250, 169, 524]
[-250, 170, 523]
[-251, 171, 523]
[-252, 171, 523]
[-253, 172, 523]
[-254, 173, 523]
[-255, 174, 523]
[-256, 174, 523]
[-257, 175, 523]
[-258, 176, 523]
[-259, 176, 522]
[-259, 177, 522]
[-260, 178, 522]
[-261, 179, 522]
[-262, 179, 522]
[-263, 180, 521]
[-264, 181, 521]
[-265, 181, 521]
[-266, 182, 521]
[-267, 183, 520]
[-268, 183, 520]
[-269, 184, 520]
[-270, 185, 519]
[-270, 186, 519]
[-271, 186, 519]
[-272, 187, 518]
[-273, 188, 518]
[-274, 188, 518]
[-275, 189, 517]
[-276, 190, 517]
[-277, 191, 517]
[-278, 191, 516]
[-279, 192, 516]
[-279, 193, 515]
[-280, 193, 515]
[-281, 194, 514]
[-282, 195, 514]
[-283, 196, 514]
[-284, 196, 513]
[-285, 197, 513]
[-286, 198, 512]
[-286, 198, 512]
[-287, 199, 511]
[-288, 200, 510]
[-289, 200, 510]
[-290, 201, 509]
[-290, 202, 509]
[-291, 203, 508]
[-292, 203, 508]
[-293, 204, 507]
[-293, 205, 506]
[-294, 205, 506]
[-295, 206, 505]
[-296, 207, 505]
[-296, 207, 504]
[-297, 208, 503]
[-298, 209, 503]
[-299, 209, 502]
[-299, 210, 501]
[-300, 211, 500]
[-301, 211, 500]
[-301, 212, 499]
[-302, 213, 498]
[-302, 213, 498]
[-303, 214, 497]
[-304, 215, 496]
[-304, 215, 495]
[-305, 216, 495]
[-305, 217, 494]
[-306, 217, 493]
[-307, 218, 492]
[-307, 219, 491]
[-308, 219, 491]
[-308, 220, 490]
[-309, 221, 489]
[-309, 221, 488]
[-310, 222, 487]
[-310, 222, 486]
[-311, 223, 485]
[-311, 224, 485]
[-312, 224, 484]
[-312, 225, 483]
[-312, 226, 482]
[-313, 226, 481]
[-313, 227, 480]
[-314, 227, 479]
[-314, 228, 478]
[-314, 229, 477]
[-315, 229, 476]
[-315, 230, 475]
[-316, 230, 474]
[-316, 231, 473]
[-316, 232, 472]
[-317, 232, 471]
[-317, 233, 470]
[-317, 233, 469]
[-317, 234, 468]
[-318, 234, 467]
[-318, 235, 466]
[-318, 235, 465]
[-319, 236, 464]
[-319, 237, 463]
[-319, 237, 462]
[-319, 238, 461]
[-320, 238, 460]
[-320, 239, 459]
[-320, 239, 458]
[-320, 240, 457]
[-321, 240, 455]
[-321, 241, 454]
[-321, 241, 453]
[-321, 242, 452]
[-321, 242, 451]
[-322, 243, 450]
[-322, 243, 449]
[-322, 244, 448]
[-322, 244, 446]
[-322, 245, 445]
[-322, 245, 444]
[-323, 246, 443]
[-323, 246, 442]
[-323, 247, 441]
[-323, 247, 439]
[-323, 248, 438]
[-323, 248, 437]
[-324, 248, 436]
[-324, 249, 435]
[-324, 249, 433]
[-324, 250, 432]
[-324, 250, 431]
[-324, 251, 430]
[-324, 251, 429]
[-325, 251, 427]
[-325, 252, 426]
[-325, 252, 425]
[-325, 253, 424]
[-325, 253, 422]
[-325, 253, 421]
[-325, 254, 420]
[-325, 254, 419]
[-326, 254, 417]
[-326, 255, 416]
[-326, 255, 415]
[-326, 255, 414]
[-326, 256, 412]
[-326, 256, 411]
[-326, 256, 410]
[-326, 257, 409]
[-327, 257, 407]
[-327, 257, 406]
[-327, 258, 405]
[-327, 258, 403]
[-327, 258, 402]
[-327, 259, 401]
[-327, 259, 400]
[-327, 259, 398]
[-327, 259, 397]
[-328, 260, 396]
[-328, 260, 394]
[-328, 260, 393]
[-328, 260, 392]
[-328, 261, 391]
[-328, 261, 389]
[-328, 261, 388]
[-328, 261, 387]
[-328, 261, 385]
[-329, 262, 384]
[-329, 262, 383]
[-329, 262, 382]
[-329, 262, 380]
[-329, 262, 379]
[-329, 262, 378]
[-329, 263, 376]
[-329, 263, 375]
[-329, 263, 374]
[-329, 263, 372]
[-329, 263, 371]
[-329, 263, 370]
[-330, 263, 369]
[-330, 263, 367]
[-330, 264, 366]
[-330, 264, 365]
[-330, 264, 363]
[-330, 264, 362]
[-330, 264, 361]
[-330, 264, 360]
[-330, 264, 358]
[-330, 264, 357]
[-330, 264, 356]
[-330, 264, 355]
[-330, 264, 353]
[-330, 264, 352]
