# Curve Parameters
# y_end: 226
# loops: 1
# A (south bulge): 120
# B (lateral wiggle): 40
# samples: 350
#
# Analysis Results
# max_grade: 0.895464
# length_3d: 366.15
# length_2d: 337.06
# min_horiz_step: 0.199709
# status: OK
#
# Coordinates (x, y, z)
#==================================================

[-199, 98, 410]
[-199, 98, 411]
[-199, 98, 412]
[-199, 98, 413]
[-199, 98, 414]
[-199, 98, 415]
[-199, 98, 416]
[-199, 98, 417]
[-199, 98, 419]
[-199, 98, 420]
[-199, 98, 421]
[-199, 98, 422]
[-199, 98, 423]
[-199, 99, 424]
[-199, 99, 425]
[-200, 99, 426]
[-200, 99, 427]
[-200, 99, 428]
[-200, 99, 429]
[-200, 99, 430]
[-200, 99, 431]
[-200, 99, 432]
[-200, 99, 433]
[-200, 100, 434]
[-200, 100, 435]
[-200, 100, 436]
[-200, 100, 437]
[-200, 100, 438]
[-200, 100, 439]
[-200, 101, 440]
[-200, 101, 441]
[-200, 101, 442]
[-200, 101, 443]
[-200, 101, 444]
[-200, 101, 445]
[-200, 102, 446]
[-200, 102, 446]
[-200, 102, 447]
[-200, 102, 448]
[-200, 102, 449]
[-200, 103, 450]
[-200, 103, 451]
[-200, 103, 452]
[-200, 103, 453]
[-200, 104, 454]
[-200, 104, 455]
[-200, 104, 456]
[-200, 104, 456]
[-200, 105, 457]
[-200, 105, 458]
[-200, 105, 459]
[-200, 105, 460]
[-200, 106, 461]
[-200, 106, 461]
[-200, 106, 462]
[-200, 107, 463]
[-200, 107, 464]
[-200, 107, 465]
[-200, 107, 466]
[-200, 108, 466]
[-200, 108, 467]
[-200, 108, 468]
[-200, 109, 469]
[-200, 109, 469]
[-200, 109, 470]
[-200, 110, 471]
[-200, 110, 472]
[-200, 110, 472]
[-200, 111, 473]
[-200, 111, 474]
[-199, 111, 475]
[-199, 112, 475]
[-199, 112, 476]
[-199, 112, 477]
[-199, 113, 477]
[-199, 113, 478]
[-199, 114, 479]
[-199, 114, 479]
[-199, 114, 480]
[-199, 115, 481]
[-199, 115, 481]
[-199, 115, 482]
[-199, 116, 483]
[-199, 116, 483]
[-199, 117, 484]
[-199, 117, 484]
[-199, 117, 485]
[-199, 118, 486]
[-200, 118, 486]
[-200, 119, 487]
[-200, 119, 487]
[-200, 120, 488]
[-200, 120, 488]
[-200, 120, 489]
[-200, 121, 489]
[-200, 121, 490]
[-200, 122, 491]
[-201, 122, 491]
[-201, 123, 492]
[-201, 123, 492]
[-201, 124, 492]
[-201, 124, 493]
[-202, 124, 493]
[-202, 125, 494]
[-202, 125, 494]
[-202, 126, 495]
[-203, 126, 495]
[-203, 127, 496]
[-203, 127, 496]
[-204, 128, 496]
[-204, 128, 497]
[-205, 129, 497]
[-205, 129, 497]
[-205, 130, 498]
[-206, 130, 498]
[-206, 131, 498]
[-207, 131, 499]
[-207, 132, 499]
[-208, 132, 499]
[-208, 132, 500]
[-209, 133, 500]
[-210, 133, 500]
[-210, 134, 501]
[-211, 134, 501]
[-211, 135, 501]
[-212, 135, 501]
[-213, 136, 502]
[-213, 137, 502]
[-214, 137, 502]
[-215, 138, 502]
[-216, 138, 502]
[-216, 139, 503]
[-217, 139, 503]
[-218, 140, 503]
[-219, 140, 503]
[-220, 141, 503]
[-221, 141, 503]
[-221, 142, 503]
[-222, 142, 504]
[-223, 143, 504]
[-224, 143, 504]
[-225, 144, 504]
[-226, 144, 504]
[-227, 145, 504]
[-228, 145, 504]
[-229, 146, 504]
[-230, 146, 504]
[-231, 147, 504]
[-232, 148, 504]
[-233, 148, 504]
[-235, 149, 504]
[-236, 149, 504]
[-237, 150, 504]
[-238, 150, 504]
[-239, 151, 504]
[-240, 151, 504]
[-241, 152, 504]
[-243, 152, 504]
[-244, 153, 504]
[-245, 153, 504]
[-246, 154, 504]
[-247, 155, 503]
[-249, 155, 503]
[-250, 156, 503]
[-251, 156, 503]
[-252, 157, 503]
[-254, 157, 503]
[-255, 158, 503]
[-256, 158, 502]
[-257, 159, 502]
[-259, 160, 502]
[-260, 160, 502]
[-261, 161, 502]
[-263, 161, 501]
[-264, 162, 501]
[-265, 162, 501]
[-266, 163, 501]
[-268, 163, 500]
[-269, 164, 500]
[-270, 164, 500]
[-272, 165, 499]
[-273, 166, 499]
[-274, 166, 499]
[-275, 167, 499]
[-277, 167, 498]
[-278, 168, 498]
[-279, 168, 497]
[-280, 169, 497]
[-282, 169, 497]
[-283, 170, 496]
[-284, 171, 496]
[-285, 171, 496]
[-286, 172, 495]
[-288, 172, 495]
[-289, 173, 494]
[-290, 173, 494]
[-291, 174, 493]
[-292, 174, 493]
[-293, 175, 493]
[-294, 175, 492]
[-296, 176, 492]
[-297, 176, 491]
[-298, 177, 491]
[-299, 178, 490]
[-300, 178, 490]
[-301, 179, 489]
[-302, 179, 488]
[-303, 180, 488]
[-304, 180, 487]
[-305, 181, 487]
[-306, 181, 486]
[-307, 182, 486]
[-308, 182, 485]
[-308, 183, 484]
[-309, 183, 484]
[-310, 184, 483]
[-311, 184, 483]
[-312, 185, 482]
[-313, 185, 481]
[-313, 186, 481]
[-314, 186, 480]
[-315, 187, 479]
[-316, 187, 479]
[-316, 188, 478]
[-317, 189, 477]
[-318, 189, 477]
[-318, 190, 476]
[-319, 190, 475]
[-319, 191, 474]
[-320, 191, 474]
[-321, 192, 473]
[-321, 192, 472]
[-322, 192, 471]
[-322, 193, 471]
[-323, 193, 470]
[-323, 194, 469]
[-324, 194, 468]
[-324, 195, 468]
[-324, 195, 467]
[-325, 196, 466]
[-325, 196, 465]
[-326, 197, 464]
[-326, 197, 464]
[-326, 198, 463]
[-327, 198, 462]
[-327, 199, 461]
[-327, 199, 460]
[-327, 200, 459]
[-328, 200, 458]
[-328, 200, 458]
[-328, 201, 457]
[-328, 201, 456]
[-328, 202, 455]
[-329, 202, 454]
[-329, 203, 453]
[-329, 203, 452]
[-329, 204, 451]
[-329, 204, 450]
[-329, 204, 449]
[-329, 205, 449]
[-329, 205, 448]
[-329, 206, 447]
[-330, 206, 446]
[-330, 207, 445]
[-330, 207, 444]
[-330, 207, 443]
[-330, 208, 442]
[-330, 208, 441]
[-330, 209, 440]
[-330, 209, 439]
[-330, 209, 438]
[-330, 210, 437]
[-330, 210, 436]
[-330, 210, 435]
[-330, 211, 434]
[-330, 211, 433]
[-330, 212, 432]
[-330, 212, 431]
[-330, 212, 430]
[-330, 213, 429]
[-329, 213, 428]
[-329, 213, 427]
[-329, 214, 426]
[-329, 214, 425]
[-329, 214, 424]
[-329, 215, 423]
[-329, 215, 421]
[-329, 215, 420]
[-329, 216, 419]
[-329, 216, 418]
[-329, 216, 417]
[-329, 217, 416]
[-329, 217, 415]
[-329, 217, 414]
[-329, 217, 413]
[-329, 218, 412]
[-329, 218, 411]
[-329, 218, 410]
[-329, 219, 409]
[-329, 219, 407]
[-329, 219, 406]
[-329, 219, 405]
[-329, 220, 404]
[-329, 220, 403]
[-329, 220, 402]
[-329, 220, 401]
[-329, 221, 400]
[-329, 221, 399]
[-329, 221, 398]
[-329, 221, 396]
[-329, 222, 395]
[-329, 222, 394]
[-329, 222, 393]
[-329, 222, 392]
[-329, 222, 391]
[-329, 223, 390]
[-329, 223, 389]
[-329, 223, 387]
[-329, 223, 386]
[-329, 223, 385]
[-329, 223, 384]
[-329, 224, 383]
[-329, 224, 382]
[-329, 224, 381]
[-329, 224, 380]
[-329, 224, 379]
[-329, 224, 377]
[-329, 225, 376]
[-329, 225, 375]
[-329, 225, 374]
[-329, 225, 373]
[-329, 225, 372]
[-329, 225, 371]
[-329, 225, 370]
[-329, 225, 368]
[-330, 225, 367]
[-330, 225, 366]
[-330, 226, 365]
[-330, 226, 364]
[-330, 226, 363]
[-330, 226, 362]
[-330, 226, 361]
[-330, 226, 360]
[-330, 226, 359]
[-330, 226, 357]
[-330, 226, 356]
[-330, 226, 355]
[-330, 226, 354]
[-330, 226, 353]
[-330, 226, 352]
