# Curve Parameters
# y_end: 248
# loops: 1
# A (south bulge): 120
# B (lateral wiggle): 20
# samples: 350
#
# Analysis Results
# max_grade: 0.969768
# length_3d: 358.52
# length_2d: 316.42
# min_horiz_step: 0.222167
# status: OK
#
# Coordinates (x, y, z)
#==================================================

[-199, 98, 410]
[-199, 98, 411]
[-199, 98, 412]
[-199, 98, 413]
[-199, 98, 414]
[-199, 98, 415]
[-199, 98, 416]
[-199, 98, 417]
[-199, 98, 419]
[-199, 98, 420]
[-199, 98, 421]
[-199, 98, 422]
[-199, 99, 423]
[-199, 99, 424]
[-200, 99, 425]
[-200, 99, 426]
[-200, 99, 427]
[-200, 99, 428]
[-200, 99, 429]
[-200, 99, 430]
[-200, 99, 431]
[-200, 100, 432]
[-200, 100, 433]
[-200, 100, 434]
[-200, 100, 435]
[-200, 100, 436]
[-201, 100, 437]
[-201, 101, 438]
[-201, 101, 439]
[-201, 101, 440]
[-201, 101, 441]
[-201, 101, 442]
[-201, 102, 443]
[-201, 102, 444]
[-201, 102, 445]
[-202, 102, 446]
[-202, 102, 446]
[-202, 103, 447]
[-202, 103, 448]
[-202, 103, 449]
[-202, 103, 450]
[-202, 104, 451]
[-202, 104, 452]
[-202, 104, 453]
[-203, 105, 454]
[-203, 105, 455]
[-203, 105, 456]
[-203, 105, 456]
[-203, 106, 457]
[-203, 106, 458]
[-203, 106, 459]
[-203, 107, 460]
[-204, 107, 461]
[-204, 107, 461]
[-204, 108, 462]
[-204, 108, 463]
[-204, 108, 464]
[-204, 109, 465]
[-204, 109, 466]
[-204, 109, 466]
[-205, 110, 467]
[-205, 110, 468]
[-205, 111, 469]
[-205, 111, 469]
[-205, 111, 470]
[-205, 112, 471]
[-205, 112, 472]
[-206, 112, 472]
[-206, 113, 473]
[-206, 113, 474]
[-206, 114, 475]
[-206, 114, 475]
[-206, 115, 476]
[-207, 115, 477]
[-207, 115, 477]
[-207, 116, 478]
[-207, 116, 479]
[-207, 117, 479]
[-207, 117, 480]
[-208, 118, 481]
[-208, 118, 481]
[-208, 118, 482]
[-208, 119, 483]
[-208, 119, 483]
[-209, 120, 484]
[-209, 120, 484]
[-209, 121, 485]
[-209, 121, 486]
[-210, 122, 486]
[-210, 122, 487]
[-210, 123, 487]
[-210, 123, 488]
[-211, 124, 488]
[-211, 124, 489]
[-211, 125, 489]
[-212, 125, 490]
[-212, 126, 491]
[-212, 126, 491]
[-212, 127, 492]
[-213, 127, 492]
[-213, 128, 492]
[-213, 128, 493]
[-214, 129, 493]
[-214, 129, 494]
[-215, 130, 494]
[-215, 131, 495]
[-215, 131, 495]
[-216, 132, 496]
[-216, 132, 496]
[-217, 133, 496]
[-217, 133, 497]
[-217, 134, 497]
[-218, 134, 497]
[-218, 135, 498]
[-219, 136, 498]
[-219, 136, 498]
[-220, 137, 499]
[-220, 137, 499]
[-221, 138, 499]
[-221, 138, 500]
[-222, 139, 500]
[-222, 140, 500]
[-223, 140, 501]
[-224, 141, 501]
[-224, 141, 501]
[-225, 142, 501]
[-225, 143, 502]
[-226, 143, 502]
[-227, 144, 502]
[-227, 144, 502]
[-228, 145, 502]
[-228, 146, 503]
[-229, 146, 503]
[-230, 147, 503]
[-230, 147, 503]
[-231, 148, 503]
[-232, 149, 503]
[-233, 149, 503]
[-233, 150, 504]
[-234, 150, 504]
[-235, 151, 504]
[-236, 152, 504]
[-236, 152, 504]
[-237, 153, 504]
[-238, 154, 504]
[-239, 154, 504]
[-239, 155, 504]
[-240, 155, 504]
[-241, 156, 504]
[-242, 157, 504]
[-243, 157, 504]
[-243, 158, 504]
[-244, 159, 504]
[-245, 159, 504]
[-246, 160, 504]
[-247, 160, 504]
[-248, 161, 504]
[-249, 162, 504]
[-250, 162, 504]
[-250, 163, 504]
[-251, 164, 504]
[-252, 164, 503]
[-253, 165, 503]
[-254, 166, 503]
[-255, 166, 503]
[-256, 167, 503]
[-257, 168, 503]
[-258, 168, 503]
[-259, 169, 502]
[-259, 169, 502]
[-260, 170, 502]
[-261, 171, 502]
[-262, 171, 502]
[-263, 172, 501]
[-264, 173, 501]
[-265, 173, 501]
[-266, 174, 501]
[-267, 175, 500]
[-268, 175, 500]
[-269, 176, 500]
[-270, 177, 499]
[-270, 177, 499]
[-271, 178, 499]
[-272, 178, 499]
[-273, 179, 498]
[-274, 180, 498]
[-275, 180, 497]
[-276, 181, 497]
[-277, 182, 497]
[-278, 182, 496]
[-279, 183, 496]
[-279, 184, 496]
[-280, 184, 495]
[-281, 185, 495]
[-282, 186, 494]
[-283, 186, 494]
[-284, 187, 493]
[-285, 187, 493]
[-286, 188, 493]
[-286, 189, 492]
[-287, 189, 492]
[-288, 190, 491]
[-289, 191, 491]
[-290, 191, 490]
[-290, 192, 490]
[-291, 192, 489]
[-292, 193, 488]
[-293, 194, 488]
[-293, 194, 487]
[-294, 195, 487]
[-295, 196, 486]
[-296, 196, 486]
[-296, 197, 485]
[-297, 197, 484]
[-298, 198, 484]
[-299, 199, 483]
[-299, 199, 483]
[-300, 200, 482]
[-301, 200, 481]
[-301, 201, 481]
[-302, 202, 480]
[-302, 202, 479]
[-303, 203, 479]
[-304, 203, 478]
[-304, 204, 477]
[-305, 205, 477]
[-305, 205, 476]
[-306, 206, 475]
[-307, 206, 474]
[-307, 207, 474]
[-308, 208, 473]
[-308, 208, 472]
[-309, 209, 471]
[-309, 209, 471]
[-310, 210, 470]
[-310, 210, 469]
[-311, 211, 468]
[-311, 212, 468]
[-312, 212, 467]
[-312, 213, 466]
[-312, 213, 465]
[-313, 214, 464]
[-313, 214, 464]
[-314, 215, 463]
[-314, 215, 462]
[-314, 216, 461]
[-315, 217, 460]
[-315, 217, 459]
[-316, 218, 458]
[-316, 218, 458]
[-316, 219, 457]
[-317, 219, 456]
[-317, 220, 455]
[-317, 220, 454]
[-317, 221, 453]
[-318, 221, 452]
[-318, 222, 451]
[-318, 222, 450]
[-319, 223, 449]
[-319, 223, 449]
[-319, 224, 448]
[-319, 224, 447]
[-320, 225, 446]
[-320, 225, 445]
[-320, 226, 444]
[-320, 226, 443]
[-321, 227, 442]
[-321, 227, 441]
[-321, 228, 440]
[-321, 228, 439]
[-321, 228, 438]
[-322, 229, 437]
[-322, 229, 436]
[-322, 230, 435]
[-322, 230, 434]
[-322, 231, 433]
[-322, 231, 432]
[-323, 231, 431]
[-323, 232, 430]
[-323, 232, 429]
[-323, 233, 428]
[-323, 233, 427]
[-323, 234, 426]
[-324, 234, 425]
[-324, 234, 424]
[-324, 235, 423]
[-324, 235, 421]
[-324, 235, 420]
[-324, 236, 419]
[-324, 236, 418]
[-325, 237, 417]
[-325, 237, 416]
[-325, 237, 415]
[-325, 238, 414]
[-325, 238, 413]
[-325, 238, 412]
[-325, 239, 411]
[-325, 239, 410]
[-326, 239, 409]
[-326, 240, 407]
[-326, 240, 406]
[-326, 240, 405]
[-326, 241, 404]
[-326, 241, 403]
[-326, 241, 402]
[-326, 241, 401]
[-327, 242, 400]
[-327, 242, 399]
[-327, 242, 398]
[-327, 243, 396]
[-327, 243, 395]
[-327, 243, 394]
[-327, 243, 393]
[-327, 244, 392]
[-327, 244, 391]
[-328, 244, 390]
[-328, 244, 389]
[-328, 244, 387]
[-328, 245, 386]
[-328, 245, 385]
[-328, 245, 384]
[-328, 245, 383]
[-328, 245, 382]
[-328, 246, 381]
[-329, 246, 380]
[-329, 246, 379]
[-329, 246, 377]
[-329, 246, 376]
[-329, 246, 375]
[-329, 247, 374]
[-329, 247, 373]
[-329, 247, 372]
[-329, 247, 371]
[-329, 247, 370]
[-329, 247, 368]
[-329, 247, 367]
[-330, 247, 366]
[-330, 247, 365]
[-330, 248, 364]
[-330, 248, 363]
[-330, 248, 362]
[-330, 248, 361]
[-330, 248, 360]
[-330, 248, 359]
[-330, 248, 357]
[-330, 248, 356]
[-330, 248, 355]
[-330, 248, 354]
[-330, 248, 353]
[-330, 248, 352]
