# Curve Parameters
# y_end: 224
# loops: 4
# A (south bulge): 40
# B (lateral wiggle): 0
# samples: 350
#
# Analysis Results
# max_grade: 0.961832
# length_3d: 219.49
# length_2d: 176.04
# min_horiz_step: 0.124768
# status: OK
#
# Coordinates (x, y, z)
#==================================================

[-199, 98, 410]
[-199, 98, 410]
[-199, 98, 411]
[-199, 98, 411]
[-199, 98, 411]
[-199, 98, 412]
[-199, 98, 412]
[-199, 98, 412]
[-199, 98, 413]
[-199, 98, 413]
[-199, 98, 413]
[-199, 98, 414]
[-199, 98, 414]
[-200, 99, 414]
[-200, 99, 415]
[-200, 99, 415]
[-200, 99, 415]
[-200, 99, 416]
[-200, 99, 416]
[-200, 99, 416]
[-200, 99, 417]
[-200, 99, 417]
[-200, 99, 417]
[-201, 100, 418]
[-201, 100, 418]
[-201, 100, 418]
[-201, 100, 418]
[-201, 100, 419]
[-201, 100, 419]
[-202, 100, 419]
[-202, 101, 419]
[-202, 101, 420]
[-202, 101, 420]
[-202, 101, 420]
[-202, 101, 421]
[-203, 102, 421]
[-203, 102, 421]
[-203, 102, 421]
[-203, 102, 422]
[-204, 102, 422]
[-204, 103, 422]
[-204, 103, 422]
[-204, 103, 422]
[-204, 103, 423]
[-205, 104, 423]
[-205, 104, 423]
[-205, 104, 423]
[-205, 104, 424]
[-206, 104, 424]
[-206, 105, 424]
[-206, 105, 424]
[-207, 105, 424]
[-207, 106, 425]
[-207, 106, 425]
[-207, 106, 425]
[-208, 106, 425]
[-208, 107, 425]
[-208, 107, 425]
[-209, 107, 426]
[-209, 108, 426]
[-209, 108, 426]
[-210, 108, 426]
[-210, 109, 426]
[-210, 109, 427]
[-211, 109, 427]
[-211, 109, 427]
[-211, 110, 427]
[-212, 110, 427]
[-212, 110, 427]
[-212, 111, 427]
[-213, 111, 428]
[-213, 112, 428]
[-213, 112, 428]
[-214, 112, 428]
[-214, 113, 428]
[-215, 113, 428]
[-215, 113, 428]
[-215, 114, 428]
[-216, 114, 428]
[-216, 114, 429]
[-216, 115, 429]
[-217, 115, 429]
[-217, 116, 429]
[-218, 116, 429]
[-218, 116, 429]
[-219, 117, 429]
[-219, 117, 429]
[-219, 118, 429]
[-220, 118, 429]
[-220, 118, 429]
[-221, 119, 429]
[-221, 119, 429]
[-222, 120, 430]
[-222, 120, 430]
[-222, 120, 430]
[-223, 121, 430]
[-223, 121, 430]
[-224, 122, 430]
[-224, 122, 430]
[-225, 123, 430]
[-225, 123, 430]
[-226, 124, 430]
[-226, 124, 430]
[-226, 124, 430]
[-227, 125, 430]
[-227, 125, 430]
[-228, 126, 430]
[-228, 126, 430]
[-229, 127, 430]
[-229, 127, 430]
[-230, 128, 430]
[-230, 128, 430]
[-231, 129, 430]
[-231, 129, 430]
[-232, 130, 430]
[-232, 130, 430]
[-233, 131, 430]
[-233, 131, 430]
[-234, 131, 430]
[-234, 132, 429]
[-235, 132, 429]
[-235, 133, 429]
[-236, 133, 429]
[-236, 134, 429]
[-237, 134, 429]
[-237, 135, 429]
[-238, 135, 429]
[-238, 136, 429]
[-239, 136, 429]
[-239, 137, 429]
[-240, 137, 429]
[-241, 138, 429]
[-241, 138, 428]
[-242, 139, 428]
[-242, 139, 428]
[-243, 140, 428]
[-243, 140, 428]
[-244, 141, 428]
[-244, 142, 428]
[-245, 142, 428]
[-245, 143, 428]
[-246, 143, 427]
[-246, 144, 427]
[-247, 144, 427]
[-248, 145, 427]
[-248, 145, 427]
[-249, 146, 427]
[-249, 146, 427]
[-250, 147, 426]
[-250, 147, 426]
[-251, 148, 426]
[-251, 148, 426]
[-252, 149, 426]
[-252, 149, 426]
[-253, 150, 425]
[-254, 150, 425]
[-254, 151, 425]
[-255, 152, 425]
[-255, 152, 425]
[-256, 153, 424]
[-256, 153, 424]
[-257, 154, 424]
[-257, 154, 424]
[-258, 155, 424]
[-259, 155, 423]
[-259, 156, 423]
[-260, 156, 423]
[-260, 157, 423]
[-261, 157, 423]
[-261, 158, 422]
[-262, 159, 422]
[-263, 159, 422]
[-263, 160, 422]
[-264, 160, 421]
[-264, 161, 421]
[-265, 161, 421]
[-265, 162, 421]
[-266, 162, 420]
[-266, 163, 420]
[-267, 163, 420]
[-268, 164, 420]
[-268, 165, 419]
[-269, 165, 419]
[-269, 166, 419]
[-270, 166, 418]
[-270, 167, 418]
[-271, 167, 418]
[-272, 168, 418]
[-272, 168, 417]
[-273, 169, 417]
[-273, 169, 417]
[-274, 170, 416]
[-274, 170, 416]
[-275, 171, 416]
[-275, 172, 416]
[-276, 172, 415]
[-277, 173, 415]
[-277, 173, 415]
[-278, 174, 414]
[-278, 174, 414]
[-279, 175, 414]
[-279, 175, 413]
[-280, 176, 413]
[-280, 176, 413]
[-281, 177, 412]
[-281, 177, 412]
[-282, 178, 412]
[-283, 178, 411]
[-283, 179, 411]
[-284, 179, 411]
[-284, 180, 410]
[-285, 180, 410]
[-285, 181, 410]
[-286, 182, 409]
[-286, 182, 409]
[-287, 183, 408]
[-287, 183, 408]
[-288, 184, 408]
[-288, 184, 407]
[-289, 185, 407]
[-290, 185, 407]
[-290, 186, 406]
[-291, 186, 406]
[-291, 187, 405]
[-292, 187, 405]
[-292, 188, 405]
[-293, 188, 404]
[-293, 189, 404]
[-294, 189, 404]
[-294, 190, 403]
[-295, 190, 403]
[-295, 191, 402]
[-296, 191, 402]
[-296, 191, 402]
[-297, 192, 401]
[-297, 192, 401]
[-298, 193, 400]
[-298, 193, 400]
[-299, 194, 400]
[-299, 194, 399]
[-300, 195, 399]
[-300, 195, 398]
[-301, 196, 398]
[-301, 196, 397]
[-302, 197, 397]
[-302, 197, 397]
[-303, 198, 396]
[-303, 198, 396]
[-303, 198, 395]
[-304, 199, 395]
[-304, 199, 394]
[-305, 200, 394]
[-305, 200, 394]
[-306, 201, 393]
[-306, 201, 393]
[-307, 202, 392]
[-307, 202, 392]
[-307, 202, 391]
[-308, 203, 391]
[-308, 203, 391]
[-309, 204, 390]
[-309, 204, 390]
[-310, 204, 389]
[-310, 205, 389]
[-310, 205, 388]
[-311, 206, 388]
[-311, 206, 387]
[-312, 206, 387]
[-312, 207, 387]
[-313, 207, 386]
[-313, 208, 386]
[-313, 208, 385]
[-314, 208, 385]
[-314, 209, 384]
[-314, 209, 384]
[-315, 209, 383]
[-315, 210, 383]
[-316, 210, 383]
[-316, 210, 382]
[-316, 211, 382]
[-317, 211, 381]
[-317, 212, 381]
[-317, 212, 380]
[-318, 212, 380]
[-318, 213, 379]
[-318, 213, 379]
[-319, 213, 378]
[-319, 213, 378]
[-319, 214, 378]
[-320, 214, 377]
[-320, 214, 377]
[-320, 215, 376]
[-321, 215, 376]
[-321, 215, 375]
[-321, 216, 375]
[-322, 216, 374]
[-322, 216, 374]
[-322, 216, 374]
[-322, 217, 373]
[-323, 217, 373]
[-323, 217, 372]
[-323, 218, 372]
[-324, 218, 371]
[-324, 218, 371]
[-324, 218, 370]
[-324, 218, 370]
[-325, 219, 370]
[-325, 219, 369]
[-325, 219, 369]
[-325, 219, 368]
[-325, 220, 368]
[-326, 220, 367]
[-326, 220, 367]
[-326, 220, 366]
[-326, 220, 366]
[-327, 221, 366]
[-327, 221, 365]
[-327, 221, 365]
[-327, 221, 364]
[-327, 221, 364]
[-327, 222, 363]
[-328, 222, 363]
[-328, 222, 363]
[-328, 222, 362]
[-328, 222, 362]
[-328, 222, 361]
[-328, 222, 361]
[-329, 223, 361]
[-329, 223, 360]
[-329, 223, 360]
[-329, 223, 359]
[-329, 223, 359]
[-329, 223, 358]
[-329, 223, 358]
[-329, 223, 358]
[-329, 223, 357]
[-329, 223, 357]
[-330, 224, 357]
[-330, 224, 356]
[-330, 224, 356]
[-330, 224, 355]
[-330, 224, 355]
[-330, 224, 355]
[-330, 224, 354]
[-330, 224, 354]
[-330, 224, 353]
[-330, 224, 353]
[-330, 224, 353]
[-330, 224, 352]
[-330, 224, 352]
