# Curve Parameters
# y_end: 248
# loops: 1
# A (south bulge): 140
# B (lateral wiggle): 20
# samples: 350
#
# Analysis Results
# max_grade: 0.890296
# length_3d: 391.98
# length_2d: 352.40
# min_horiz_step: 0.249812
# status: OK
#
# Coordinates (x, y, z)
#==================================================

[-199, 98, 410]
[-199, 98, 411]
[-199, 98, 413]
[-199, 98, 414]
[-199, 98, 415]
[-199, 98, 416]
[-199, 98, 418]
[-199, 98, 419]
[-199, 98, 420]
[-199, 98, 421]
[-199, 98, 422]
[-199, 98, 424]
[-199, 99, 425]
[-199, 99, 426]
[-200, 99, 427]
[-200, 99, 429]
[-200, 99, 430]
[-200, 99, 431]
[-200, 99, 432]
[-200, 99, 433]
[-200, 99, 435]
[-200, 100, 436]
[-200, 100, 437]
[-200, 100, 438]
[-200, 100, 439]
[-200, 100, 440]
[-201, 100, 442]
[-201, 101, 443]
[-201, 101, 444]
[-201, 101, 445]
[-201, 101, 446]
[-201, 101, 447]
[-201, 102, 448]
[-201, 102, 450]
[-201, 102, 451]
[-202, 102, 452]
[-202, 102, 453]
[-202, 103, 454]
[-202, 103, 455]
[-202, 103, 456]
[-202, 103, 457]
[-202, 104, 458]
[-202, 104, 459]
[-202, 104, 460]
[-203, 105, 461]
[-203, 105, 463]
[-203, 105, 464]
[-203, 105, 465]
[-203, 106, 466]
[-203, 106, 467]
[-203, 106, 468]
[-203, 107, 469]
[-204, 107, 470]
[-204, 107, 471]
[-204, 108, 472]
[-204, 108, 473]
[-204, 108, 474]
[-204, 109, 475]
[-204, 109, 476]
[-204, 109, 476]
[-205, 110, 477]
[-205, 110, 478]
[-205, 111, 479]
[-205, 111, 480]
[-205, 111, 481]
[-205, 112, 482]
[-205, 112, 483]
[-206, 112, 484]
[-206, 113, 485]
[-206, 113, 486]
[-206, 114, 486]
[-206, 114, 487]
[-206, 115, 488]
[-207, 115, 489]
[-207, 115, 490]
[-207, 116, 491]
[-207, 116, 491]
[-207, 117, 492]
[-207, 117, 493]
[-208, 118, 494]
[-208, 118, 495]
[-208, 118, 495]
[-208, 119, 496]
[-208, 119, 497]
[-209, 120, 498]
[-209, 120, 498]
[-209, 121, 499]
[-209, 121, 500]
[-210, 122, 500]
[-210, 122, 501]
[-210, 123, 502]
[-210, 123, 503]
[-211, 124, 503]
[-211, 124, 504]
[-211, 125, 504]
[-212, 125, 505]
[-212, 126, 506]
[-212, 126, 506]
[-212, 127, 507]
[-213, 127, 508]
[-213, 128, 508]
[-213, 128, 509]
[-214, 129, 509]
[-214, 129, 510]
[-215, 130, 510]
[-215, 131, 511]
[-215, 131, 511]
[-216, 132, 512]
[-216, 132, 512]
[-217, 133, 513]
[-217, 133, 513]
[-217, 134, 514]
[-218, 134, 514]
[-218, 135, 515]
[-219, 136, 515]
[-219, 136, 516]
[-220, 137, 516]
[-220, 137, 516]
[-221, 138, 517]
[-221, 138, 517]
[-222, 139, 518]
[-222, 140, 518]
[-223, 140, 518]
[-224, 141, 519]
[-224, 141, 519]
[-225, 142, 519]
[-225, 143, 520]
[-226, 143, 520]
[-227, 144, 520]
[-227, 144, 521]
[-228, 145, 521]
[-228, 146, 521]
[-229, 146, 521]
[-230, 147, 521]
[-230, 147, 522]
[-231, 148, 522]
[-232, 149, 522]
[-233, 149, 522]
[-233, 150, 522]
[-234, 150, 523]
[-235, 151, 523]
[-236, 152, 523]
[-236, 152, 523]
[-237, 153, 523]
[-238, 154, 523]
[-239, 154, 523]
[-239, 155, 523]
[-240, 155, 524]
[-241, 156, 524]
[-242, 157, 524]
[-243, 157, 524]
[-243, 158, 524]
[-244, 159, 524]
[-245, 159, 524]
[-246, 160, 524]
[-247, 160, 524]
[-248, 161, 524]
[-249, 162, 524]
[-250, 162, 524]
[-250, 163, 523]
[-251, 164, 523]
[-252, 164, 523]
[-253, 165, 523]
[-254, 166, 523]
[-255, 166, 523]
[-256, 167, 523]
[-257, 168, 523]
[-258, 168, 523]
[-259, 169, 522]
[-259, 169, 522]
[-260, 170, 522]
[-261, 171, 522]
[-262, 171, 522]
[-263, 172, 521]
[-264, 173, 521]
[-265, 173, 521]
[-266, 174, 521]
[-267, 175, 520]
[-268, 175, 520]
[-269, 176, 520]
[-270, 177, 519]
[-270, 177, 519]
[-271, 178, 519]
[-272, 178, 518]
[-273, 179, 518]
[-274, 180, 518]
[-275, 180, 517]
[-276, 181, 517]
[-277, 182, 517]
[-278, 182, 516]
[-279, 183, 516]
[-279, 184, 515]
[-280, 184, 515]
[-281, 185, 514]
[-282, 186, 514]
[-283, 186, 514]
[-284, 187, 513]
[-285, 187, 513]
[-286, 188, 512]
[-286, 189, 512]
[-287, 189, 511]
[-288, 190, 510]
[-289, 191, 510]
[-290, 191, 509]
[-290, 192, 509]
[-291, 192, 508]
[-292, 193, 508]
[-293, 194, 507]
[-293, 194, 506]
[-294, 195, 506]
[-295, 196, 505]
[-296, 196, 505]
[-296, 197, 504]
[-297, 197, 503]
[-298, 198, 503]
[-299, 199, 502]
[-299, 199, 501]
[-300, 200, 500]
[-301, 200, 500]
[-301, 201, 499]
[-302, 202, 498]
[-302, 202, 498]
[-303, 203, 497]
[-304, 203, 496]
[-304, 204, 495]
[-305, 205, 495]
[-305, 205, 494]
[-306, 206, 493]
[-307, 206, 492]
[-307, 207, 491]
[-308, 208, 491]
[-308, 208, 490]
[-309, 209, 489]
[-309, 209, 488]
[-310, 210, 487]
[-310, 210, 486]
[-311, 211, 485]
[-311, 212, 485]
[-312, 212, 484]
[-312, 213, 483]
[-312, 213, 482]
[-313, 214, 481]
[-313, 214, 480]
[-314, 215, 479]
[-314, 215, 478]
[-314, 216, 477]
[-315, 217, 476]
[-315, 217, 475]
[-316, 218, 474]
[-316, 218, 473]
[-316, 219, 472]
[-317, 219, 471]
[-317, 220, 470]
[-317, 220, 469]
[-317, 221, 468]
[-318, 221, 467]
[-318, 222, 466]
[-318, 222, 465]
[-319, 223, 464]
[-319, 223, 463]
[-319, 224, 462]
[-319, 224, 461]
[-320, 225, 460]
[-320, 225, 459]
[-320, 226, 458]
[-320, 226, 457]
[-321, 227, 455]
[-321, 227, 454]
[-321, 228, 453]
[-321, 228, 452]
[-321, 228, 451]
[-322, 229, 450]
[-322, 229, 449]
[-322, 230, 448]
[-322, 230, 446]
[-322, 231, 445]
[-322, 231, 444]
[-323, 231, 443]
[-323, 232, 442]
[-323, 232, 441]
[-323, 233, 439]
[-323, 233, 438]
[-323, 234, 437]
[-324, 234, 436]
[-324, 234, 435]
[-324, 235, 433]
[-324, 235, 432]
[-324, 235, 431]
[-324, 236, 430]
[-324, 236, 429]
[-325, 237, 427]
[-325, 237, 426]
[-325, 237, 425]
[-325, 238, 424]
[-325, 238, 422]
[-325, 238, 421]
[-325, 239, 420]
[-325, 239, 419]
[-326, 239, 417]
[-326, 240, 416]
[-326, 240, 415]
[-326, 240, 414]
[-326, 241, 412]
[-326, 241, 411]
[-326, 241, 410]
[-326, 241, 409]
[-327, 242, 407]
[-327, 242, 406]
[-327, 242, 405]
[-327, 243, 403]
[-327, 243, 402]
[-327, 243, 401]
[-327, 243, 400]
[-327, 244, 398]
[-327, 244, 397]
[-328, 244, 396]
[-328, 244, 394]
[-328, 244, 393]
[-328, 245, 392]
[-328, 245, 391]
[-328, 245, 389]
[-328, 245, 388]
[-328, 245, 387]
[-328, 246, 385]
[-329, 246, 384]
[-329, 246, 383]
[-329, 246, 382]
[-329, 246, 380]
[-329, 246, 379]
[-329, 247, 378]
[-329, 247, 376]
[-329, 247, 375]
[-329, 247, 374]
[-329, 247, 372]
[-329, 247, 371]
[-329, 247, 370]
[-330, 247, 369]
[-330, 247, 367]
[-330, 248, 366]
[-330, 248, 365]
[-330, 248, 363]
[-330, 248, 362]
[-330, 248, 361]
[-330, 248, 360]
[-330, 248, 358]
[-330, 248, 357]
[-330, 248, 356]
[-330, 248, 355]
[-330, 248, 353]
[-330, 248, 352]
