# Curve Parameters
# y_end: 244
# loops: 1
# A (south bulge): 140
# B (lateral wiggle): 10
# samples: 350
#
# Analysis Results
# max_grade: 0.918738
# length_3d: 383.37
# length_2d: 343.72
# min_horiz_step: 0.247671
# status: OK
#
# Coordinates (x, y, z)
#==================================================

[-199, 98, 410]
[-199, 98, 411]
[-199, 98, 413]
[-199, 98, 414]
[-199, 98, 415]
[-199, 98, 416]
[-199, 98, 418]
[-199, 98, 419]
[-199, 98, 420]
[-199, 98, 421]
[-199, 98, 422]
[-199, 98, 424]
[-199, 99, 425]
[-200, 99, 426]
[-200, 99, 427]
[-200, 99, 429]
[-200, 99, 430]
[-200, 99, 431]
[-200, 99, 432]
[-200, 99, 433]
[-200, 99, 435]
[-200, 100, 436]
[-200, 100, 437]
[-200, 100, 438]
[-201, 100, 439]
[-201, 100, 440]
[-201, 100, 442]
[-201, 100, 443]
[-201, 101, 444]
[-201, 101, 445]
[-201, 101, 446]
[-202, 101, 447]
[-202, 101, 448]
[-202, 102, 450]
[-202, 102, 451]
[-202, 102, 452]
[-202, 102, 453]
[-202, 103, 454]
[-203, 103, 455]
[-203, 103, 456]
[-203, 103, 457]
[-203, 104, 458]
[-203, 104, 459]
[-203, 104, 460]
[-204, 104, 461]
[-204, 105, 463]
[-204, 105, 464]
[-204, 105, 465]
[-204, 106, 466]
[-205, 106, 467]
[-205, 106, 468]
[-205, 106, 469]
[-205, 107, 470]
[-205, 107, 471]
[-206, 107, 472]
[-206, 108, 473]
[-206, 108, 474]
[-206, 108, 475]
[-207, 109, 476]
[-207, 109, 476]
[-207, 109, 477]
[-207, 110, 478]
[-207, 110, 479]
[-208, 111, 480]
[-208, 111, 481]
[-208, 111, 482]
[-208, 112, 483]
[-209, 112, 484]
[-209, 112, 485]
[-209, 113, 486]
[-209, 113, 486]
[-210, 114, 487]
[-210, 114, 488]
[-210, 114, 489]
[-210, 115, 490]
[-211, 115, 491]
[-211, 116, 491]
[-211, 116, 492]
[-212, 117, 493]
[-212, 117, 494]
[-212, 117, 495]
[-212, 118, 495]
[-213, 118, 496]
[-213, 119, 497]
[-213, 119, 498]
[-214, 120, 498]
[-214, 120, 499]
[-214, 121, 500]
[-215, 121, 500]
[-215, 122, 501]
[-215, 122, 502]
[-216, 123, 503]
[-216, 123, 503]
[-216, 124, 504]
[-217, 124, 504]
[-217, 125, 505]
[-218, 125, 506]
[-218, 126, 506]
[-218, 126, 507]
[-219, 127, 508]
[-219, 127, 508]
[-220, 128, 509]
[-220, 128, 509]
[-220, 129, 510]
[-221, 129, 510]
[-221, 130, 511]
[-222, 130, 511]
[-222, 131, 512]
[-223, 131, 512]
[-223, 132, 513]
[-223, 132, 513]
[-224, 133, 514]
[-224, 133, 514]
[-225, 134, 515]
[-225, 135, 515]
[-226, 135, 516]
[-226, 136, 516]
[-227, 136, 516]
[-227, 137, 517]
[-228, 137, 517]
[-228, 138, 518]
[-229, 138, 518]
[-229, 139, 518]
[-230, 140, 519]
[-230, 140, 519]
[-231, 141, 519]
[-232, 141, 520]
[-232, 142, 520]
[-233, 143, 520]
[-233, 143, 521]
[-234, 144, 521]
[-234, 144, 521]
[-235, 145, 521]
[-236, 145, 521]
[-236, 146, 522]
[-237, 147, 522]
[-238, 147, 522]
[-238, 148, 522]
[-239, 148, 522]
[-239, 149, 523]
[-240, 150, 523]
[-241, 150, 523]
[-241, 151, 523]
[-242, 151, 523]
[-243, 152, 523]
[-243, 153, 523]
[-244, 153, 523]
[-245, 154, 524]
[-245, 154, 524]
[-246, 155, 524]
[-247, 156, 524]
[-247, 156, 524]
[-248, 157, 524]
[-249, 158, 524]
[-250, 158, 524]
[-250, 159, 524]
[-251, 159, 524]
[-252, 160, 524]
[-252, 161, 524]
[-253, 161, 523]
[-254, 162, 523]
[-255, 163, 523]
[-255, 163, 523]
[-256, 164, 523]
[-257, 164, 523]
[-257, 165, 523]
[-258, 166, 523]
[-259, 166, 523]
[-260, 167, 522]
[-260, 168, 522]
[-261, 168, 522]
[-262, 169, 522]
[-263, 169, 522]
[-263, 170, 521]
[-264, 171, 521]
[-265, 171, 521]
[-266, 172, 521]
[-266, 173, 520]
[-267, 173, 520]
[-268, 174, 520]
[-269, 174, 519]
[-269, 175, 519]
[-270, 176, 519]
[-271, 176, 518]
[-272, 177, 518]
[-272, 178, 518]
[-273, 178, 517]
[-274, 179, 517]
[-274, 179, 517]
[-275, 180, 516]
[-276, 181, 516]
[-277, 181, 515]
[-277, 182, 515]
[-278, 183, 514]
[-279, 183, 514]
[-279, 184, 514]
[-280, 184, 513]
[-281, 185, 513]
[-282, 186, 512]
[-282, 186, 512]
[-283, 187, 511]
[-284, 188, 510]
[-284, 188, 510]
[-285, 189, 509]
[-286, 189, 509]
[-286, 190, 508]
[-287, 191, 508]
[-288, 191, 507]
[-288, 192, 506]
[-289, 192, 506]
[-290, 193, 505]
[-290, 194, 505]
[-291, 194, 504]
[-291, 195, 503]
[-292, 195, 503]
[-293, 196, 502]
[-293, 197, 501]
[-294, 197, 500]
[-295, 198, 500]
[-295, 198, 499]
[-296, 199, 498]
[-296, 199, 498]
[-297, 200, 497]
[-297, 201, 496]
[-298, 201, 495]
[-299, 202, 495]
[-299, 202, 494]
[-300, 203, 493]
[-300, 204, 492]
[-301, 204, 491]
[-301, 205, 491]
[-302, 205, 490]
[-302, 206, 489]
[-303, 206, 488]
[-303, 207, 487]
[-304, 207, 486]
[-304, 208, 485]
[-305, 209, 485]
[-305, 209, 484]
[-306, 210, 483]
[-306, 210, 482]
[-306, 211, 481]
[-307, 211, 480]
[-307, 212, 479]
[-308, 212, 478]
[-308, 213, 477]
[-309, 213, 476]
[-309, 214, 475]
[-309, 214, 474]
[-310, 215, 473]
[-310, 215, 472]
[-311, 216, 471]
[-311, 216, 470]
[-311, 217, 469]
[-312, 217, 468]
[-312, 218, 467]
[-313, 218, 466]
[-313, 219, 465]
[-313, 219, 464]
[-314, 220, 463]
[-314, 220, 462]
[-314, 221, 461]
[-315, 221, 460]
[-315, 222, 459]
[-315, 222, 458]
[-316, 223, 457]
[-316, 223, 455]
[-316, 224, 454]
[-317, 224, 453]
[-317, 225, 452]
[-317, 225, 451]
[-317, 225, 450]
[-318, 226, 449]
[-318, 226, 448]
[-318, 227, 446]
[-319, 227, 445]
[-319, 228, 444]
[-319, 228, 443]
[-319, 228, 442]
[-320, 229, 441]
[-320, 229, 439]
[-320, 230, 438]
[-320, 230, 437]
[-321, 230, 436]
[-321, 231, 435]
[-321, 231, 433]
[-321, 231, 432]
[-322, 232, 431]
[-322, 232, 430]
[-322, 233, 429]
[-322, 233, 427]
[-322, 233, 426]
[-323, 234, 425]
[-323, 234, 424]
[-323, 234, 422]
[-323, 235, 421]
[-324, 235, 420]
[-324, 235, 419]
[-324, 236, 417]
[-324, 236, 416]
[-324, 236, 415]
[-325, 236, 414]
[-325, 237, 412]
[-325, 237, 411]
[-325, 237, 410]
[-325, 238, 409]
[-326, 238, 407]
[-326, 238, 406]
[-326, 238, 405]
[-326, 239, 403]
[-326, 239, 402]
[-326, 239, 401]
[-327, 239, 400]
[-327, 240, 398]
[-327, 240, 397]
[-327, 240, 396]
[-327, 240, 394]
[-327, 241, 393]
[-327, 241, 392]
[-328, 241, 391]
[-328, 241, 389]
[-328, 241, 388]
[-328, 242, 387]
[-328, 242, 385]
[-328, 242, 384]
[-328, 242, 383]
[-329, 242, 382]
[-329, 242, 380]
[-329, 242, 379]
[-329, 243, 378]
[-329, 243, 376]
[-329, 243, 375]
[-329, 243, 374]
[-329, 243, 372]
[-329, 243, 371]
[-329, 243, 370]
[-329, 243, 369]
[-330, 243, 367]
[-330, 244, 366]
[-330, 244, 365]
[-330, 244, 363]
[-330, 244, 362]
[-330, 244, 361]
[-330, 244, 360]
[-330, 244, 358]
[-330, 244, 357]
[-330, 244, 356]
[-330, 244, 355]
[-330, 244, 353]
[-330, 244, 352]
