# Curve Parameters
# y_end: 234
# loops: 1
# A (south bulge): 120
# B (lateral wiggle): 10
# samples: 350
#
# Analysis Results
# max_grade: 0.890539
# length_3d: 344.97
# length_2d: 308.06
# min_horiz_step: 0.230196
# status: OK
#
# Coordinates (x, y, z)
#==================================================

[-199, 98, 410]
[-199, 98, 411]
[-199, 98, 412]
[-199, 98, 413]
[-199, 98, 414]
[-199, 98, 415]
[-199, 98, 416]
[-199, 98, 417]
[-199, 98, 419]
[-199, 98, 420]
[-199, 98, 421]
[-199, 98, 422]
[-199, 98, 423]
[-200, 99, 424]
[-200, 99, 425]
[-200, 99, 426]
[-200, 99, 427]
[-200, 99, 428]
[-200, 99, 429]
[-200, 99, 430]
[-200, 99, 431]
[-200, 99, 432]
[-200, 100, 433]
[-200, 100, 434]
[-201, 100, 435]
[-201, 100, 436]
[-201, 100, 437]
[-201, 100, 438]
[-201, 100, 439]
[-201, 101, 440]
[-201, 101, 441]
[-202, 101, 442]
[-202, 101, 443]
[-202, 101, 444]
[-202, 102, 445]
[-202, 102, 446]
[-202, 102, 446]
[-202, 102, 447]
[-203, 102, 448]
[-203, 103, 449]
[-203, 103, 450]
[-203, 103, 451]
[-203, 103, 452]
[-203, 104, 453]
[-204, 104, 454]
[-204, 104, 455]
[-204, 104, 456]
[-204, 105, 456]
[-204, 105, 457]
[-205, 105, 458]
[-205, 106, 459]
[-205, 106, 460]
[-205, 106, 461]
[-205, 106, 461]
[-206, 107, 462]
[-206, 107, 463]
[-206, 107, 464]
[-206, 108, 465]
[-207, 108, 466]
[-207, 108, 466]
[-207, 109, 467]
[-207, 109, 468]
[-207, 109, 469]
[-208, 110, 469]
[-208, 110, 470]
[-208, 110, 471]
[-208, 111, 472]
[-209, 111, 472]
[-209, 111, 473]
[-209, 112, 474]
[-209, 112, 475]
[-210, 113, 475]
[-210, 113, 476]
[-210, 113, 477]
[-210, 114, 477]
[-211, 114, 478]
[-211, 115, 479]
[-211, 115, 479]
[-212, 115, 480]
[-212, 116, 481]
[-212, 116, 481]
[-212, 117, 482]
[-213, 117, 483]
[-213, 117, 483]
[-213, 118, 484]
[-214, 118, 484]
[-214, 119, 485]
[-214, 119, 486]
[-215, 120, 486]
[-215, 120, 487]
[-215, 120, 487]
[-216, 121, 488]
[-216, 121, 488]
[-216, 122, 489]
[-217, 122, 489]
[-217, 123, 490]
[-218, 123, 491]
[-218, 124, 491]
[-218, 124, 492]
[-219, 125, 492]
[-219, 125, 492]
[-220, 126, 493]
[-220, 126, 493]
[-220, 127, 494]
[-221, 127, 494]
[-221, 128, 495]
[-222, 128, 495]
[-222, 129, 496]
[-223, 129, 496]
[-223, 130, 496]
[-223, 130, 497]
[-224, 131, 497]
[-224, 131, 497]
[-225, 132, 498]
[-225, 132, 498]
[-226, 133, 498]
[-226, 133, 499]
[-227, 134, 499]
[-227, 134, 499]
[-228, 135, 500]
[-228, 135, 500]
[-229, 136, 500]
[-229, 136, 501]
[-230, 137, 501]
[-230, 137, 501]
[-231, 138, 501]
[-232, 138, 502]
[-232, 139, 502]
[-233, 139, 502]
[-233, 140, 502]
[-234, 141, 502]
[-234, 141, 503]
[-235, 142, 503]
[-236, 142, 503]
[-236, 143, 503]
[-237, 143, 503]
[-238, 144, 503]
[-238, 144, 503]
[-239, 145, 504]
[-239, 146, 504]
[-240, 146, 504]
[-241, 147, 504]
[-241, 147, 504]
[-242, 148, 504]
[-243, 148, 504]
[-243, 149, 504]
[-244, 149, 504]
[-245, 150, 504]
[-245, 151, 504]
[-246, 151, 504]
[-247, 152, 504]
[-247, 152, 504]
[-248, 153, 504]
[-249, 153, 504]
[-250, 154, 504]
[-250, 155, 504]
[-251, 155, 504]
[-252, 156, 504]
[-252, 156, 504]
[-253, 157, 504]
[-254, 158, 504]
[-255, 158, 503]
[-255, 159, 503]
[-256, 159, 503]
[-257, 160, 503]
[-257, 160, 503]
[-258, 161, 503]
[-259, 162, 503]
[-260, 162, 502]
[-260, 163, 502]
[-261, 163, 502]
[-262, 164, 502]
[-263, 165, 502]
[-263, 165, 501]
[-264, 166, 501]
[-265, 166, 501]
[-266, 167, 501]
[-266, 167, 500]
[-267, 168, 500]
[-268, 169, 500]
[-269, 169, 499]
[-269, 170, 499]
[-270, 170, 499]
[-271, 171, 499]
[-272, 172, 498]
[-272, 172, 498]
[-273, 173, 497]
[-274, 173, 497]
[-274, 174, 497]
[-275, 174, 496]
[-276, 175, 496]
[-277, 176, 496]
[-277, 176, 495]
[-278, 177, 495]
[-279, 177, 494]
[-279, 178, 494]
[-280, 179, 493]
[-281, 179, 493]
[-282, 180, 493]
[-282, 180, 492]
[-283, 181, 492]
[-284, 181, 491]
[-284, 182, 491]
[-285, 183, 490]
[-286, 183, 490]
[-286, 184, 489]
[-287, 184, 488]
[-288, 185, 488]
[-288, 185, 487]
[-289, 186, 487]
[-290, 186, 486]
[-290, 187, 486]
[-291, 188, 485]
[-291, 188, 484]
[-292, 189, 484]
[-293, 189, 483]
[-293, 190, 483]
[-294, 190, 482]
[-295, 191, 481]
[-295, 191, 481]
[-296, 192, 480]
[-296, 193, 479]
[-297, 193, 479]
[-297, 194, 478]
[-298, 194, 477]
[-299, 195, 477]
[-299, 195, 476]
[-300, 196, 475]
[-300, 196, 474]
[-301, 197, 474]
[-301, 197, 473]
[-302, 198, 472]
[-302, 198, 471]
[-303, 199, 471]
[-303, 199, 470]
[-304, 200, 469]
[-304, 200, 468]
[-305, 201, 468]
[-305, 201, 467]
[-306, 202, 466]
[-306, 202, 465]
[-306, 203, 464]
[-307, 203, 464]
[-307, 204, 463]
[-308, 204, 462]
[-308, 205, 461]
[-309, 205, 460]
[-309, 206, 459]
[-309, 206, 458]
[-310, 207, 458]
[-310, 207, 457]
[-311, 208, 456]
[-311, 208, 455]
[-311, 209, 454]
[-312, 209, 453]
[-312, 210, 452]
[-313, 210, 451]
[-313, 211, 450]
[-313, 211, 449]
[-314, 212, 449]
[-314, 212, 448]
[-314, 212, 447]
[-315, 213, 446]
[-315, 213, 445]
[-315, 214, 444]
[-316, 214, 443]
[-316, 215, 442]
[-316, 215, 441]
[-317, 215, 440]
[-317, 216, 439]
[-317, 216, 438]
[-317, 217, 437]
[-318, 217, 436]
[-318, 217, 435]
[-318, 218, 434]
[-319, 218, 433]
[-319, 219, 432]
[-319, 219, 431]
[-319, 219, 430]
[-320, 220, 429]
[-320, 220, 428]
[-320, 221, 427]
[-320, 221, 426]
[-321, 221, 425]
[-321, 222, 424]
[-321, 222, 423]
[-321, 222, 421]
[-322, 223, 420]
[-322, 223, 419]
[-322, 223, 418]
[-322, 224, 417]
[-322, 224, 416]
[-323, 224, 415]
[-323, 225, 414]
[-323, 225, 413]
[-323, 225, 412]
[-324, 226, 411]
[-324, 226, 410]
[-324, 226, 409]
[-324, 226, 407]
[-324, 227, 406]
[-325, 227, 405]
[-325, 227, 404]
[-325, 228, 403]
[-325, 228, 402]
[-325, 228, 401]
[-326, 228, 400]
[-326, 229, 399]
[-326, 229, 398]
[-326, 229, 396]
[-326, 229, 395]
[-326, 230, 394]
[-327, 230, 393]
[-327, 230, 392]
[-327, 230, 391]
[-327, 230, 390]
[-327, 231, 389]
[-327, 231, 387]
[-327, 231, 386]
[-328, 231, 385]
[-328, 231, 384]
[-328, 232, 383]
[-328, 232, 382]
[-328, 232, 381]
[-328, 232, 380]
[-328, 232, 379]
[-329, 232, 377]
[-329, 232, 376]
[-329, 233, 375]
[-329, 233, 374]
[-329, 233, 373]
[-329, 233, 372]
[-329, 233, 371]
[-329, 233, 370]
[-329, 233, 368]
[-329, 233, 367]
[-329, 233, 366]
[-330, 234, 365]
[-330, 234, 364]
[-330, 234, 363]
[-330, 234, 362]
[-330, 234, 361]
[-330, 234, 360]
[-330, 234, 359]
[-330, 234, 357]
[-330, 234, 356]
[-330, 234, 355]
[-330, 234, 354]
[-330, 234, 353]
[-330, 234, 352]
