# Curve Parameters
# y_end: 240
# loops: 1
# A (south bulge): 140
# B (lateral wiggle): 30
# samples: 350
#
# Analysis Results
# max_grade: 0.843576
# length_3d: 396.49
# length_2d: 362.28
# min_horiz_step: 0.243295
# status: OK
#
# Coordinates (x, y, z)
#==================================================

[-199, 98, 410]
[-199, 98, 411]
[-199, 98, 413]
[-199, 98, 414]
[-199, 98, 415]
[-199, 98, 416]
[-199, 98, 418]
[-199, 98, 419]
[-199, 98, 420]
[-199, 98, 421]
[-199, 98, 422]
[-199, 98, 424]
[-199, 98, 425]
[-199, 99, 426]
[-199, 99, 427]
[-200, 99, 429]
[-200, 99, 430]
[-200, 99, 431]
[-200, 99, 432]
[-200, 99, 433]
[-200, 99, 435]
[-200, 99, 436]
[-200, 100, 437]
[-200, 100, 438]
[-200, 100, 439]
[-200, 100, 440]
[-200, 100, 442]
[-200, 100, 443]
[-200, 101, 444]
[-201, 101, 445]
[-201, 101, 446]
[-201, 101, 447]
[-201, 101, 448]
[-201, 102, 450]
[-201, 102, 451]
[-201, 102, 452]
[-201, 102, 453]
[-201, 102, 454]
[-201, 103, 455]
[-201, 103, 456]
[-201, 103, 457]
[-201, 103, 458]
[-201, 104, 459]
[-201, 104, 460]
[-202, 104, 461]
[-202, 104, 463]
[-202, 105, 464]
[-202, 105, 465]
[-202, 105, 466]
[-202, 106, 467]
[-202, 106, 468]
[-202, 106, 469]
[-202, 107, 470]
[-202, 107, 471]
[-202, 107, 472]
[-202, 107, 473]
[-202, 108, 474]
[-202, 108, 475]
[-202, 108, 476]
[-202, 109, 476]
[-202, 109, 477]
[-202, 109, 478]
[-202, 110, 479]
[-202, 110, 480]
[-202, 111, 481]
[-203, 111, 482]
[-203, 111, 483]
[-203, 112, 484]
[-203, 112, 485]
[-203, 112, 486]
[-203, 113, 486]
[-203, 113, 487]
[-203, 114, 488]
[-203, 114, 489]
[-203, 114, 490]
[-203, 115, 491]
[-203, 115, 491]
[-203, 116, 492]
[-203, 116, 493]
[-203, 117, 494]
[-204, 117, 495]
[-204, 117, 495]
[-204, 118, 496]
[-204, 118, 497]
[-204, 119, 498]
[-204, 119, 498]
[-204, 120, 499]
[-204, 120, 500]
[-205, 121, 500]
[-205, 121, 501]
[-205, 121, 502]
[-205, 122, 503]
[-205, 122, 503]
[-205, 123, 504]
[-206, 123, 504]
[-206, 124, 505]
[-206, 124, 506]
[-206, 125, 506]
[-207, 125, 507]
[-207, 126, 508]
[-207, 126, 508]
[-207, 127, 509]
[-208, 127, 509]
[-208, 128, 510]
[-208, 128, 510]
[-209, 129, 511]
[-209, 129, 511]
[-209, 130, 512]
[-210, 130, 512]
[-210, 131, 513]
[-211, 131, 513]
[-211, 132, 514]
[-211, 132, 514]
[-212, 133, 515]
[-212, 134, 515]
[-213, 134, 516]
[-213, 135, 516]
[-214, 135, 516]
[-214, 136, 517]
[-215, 136, 517]
[-215, 137, 518]
[-216, 137, 518]
[-217, 138, 518]
[-217, 138, 519]
[-218, 139, 519]
[-218, 140, 519]
[-219, 140, 520]
[-220, 141, 520]
[-220, 141, 520]
[-221, 142, 521]
[-222, 142, 521]
[-222, 143, 521]
[-223, 144, 521]
[-224, 144, 521]
[-225, 145, 522]
[-225, 145, 522]
[-226, 146, 522]
[-227, 146, 522]
[-228, 147, 522]
[-229, 148, 523]
[-230, 148, 523]
[-230, 149, 523]
[-231, 149, 523]
[-232, 150, 523]
[-233, 151, 523]
[-234, 151, 523]
[-235, 152, 523]
[-236, 152, 524]
[-237, 153, 524]
[-238, 154, 524]
[-239, 154, 524]
[-240, 155, 524]
[-241, 155, 524]
[-242, 156, 524]
[-243, 157, 524]
[-244, 157, 524]
[-245, 158, 524]
[-246, 158, 524]
[-247, 159, 524]
[-248, 160, 523]
[-249, 160, 523]
[-250, 161, 523]
[-251, 161, 523]
[-252, 162, 523]
[-253, 163, 523]
[-254, 163, 523]
[-255, 164, 523]
[-256, 164, 523]
[-257, 165, 522]
[-258, 166, 522]
[-260, 166, 522]
[-261, 167, 522]
[-262, 167, 522]
[-263, 168, 521]
[-264, 169, 521]
[-265, 169, 521]
[-266, 170, 521]
[-267, 171, 520]
[-268, 171, 520]
[-269, 172, 520]
[-271, 172, 519]
[-272, 173, 519]
[-273, 174, 519]
[-274, 174, 518]
[-275, 175, 518]
[-276, 175, 518]
[-277, 176, 517]
[-278, 177, 517]
[-279, 177, 517]
[-280, 178, 516]
[-281, 178, 516]
[-282, 179, 515]
[-283, 180, 515]
[-284, 180, 514]
[-285, 181, 514]
[-286, 181, 514]
[-287, 182, 513]
[-288, 183, 513]
[-289, 183, 512]
[-290, 184, 512]
[-291, 184, 511]
[-292, 185, 510]
[-293, 186, 510]
[-294, 186, 509]
[-295, 187, 509]
[-296, 187, 508]
[-297, 188, 508]
[-298, 189, 507]
[-299, 189, 506]
[-299, 190, 506]
[-300, 190, 505]
[-301, 191, 505]
[-302, 192, 504]
[-303, 192, 503]
[-304, 193, 503]
[-304, 193, 502]
[-305, 194, 501]
[-306, 194, 500]
[-307, 195, 500]
[-307, 196, 499]
[-308, 196, 498]
[-309, 197, 498]
[-309, 197, 497]
[-310, 198, 496]
[-311, 198, 495]
[-311, 199, 495]
[-312, 200, 494]
[-312, 200, 493]
[-313, 201, 492]
[-314, 201, 491]
[-314, 202, 491]
[-315, 202, 490]
[-315, 203, 489]
[-316, 203, 488]
[-316, 204, 487]
[-317, 204, 486]
[-317, 205, 485]
[-318, 206, 485]
[-318, 206, 484]
[-318, 207, 483]
[-319, 207, 482]
[-319, 208, 481]
[-320, 208, 480]
[-320, 209, 479]
[-320, 209, 478]
[-321, 210, 477]
[-321, 210, 476]
[-321, 211, 475]
[-322, 211, 474]
[-322, 212, 473]
[-322, 212, 472]
[-322, 213, 471]
[-323, 213, 470]
[-323, 214, 469]
[-323, 214, 468]
[-323, 215, 467]
[-324, 215, 466]
[-324, 216, 465]
[-324, 216, 464]
[-324, 217, 463]
[-324, 217, 462]
[-324, 217, 461]
[-325, 218, 460]
[-325, 218, 459]
[-325, 219, 458]
[-325, 219, 457]
[-325, 220, 455]
[-325, 220, 454]
[-325, 221, 453]
[-325, 221, 452]
[-326, 221, 451]
[-326, 222, 450]
[-326, 222, 449]
[-326, 223, 448]
[-326, 223, 446]
[-326, 224, 445]
[-326, 224, 444]
[-326, 224, 443]
[-326, 225, 442]
[-326, 225, 441]
[-326, 226, 439]
[-326, 226, 438]
[-326, 226, 437]
[-326, 227, 436]
[-326, 227, 435]
[-327, 227, 433]
[-327, 228, 432]
[-327, 228, 431]
[-327, 229, 430]
[-327, 229, 429]
[-327, 229, 427]
[-327, 230, 426]
[-327, 230, 425]
[-327, 230, 424]
[-327, 231, 422]
[-327, 231, 421]
[-327, 231, 420]
[-327, 231, 419]
[-327, 232, 417]
[-327, 232, 416]
[-327, 232, 415]
[-327, 233, 414]
[-327, 233, 412]
[-327, 233, 411]
[-327, 234, 410]
[-327, 234, 409]
[-328, 234, 407]
[-328, 234, 406]
[-328, 235, 405]
[-328, 235, 403]
[-328, 235, 402]
[-328, 235, 401]
[-328, 236, 400]
[-328, 236, 398]
[-328, 236, 397]
[-328, 236, 396]
[-328, 236, 394]
[-328, 237, 393]
[-328, 237, 392]
[-328, 237, 391]
[-328, 237, 389]
[-329, 237, 388]
[-329, 238, 387]
[-329, 238, 385]
[-329, 238, 384]
[-329, 238, 383]
[-329, 238, 382]
[-329, 238, 380]
[-329, 239, 379]
[-329, 239, 378]
[-329, 239, 376]
[-329, 239, 375]
[-329, 239, 374]
[-329, 239, 372]
[-329, 239, 371]
[-330, 239, 370]
[-330, 239, 369]
[-330, 240, 367]
[-330, 240, 366]
[-330, 240, 365]
[-330, 240, 363]
[-330, 240, 362]
[-330, 240, 361]
[-330, 240, 360]
[-330, 240, 358]
[-330, 240, 357]
[-330, 240, 356]
[-330, 240, 355]
[-330, 240, 353]
[-330, 240, 352]
