# Curve Parameters
# y_end: 228
# loops: 1
# A (south bulge): 140
# B (lateral wiggle): 40
# samples: 350
#
# Analysis Results
# max_grade: 0.789018
# length_3d: 401.19
# length_2d: 373.34
# min_horiz_step: 0.235202
# status: OK
#
# Coordinates (x, y, z)
#==================================================

[-199, 98, 410]
[-199, 98, 411]
[-199, 98, 413]
[-199, 98, 414]
[-199, 98, 415]
[-199, 98, 416]
[-199, 98, 418]
[-199, 98, 419]
[-199, 98, 420]
[-199, 98, 421]
[-199, 98, 422]
[-199, 98, 424]
[-199, 98, 425]
[-199, 99, 426]
[-199, 99, 427]
[-200, 99, 429]
[-200, 99, 430]
[-200, 99, 431]
[-200, 99, 432]
[-200, 99, 433]
[-200, 99, 435]
[-200, 99, 436]
[-200, 99, 437]
[-200, 100, 438]
[-200, 100, 439]
[-200, 100, 440]
[-200, 100, 442]
[-200, 100, 443]
[-200, 100, 444]
[-200, 101, 445]
[-200, 101, 446]
[-200, 101, 447]
[-200, 101, 448]
[-200, 101, 450]
[-200, 101, 451]
[-200, 102, 452]
[-200, 102, 453]
[-200, 102, 454]
[-200, 102, 455]
[-200, 103, 456]
[-200, 103, 457]
[-200, 103, 458]
[-200, 103, 459]
[-200, 103, 460]
[-200, 104, 461]
[-200, 104, 463]
[-200, 104, 464]
[-200, 104, 465]
[-200, 105, 466]
[-200, 105, 467]
[-200, 105, 468]
[-200, 106, 469]
[-200, 106, 470]
[-200, 106, 471]
[-200, 106, 472]
[-200, 107, 473]
[-200, 107, 474]
[-200, 107, 475]
[-200, 108, 476]
[-200, 108, 476]
[-200, 108, 477]
[-200, 109, 478]
[-200, 109, 479]
[-200, 109, 480]
[-200, 110, 481]
[-200, 110, 482]
[-200, 110, 483]
[-200, 111, 484]
[-200, 111, 485]
[-200, 111, 486]
[-199, 112, 486]
[-199, 112, 487]
[-199, 112, 488]
[-199, 113, 489]
[-199, 113, 490]
[-199, 113, 491]
[-199, 114, 491]
[-199, 114, 492]
[-199, 115, 493]
[-199, 115, 494]
[-199, 115, 495]
[-199, 116, 495]
[-199, 116, 496]
[-199, 117, 497]
[-199, 117, 498]
[-199, 117, 498]
[-199, 118, 499]
[-199, 118, 500]
[-200, 119, 500]
[-200, 119, 501]
[-200, 119, 502]
[-200, 120, 503]
[-200, 120, 503]
[-200, 121, 504]
[-200, 121, 504]
[-200, 122, 505]
[-200, 122, 506]
[-201, 123, 506]
[-201, 123, 507]
[-201, 123, 508]
[-201, 124, 508]
[-201, 124, 509]
[-202, 125, 509]
[-202, 125, 510]
[-202, 126, 510]
[-202, 126, 511]
[-203, 127, 511]
[-203, 127, 512]
[-203, 128, 512]
[-204, 128, 513]
[-204, 129, 513]
[-205, 129, 514]
[-205, 130, 514]
[-205, 130, 515]
[-206, 131, 515]
[-206, 131, 516]
[-207, 132, 516]
[-207, 132, 516]
[-208, 133, 517]
[-208, 133, 517]
[-209, 134, 518]
[-210, 134, 518]
[-210, 135, 518]
[-211, 135, 519]
[-211, 136, 519]
[-212, 136, 519]
[-213, 137, 520]
[-213, 137, 520]
[-214, 138, 520]
[-215, 138, 521]
[-216, 139, 521]
[-216, 139, 521]
[-217, 140, 521]
[-218, 140, 521]
[-219, 141, 522]
[-220, 141, 522]
[-221, 142, 522]
[-221, 142, 522]
[-222, 143, 522]
[-223, 143, 523]
[-224, 144, 523]
[-225, 145, 523]
[-226, 145, 523]
[-227, 146, 523]
[-228, 146, 523]
[-229, 147, 523]
[-230, 147, 523]
[-231, 148, 524]
[-232, 148, 524]
[-233, 149, 524]
[-235, 149, 524]
[-236, 150, 524]
[-237, 150, 524]
[-238, 151, 524]
[-239, 152, 524]
[-240, 152, 524]
[-241, 153, 524]
[-243, 153, 524]
[-244, 154, 524]
[-245, 154, 523]
[-246, 155, 523]
[-247, 155, 523]
[-249, 156, 523]
[-250, 157, 523]
[-251, 157, 523]
[-252, 158, 523]
[-254, 158, 523]
[-255, 159, 523]
[-256, 159, 522]
[-257, 160, 522]
[-259, 160, 522]
[-260, 161, 522]
[-261, 162, 522]
[-263, 162, 521]
[-264, 163, 521]
[-265, 163, 521]
[-266, 164, 521]
[-268, 164, 520]
[-269, 165, 520]
[-270, 166, 520]
[-272, 166, 519]
[-273, 167, 519]
[-274, 167, 519]
[-275, 168, 518]
[-277, 168, 518]
[-278, 169, 518]
[-279, 169, 517]
[-280, 170, 517]
[-282, 171, 517]
[-283, 171, 516]
[-284, 172, 516]
[-285, 172, 515]
[-286, 173, 515]
[-288, 173, 514]
[-289, 174, 514]
[-290, 174, 514]
[-291, 175, 513]
[-292, 176, 513]
[-293, 176, 512]
[-294, 177, 512]
[-296, 177, 511]
[-297, 178, 510]
[-298, 178, 510]
[-299, 179, 509]
[-300, 179, 509]
[-301, 180, 508]
[-302, 180, 508]
[-303, 181, 507]
[-304, 181, 506]
[-305, 182, 506]
[-306, 183, 505]
[-307, 183, 505]
[-308, 184, 504]
[-308, 184, 503]
[-309, 185, 503]
[-310, 185, 502]
[-311, 186, 501]
[-312, 186, 500]
[-313, 187, 500]
[-313, 187, 499]
[-314, 188, 498]
[-315, 188, 498]
[-316, 189, 497]
[-316, 189, 496]
[-317, 190, 495]
[-318, 190, 495]
[-318, 191, 494]
[-319, 191, 493]
[-319, 192, 492]
[-320, 192, 491]
[-321, 193, 491]
[-321, 193, 490]
[-322, 194, 489]
[-322, 194, 488]
[-323, 195, 487]
[-323, 195, 486]
[-324, 196, 485]
[-324, 196, 485]
[-324, 197, 484]
[-325, 197, 483]
[-325, 198, 482]
[-326, 198, 481]
[-326, 199, 480]
[-326, 199, 479]
[-327, 200, 478]
[-327, 200, 477]
[-327, 201, 476]
[-327, 201, 475]
[-328, 202, 474]
[-328, 202, 473]
[-328, 203, 472]
[-328, 203, 471]
[-328, 203, 470]
[-329, 204, 469]
[-329, 204, 468]
[-329, 205, 467]
[-329, 205, 466]
[-329, 206, 465]
[-329, 206, 464]
[-329, 207, 463]
[-329, 207, 462]
[-329, 207, 461]
[-330, 208, 460]
[-330, 208, 459]
[-330, 209, 458]
[-330, 209, 457]
[-330, 209, 455]
[-330, 210, 454]
[-330, 210, 453]
[-330, 211, 452]
[-330, 211, 451]
[-330, 211, 450]
[-330, 212, 449]
[-330, 212, 448]
[-330, 213, 446]
[-330, 213, 445]
[-330, 213, 444]
[-330, 214, 443]
[-330, 214, 442]
[-330, 214, 441]
[-329, 215, 439]
[-329, 215, 438]
[-329, 215, 437]
[-329, 216, 436]
[-329, 216, 435]
[-329, 216, 433]
[-329, 217, 432]
[-329, 217, 431]
[-329, 217, 430]
[-329, 218, 429]
[-329, 218, 427]
[-329, 218, 426]
[-329, 219, 425]
[-329, 219, 424]
[-329, 219, 422]
[-329, 220, 421]
[-329, 220, 420]
[-329, 220, 419]
[-329, 220, 417]
[-329, 221, 416]
[-329, 221, 415]
[-329, 221, 414]
[-329, 222, 412]
[-329, 222, 411]
[-329, 222, 410]
[-329, 222, 409]
[-329, 223, 407]
[-329, 223, 406]
[-329, 223, 405]
[-329, 223, 403]
[-329, 223, 402]
[-329, 224, 401]
[-329, 224, 400]
[-329, 224, 398]
[-329, 224, 397]
[-329, 225, 396]
[-329, 225, 394]
[-329, 225, 393]
[-329, 225, 392]
[-329, 225, 391]
[-329, 225, 389]
[-329, 226, 388]
[-329, 226, 387]
[-329, 226, 385]
[-329, 226, 384]
[-329, 226, 383]
[-329, 226, 382]
[-329, 227, 380]
[-329, 227, 379]
[-329, 227, 378]
[-329, 227, 376]
[-329, 227, 375]
[-329, 227, 374]
[-329, 227, 372]
[-329, 227, 371]
[-330, 227, 370]
[-330, 227, 369]
[-330, 228, 367]
[-330, 228, 366]
[-330, 228, 365]
[-330, 228, 363]
[-330, 228, 362]
[-330, 228, 361]
[-330, 228, 360]
[-330, 228, 358]
[-330, 228, 357]
[-330, 228, 356]
[-330, 228, 355]
[-330, 228, 353]
[-330, 228, 352]
