# Curve Parameters
# y_end: 230
# loops: 1
# A (south bulge): 140
# B (lateral wiggle): 20
# samples: 350
#
# Analysis Results
# max_grade: 0.783460
# length_3d: 383.64
# length_2d: 352.40
# min_horiz_step: 0.249812
# status: OK
#
# Coordinates (x, y, z)
#==================================================

[-199, 98, 410]
[-199, 98, 411]
[-199, 98, 413]
[-199, 98, 414]
[-199, 98, 415]
[-199, 98, 416]
[-199, 98, 418]
[-199, 98, 419]
[-199, 98, 420]
[-199, 98, 421]
[-199, 98, 422]
[-199, 98, 424]
[-199, 98, 425]
[-199, 99, 426]
[-200, 99, 427]
[-200, 99, 429]
[-200, 99, 430]
[-200, 99, 431]
[-200, 99, 432]
[-200, 99, 433]
[-200, 99, 435]
[-200, 99, 436]
[-200, 100, 437]
[-200, 100, 438]
[-200, 100, 439]
[-200, 100, 440]
[-201, 100, 442]
[-201, 100, 443]
[-201, 100, 444]
[-201, 101, 445]
[-201, 101, 446]
[-201, 101, 447]
[-201, 101, 448]
[-201, 101, 450]
[-201, 102, 451]
[-202, 102, 452]
[-202, 102, 453]
[-202, 102, 454]
[-202, 102, 455]
[-202, 103, 456]
[-202, 103, 457]
[-202, 103, 458]
[-202, 103, 459]
[-202, 104, 460]
[-203, 104, 461]
[-203, 104, 463]
[-203, 104, 464]
[-203, 105, 465]
[-203, 105, 466]
[-203, 105, 467]
[-203, 105, 468]
[-203, 106, 469]
[-204, 106, 470]
[-204, 106, 471]
[-204, 107, 472]
[-204, 107, 473]
[-204, 107, 474]
[-204, 107, 475]
[-204, 108, 476]
[-204, 108, 476]
[-205, 108, 477]
[-205, 109, 478]
[-205, 109, 479]
[-205, 109, 480]
[-205, 110, 481]
[-205, 110, 482]
[-205, 110, 483]
[-206, 111, 484]
[-206, 111, 485]
[-206, 111, 486]
[-206, 112, 486]
[-206, 112, 487]
[-206, 113, 488]
[-207, 113, 489]
[-207, 113, 490]
[-207, 114, 491]
[-207, 114, 491]
[-207, 114, 492]
[-207, 115, 493]
[-208, 115, 494]
[-208, 116, 495]
[-208, 116, 495]
[-208, 116, 496]
[-208, 117, 497]
[-209, 117, 498]
[-209, 118, 498]
[-209, 118, 499]
[-209, 119, 500]
[-210, 119, 500]
[-210, 119, 501]
[-210, 120, 502]
[-210, 120, 503]
[-211, 121, 503]
[-211, 121, 504]
[-211, 122, 504]
[-212, 122, 505]
[-212, 122, 506]
[-212, 123, 506]
[-212, 123, 507]
[-213, 124, 508]
[-213, 124, 508]
[-213, 125, 509]
[-214, 125, 509]
[-214, 126, 510]
[-215, 126, 510]
[-215, 127, 511]
[-215, 127, 511]
[-216, 128, 512]
[-216, 128, 512]
[-217, 129, 513]
[-217, 129, 513]
[-217, 130, 514]
[-218, 130, 514]
[-218, 131, 515]
[-219, 131, 515]
[-219, 132, 516]
[-220, 132, 516]
[-220, 133, 516]
[-221, 133, 517]
[-221, 134, 517]
[-222, 134, 518]
[-222, 135, 518]
[-223, 135, 518]
[-224, 136, 519]
[-224, 136, 519]
[-225, 137, 519]
[-225, 137, 520]
[-226, 138, 520]
[-227, 138, 520]
[-227, 139, 521]
[-228, 139, 521]
[-228, 140, 521]
[-229, 140, 521]
[-230, 141, 521]
[-230, 141, 522]
[-231, 142, 522]
[-232, 143, 522]
[-233, 143, 522]
[-233, 144, 522]
[-234, 144, 523]
[-235, 145, 523]
[-236, 145, 523]
[-236, 146, 523]
[-237, 146, 523]
[-238, 147, 523]
[-239, 147, 523]
[-239, 148, 523]
[-240, 149, 524]
[-241, 149, 524]
[-242, 150, 524]
[-243, 150, 524]
[-243, 151, 524]
[-244, 151, 524]
[-245, 152, 524]
[-246, 152, 524]
[-247, 153, 524]
[-248, 154, 524]
[-249, 154, 524]
[-250, 155, 524]
[-250, 155, 523]
[-251, 156, 523]
[-252, 156, 523]
[-253, 157, 523]
[-254, 157, 523]
[-255, 158, 523]
[-256, 159, 523]
[-257, 159, 523]
[-258, 160, 523]
[-259, 160, 522]
[-259, 161, 522]
[-260, 161, 522]
[-261, 162, 522]
[-262, 163, 522]
[-263, 163, 521]
[-264, 164, 521]
[-265, 164, 521]
[-266, 165, 521]
[-267, 165, 520]
[-268, 166, 520]
[-269, 167, 520]
[-270, 167, 519]
[-270, 168, 519]
[-271, 168, 519]
[-272, 169, 518]
[-273, 169, 518]
[-274, 170, 518]
[-275, 171, 517]
[-276, 171, 517]
[-277, 172, 517]
[-278, 172, 516]
[-279, 173, 516]
[-279, 173, 515]
[-280, 174, 515]
[-281, 174, 514]
[-282, 175, 514]
[-283, 176, 514]
[-284, 176, 513]
[-285, 177, 513]
[-286, 177, 512]
[-286, 178, 512]
[-287, 178, 511]
[-288, 179, 510]
[-289, 179, 510]
[-290, 180, 509]
[-290, 181, 509]
[-291, 181, 508]
[-292, 182, 508]
[-293, 182, 507]
[-293, 183, 506]
[-294, 183, 506]
[-295, 184, 505]
[-296, 184, 505]
[-296, 185, 504]
[-297, 185, 503]
[-298, 186, 503]
[-299, 187, 502]
[-299, 187, 501]
[-300, 188, 500]
[-301, 188, 500]
[-301, 189, 499]
[-302, 189, 498]
[-302, 190, 498]
[-303, 190, 497]
[-304, 191, 496]
[-304, 191, 495]
[-305, 192, 495]
[-305, 192, 494]
[-306, 193, 493]
[-307, 193, 492]
[-307, 194, 491]
[-308, 194, 491]
[-308, 195, 490]
[-309, 195, 489]
[-309, 196, 488]
[-310, 196, 487]
[-310, 197, 486]
[-311, 197, 485]
[-311, 198, 485]
[-312, 198, 484]
[-312, 199, 483]
[-312, 199, 482]
[-313, 200, 481]
[-313, 200, 480]
[-314, 201, 479]
[-314, 201, 478]
[-314, 202, 477]
[-315, 202, 476]
[-315, 203, 475]
[-316, 203, 474]
[-316, 204, 473]
[-316, 204, 472]
[-317, 205, 471]
[-317, 205, 470]
[-317, 206, 469]
[-317, 206, 468]
[-318, 206, 467]
[-318, 207, 466]
[-318, 207, 465]
[-319, 208, 464]
[-319, 208, 463]
[-319, 209, 462]
[-319, 209, 461]
[-320, 209, 460]
[-320, 210, 459]
[-320, 210, 458]
[-320, 211, 457]
[-321, 211, 455]
[-321, 212, 454]
[-321, 212, 453]
[-321, 212, 452]
[-321, 213, 451]
[-322, 213, 450]
[-322, 214, 449]
[-322, 214, 448]
[-322, 214, 446]
[-322, 215, 445]
[-322, 215, 444]
[-323, 215, 443]
[-323, 216, 442]
[-323, 216, 441]
[-323, 217, 439]
[-323, 217, 438]
[-323, 217, 437]
[-324, 218, 436]
[-324, 218, 435]
[-324, 218, 433]
[-324, 219, 432]
[-324, 219, 431]
[-324, 219, 430]
[-324, 220, 429]
[-325, 220, 427]
[-325, 220, 426]
[-325, 221, 425]
[-325, 221, 424]
[-325, 221, 422]
[-325, 221, 421]
[-325, 222, 420]
[-325, 222, 419]
[-326, 222, 417]
[-326, 223, 416]
[-326, 223, 415]
[-326, 223, 414]
[-326, 223, 412]
[-326, 224, 411]
[-326, 224, 410]
[-326, 224, 409]
[-327, 224, 407]
[-327, 225, 406]
[-327, 225, 405]
[-327, 225, 403]
[-327, 225, 402]
[-327, 226, 401]
[-327, 226, 400]
[-327, 226, 398]
[-327, 226, 397]
[-328, 226, 396]
[-328, 227, 394]
[-328, 227, 393]
[-328, 227, 392]
[-328, 227, 391]
[-328, 227, 389]
[-328, 228, 388]
[-328, 228, 387]
[-328, 228, 385]
[-329, 228, 384]
[-329, 228, 383]
[-329, 228, 382]
[-329, 228, 380]
[-329, 229, 379]
[-329, 229, 378]
[-329, 229, 376]
[-329, 229, 375]
[-329, 229, 374]
[-329, 229, 372]
[-329, 229, 371]
[-329, 229, 370]
[-330, 229, 369]
[-330, 230, 367]
[-330, 230, 366]
[-330, 230, 365]
[-330, 230, 363]
[-330, 230, 362]
[-330, 230, 361]
[-330, 230, 360]
[-330, 230, 358]
[-330, 230, 357]
[-330, 230, 356]
[-330, 230, 355]
[-330, 230, 353]
[-330, 230, 352]
