# Curve Parameters
# y_end: 224
# loops: 1
# A (south bulge): 140
# B (lateral wiggle): 30
# samples: 350
#
# Analysis Results
# max_grade: 0.748525
# length_3d: 389.63
# length_2d: 362.28
# min_horiz_step: 0.243295
# status: OK
#
# Coordinates (x, y, z)
#==================================================

[-199, 98, 410]
[-199, 98, 411]
[-199, 98, 413]
[-199, 98, 414]
[-199, 98, 415]
[-199, 98, 416]
[-199, 98, 418]
[-199, 98, 419]
[-199, 98, 420]
[-199, 98, 421]
[-199, 98, 422]
[-199, 98, 424]
[-199, 98, 425]
[-199, 99, 426]
[-199, 99, 427]
[-200, 99, 429]
[-200, 99, 430]
[-200, 99, 431]
[-200, 99, 432]
[-200, 99, 433]
[-200, 99, 435]
[-200, 99, 436]
[-200, 99, 437]
[-200, 100, 438]
[-200, 100, 439]
[-200, 100, 440]
[-200, 100, 442]
[-200, 100, 443]
[-200, 100, 444]
[-201, 100, 445]
[-201, 101, 446]
[-201, 101, 447]
[-201, 101, 448]
[-201, 101, 450]
[-201, 101, 451]
[-201, 102, 452]
[-201, 102, 453]
[-201, 102, 454]
[-201, 102, 455]
[-201, 102, 456]
[-201, 103, 457]
[-201, 103, 458]
[-201, 103, 459]
[-201, 103, 460]
[-202, 104, 461]
[-202, 104, 463]
[-202, 104, 464]
[-202, 104, 465]
[-202, 104, 466]
[-202, 105, 467]
[-202, 105, 468]
[-202, 105, 469]
[-202, 106, 470]
[-202, 106, 471]
[-202, 106, 472]
[-202, 106, 473]
[-202, 107, 474]
[-202, 107, 475]
[-202, 107, 476]
[-202, 108, 476]
[-202, 108, 477]
[-202, 108, 478]
[-202, 109, 479]
[-202, 109, 480]
[-202, 109, 481]
[-203, 109, 482]
[-203, 110, 483]
[-203, 110, 484]
[-203, 110, 485]
[-203, 111, 486]
[-203, 111, 486]
[-203, 112, 487]
[-203, 112, 488]
[-203, 112, 489]
[-203, 113, 490]
[-203, 113, 491]
[-203, 113, 491]
[-203, 114, 492]
[-203, 114, 493]
[-203, 114, 494]
[-204, 115, 495]
[-204, 115, 495]
[-204, 116, 496]
[-204, 116, 497]
[-204, 116, 498]
[-204, 117, 498]
[-204, 117, 499]
[-204, 118, 500]
[-205, 118, 500]
[-205, 118, 501]
[-205, 119, 502]
[-205, 119, 503]
[-205, 120, 503]
[-205, 120, 504]
[-206, 120, 504]
[-206, 121, 505]
[-206, 121, 506]
[-206, 122, 506]
[-207, 122, 507]
[-207, 123, 508]
[-207, 123, 508]
[-207, 124, 509]
[-208, 124, 509]
[-208, 124, 510]
[-208, 125, 510]
[-209, 125, 511]
[-209, 126, 511]
[-209, 126, 512]
[-210, 127, 512]
[-210, 127, 513]
[-211, 128, 513]
[-211, 128, 514]
[-211, 129, 514]
[-212, 129, 515]
[-212, 130, 515]
[-213, 130, 516]
[-213, 131, 516]
[-214, 131, 516]
[-214, 131, 517]
[-215, 132, 517]
[-215, 132, 518]
[-216, 133, 518]
[-217, 133, 518]
[-217, 134, 519]
[-218, 134, 519]
[-218, 135, 519]
[-219, 135, 520]
[-220, 136, 520]
[-220, 136, 520]
[-221, 137, 521]
[-222, 137, 521]
[-222, 138, 521]
[-223, 138, 521]
[-224, 139, 521]
[-225, 139, 522]
[-225, 140, 522]
[-226, 140, 522]
[-227, 141, 522]
[-228, 142, 522]
[-229, 142, 523]
[-230, 143, 523]
[-230, 143, 523]
[-231, 144, 523]
[-232, 144, 523]
[-233, 145, 523]
[-234, 145, 523]
[-235, 146, 523]
[-236, 146, 524]
[-237, 147, 524]
[-238, 147, 524]
[-239, 148, 524]
[-240, 148, 524]
[-241, 149, 524]
[-242, 149, 524]
[-243, 150, 524]
[-244, 150, 524]
[-245, 151, 524]
[-246, 152, 524]
[-247, 152, 524]
[-248, 153, 523]
[-249, 153, 523]
[-250, 154, 523]
[-251, 154, 523]
[-252, 155, 523]
[-253, 155, 523]
[-254, 156, 523]
[-255, 156, 523]
[-256, 157, 523]
[-257, 157, 522]
[-258, 158, 522]
[-260, 159, 522]
[-261, 159, 522]
[-262, 160, 522]
[-263, 160, 521]
[-264, 161, 521]
[-265, 161, 521]
[-266, 162, 521]
[-267, 162, 520]
[-268, 163, 520]
[-269, 163, 520]
[-271, 164, 519]
[-272, 165, 519]
[-273, 165, 519]
[-274, 166, 518]
[-275, 166, 518]
[-276, 167, 518]
[-277, 167, 517]
[-278, 168, 517]
[-279, 168, 517]
[-280, 169, 516]
[-281, 169, 516]
[-282, 170, 515]
[-283, 170, 515]
[-284, 171, 514]
[-285, 172, 514]
[-286, 172, 514]
[-287, 173, 513]
[-288, 173, 513]
[-289, 174, 512]
[-290, 174, 512]
[-291, 175, 511]
[-292, 175, 510]
[-293, 176, 510]
[-294, 176, 509]
[-295, 177, 509]
[-296, 177, 508]
[-297, 178, 508]
[-298, 178, 507]
[-299, 179, 506]
[-299, 179, 506]
[-300, 180, 505]
[-301, 180, 505]
[-302, 181, 504]
[-303, 182, 503]
[-304, 182, 503]
[-304, 183, 502]
[-305, 183, 501]
[-306, 184, 500]
[-307, 184, 500]
[-307, 185, 499]
[-308, 185, 498]
[-309, 186, 498]
[-309, 186, 497]
[-310, 187, 496]
[-311, 187, 495]
[-311, 188, 495]
[-312, 188, 494]
[-312, 189, 493]
[-313, 189, 492]
[-314, 190, 491]
[-314, 190, 491]
[-315, 191, 490]
[-315, 191, 489]
[-316, 191, 488]
[-316, 192, 487]
[-317, 192, 486]
[-317, 193, 485]
[-318, 193, 485]
[-318, 194, 484]
[-318, 194, 483]
[-319, 195, 482]
[-319, 195, 481]
[-320, 196, 480]
[-320, 196, 479]
[-320, 197, 478]
[-321, 197, 477]
[-321, 198, 476]
[-321, 198, 475]
[-322, 198, 474]
[-322, 199, 473]
[-322, 199, 472]
[-322, 200, 471]
[-323, 200, 470]
[-323, 201, 469]
[-323, 201, 468]
[-323, 202, 467]
[-324, 202, 466]
[-324, 202, 465]
[-324, 203, 464]
[-324, 203, 463]
[-324, 204, 462]
[-324, 204, 461]
[-325, 204, 460]
[-325, 205, 459]
[-325, 205, 458]
[-325, 206, 457]
[-325, 206, 455]
[-325, 206, 454]
[-325, 207, 453]
[-325, 207, 452]
[-326, 208, 451]
[-326, 208, 450]
[-326, 208, 449]
[-326, 209, 448]
[-326, 209, 446]
[-326, 209, 445]
[-326, 210, 444]
[-326, 210, 443]
[-326, 210, 442]
[-326, 211, 441]
[-326, 211, 439]
[-326, 212, 438]
[-326, 212, 437]
[-326, 212, 436]
[-326, 213, 435]
[-327, 213, 433]
[-327, 213, 432]
[-327, 213, 431]
[-327, 214, 430]
[-327, 214, 429]
[-327, 214, 427]
[-327, 215, 426]
[-327, 215, 425]
[-327, 215, 424]
[-327, 216, 422]
[-327, 216, 421]
[-327, 216, 420]
[-327, 216, 419]
[-327, 217, 417]
[-327, 217, 416]
[-327, 217, 415]
[-327, 218, 414]
[-327, 218, 412]
[-327, 218, 411]
[-327, 218, 410]
[-327, 218, 409]
[-328, 219, 407]
[-328, 219, 406]
[-328, 219, 405]
[-328, 219, 403]
[-328, 220, 402]
[-328, 220, 401]
[-328, 220, 400]
[-328, 220, 398]
[-328, 220, 397]
[-328, 221, 396]
[-328, 221, 394]
[-328, 221, 393]
[-328, 221, 392]
[-328, 221, 391]
[-328, 222, 389]
[-329, 222, 388]
[-329, 222, 387]
[-329, 222, 385]
[-329, 222, 384]
[-329, 222, 383]
[-329, 222, 382]
[-329, 223, 380]
[-329, 223, 379]
[-329, 223, 378]
[-329, 223, 376]
[-329, 223, 375]
[-329, 223, 374]
[-329, 223, 372]
[-329, 223, 371]
[-330, 223, 370]
[-330, 223, 369]
[-330, 224, 367]
[-330, 224, 366]
[-330, 224, 365]
[-330, 224, 363]
[-330, 224, 362]
[-330, 224, 361]
[-330, 224, 360]
[-330, 224, 358]
[-330, 224, 357]
[-330, 224, 356]
[-330, 224, 355]
[-330, 224, 353]
[-330, 224, 352]
