# Curve Parameters
# y_end: 238
# loops: 1
# A (south bulge): 140
# B (lateral wiggle): 20
# samples: 350
#
# Analysis Results
# max_grade: 0.830943
# length_3d: 387.25
# length_2d: 352.40
# min_horiz_step: 0.249812
# status: OK
#
# Coordinates (x, y, z)
#==================================================

[-199, 98, 410]
[-199, 98, 411]
[-199, 98, 413]
[-199, 98, 414]
[-199, 98, 415]
[-199, 98, 416]
[-199, 98, 418]
[-199, 98, 419]
[-199, 98, 420]
[-199, 98, 421]
[-199, 98, 422]
[-199, 98, 424]
[-199, 98, 425]
[-199, 99, 426]
[-200, 99, 427]
[-200, 99, 429]
[-200, 99, 430]
[-200, 99, 431]
[-200, 99, 432]
[-200, 99, 433]
[-200, 99, 435]
[-200, 99, 436]
[-200, 100, 437]
[-200, 100, 438]
[-200, 100, 439]
[-200, 100, 440]
[-201, 100, 442]
[-201, 100, 443]
[-201, 101, 444]
[-201, 101, 445]
[-201, 101, 446]
[-201, 101, 447]
[-201, 101, 448]
[-201, 102, 450]
[-201, 102, 451]
[-202, 102, 452]
[-202, 102, 453]
[-202, 102, 454]
[-202, 103, 455]
[-202, 103, 456]
[-202, 103, 457]
[-202, 103, 458]
[-202, 104, 459]
[-202, 104, 460]
[-203, 104, 461]
[-203, 104, 463]
[-203, 105, 464]
[-203, 105, 465]
[-203, 105, 466]
[-203, 106, 467]
[-203, 106, 468]
[-203, 106, 469]
[-204, 106, 470]
[-204, 107, 471]
[-204, 107, 472]
[-204, 107, 473]
[-204, 108, 474]
[-204, 108, 475]
[-204, 108, 476]
[-204, 109, 476]
[-205, 109, 477]
[-205, 109, 478]
[-205, 110, 479]
[-205, 110, 480]
[-205, 110, 481]
[-205, 111, 482]
[-205, 111, 483]
[-206, 111, 484]
[-206, 112, 485]
[-206, 112, 486]
[-206, 113, 486]
[-206, 113, 487]
[-206, 113, 488]
[-207, 114, 489]
[-207, 114, 490]
[-207, 115, 491]
[-207, 115, 491]
[-207, 115, 492]
[-207, 116, 493]
[-208, 116, 494]
[-208, 117, 495]
[-208, 117, 495]
[-208, 118, 496]
[-208, 118, 497]
[-209, 118, 498]
[-209, 119, 498]
[-209, 119, 499]
[-209, 120, 500]
[-210, 120, 500]
[-210, 121, 501]
[-210, 121, 502]
[-210, 122, 503]
[-211, 122, 503]
[-211, 123, 504]
[-211, 123, 504]
[-212, 123, 505]
[-212, 124, 506]
[-212, 124, 506]
[-212, 125, 507]
[-213, 125, 508]
[-213, 126, 508]
[-213, 126, 509]
[-214, 127, 509]
[-214, 127, 510]
[-215, 128, 510]
[-215, 128, 511]
[-215, 129, 511]
[-216, 129, 512]
[-216, 130, 512]
[-217, 130, 513]
[-217, 131, 513]
[-217, 131, 514]
[-218, 132, 514]
[-218, 133, 515]
[-219, 133, 515]
[-219, 134, 516]
[-220, 134, 516]
[-220, 135, 516]
[-221, 135, 517]
[-221, 136, 517]
[-222, 136, 518]
[-222, 137, 518]
[-223, 137, 518]
[-224, 138, 519]
[-224, 138, 519]
[-225, 139, 519]
[-225, 140, 520]
[-226, 140, 520]
[-227, 141, 520]
[-227, 141, 521]
[-228, 142, 521]
[-228, 142, 521]
[-229, 143, 521]
[-230, 143, 521]
[-230, 144, 522]
[-231, 145, 522]
[-232, 145, 522]
[-233, 146, 522]
[-233, 146, 522]
[-234, 147, 523]
[-235, 148, 523]
[-236, 148, 523]
[-236, 149, 523]
[-237, 149, 523]
[-238, 150, 523]
[-239, 150, 523]
[-239, 151, 523]
[-240, 152, 524]
[-241, 152, 524]
[-242, 153, 524]
[-243, 153, 524]
[-243, 154, 524]
[-244, 155, 524]
[-245, 155, 524]
[-246, 156, 524]
[-247, 156, 524]
[-248, 157, 524]
[-249, 158, 524]
[-250, 158, 524]
[-250, 159, 523]
[-251, 159, 523]
[-252, 160, 523]
[-253, 160, 523]
[-254, 161, 523]
[-255, 162, 523]
[-256, 162, 523]
[-257, 163, 523]
[-258, 163, 523]
[-259, 164, 522]
[-259, 165, 522]
[-260, 165, 522]
[-261, 166, 522]
[-262, 166, 522]
[-263, 167, 521]
[-264, 168, 521]
[-265, 168, 521]
[-266, 169, 521]
[-267, 170, 520]
[-268, 170, 520]
[-269, 171, 520]
[-270, 171, 519]
[-270, 172, 519]
[-271, 173, 519]
[-272, 173, 518]
[-273, 174, 518]
[-274, 174, 518]
[-275, 175, 517]
[-276, 176, 517]
[-277, 176, 517]
[-278, 177, 516]
[-279, 177, 516]
[-279, 178, 515]
[-280, 178, 515]
[-281, 179, 514]
[-282, 180, 514]
[-283, 180, 514]
[-284, 181, 513]
[-285, 181, 513]
[-286, 182, 512]
[-286, 183, 512]
[-287, 183, 511]
[-288, 184, 510]
[-289, 184, 510]
[-290, 185, 509]
[-290, 186, 509]
[-291, 186, 508]
[-292, 187, 508]
[-293, 187, 507]
[-293, 188, 506]
[-294, 188, 506]
[-295, 189, 505]
[-296, 190, 505]
[-296, 190, 504]
[-297, 191, 503]
[-298, 191, 503]
[-299, 192, 502]
[-299, 193, 501]
[-300, 193, 500]
[-301, 194, 500]
[-301, 194, 499]
[-302, 195, 498]
[-302, 195, 498]
[-303, 196, 497]
[-304, 196, 496]
[-304, 197, 495]
[-305, 198, 495]
[-305, 198, 494]
[-306, 199, 493]
[-307, 199, 492]
[-307, 200, 491]
[-308, 200, 491]
[-308, 201, 490]
[-309, 201, 489]
[-309, 202, 488]
[-310, 202, 487]
[-310, 203, 486]
[-311, 203, 485]
[-311, 204, 485]
[-312, 205, 484]
[-312, 205, 483]
[-312, 206, 482]
[-313, 206, 481]
[-313, 207, 480]
[-314, 207, 479]
[-314, 208, 478]
[-314, 208, 477]
[-315, 209, 476]
[-315, 209, 475]
[-316, 210, 474]
[-316, 210, 473]
[-316, 211, 472]
[-317, 211, 471]
[-317, 212, 470]
[-317, 212, 469]
[-317, 213, 468]
[-318, 213, 467]
[-318, 213, 466]
[-318, 214, 465]
[-319, 214, 464]
[-319, 215, 463]
[-319, 215, 462]
[-319, 216, 461]
[-320, 216, 460]
[-320, 217, 459]
[-320, 217, 458]
[-320, 218, 457]
[-321, 218, 455]
[-321, 218, 454]
[-321, 219, 453]
[-321, 219, 452]
[-321, 220, 451]
[-322, 220, 450]
[-322, 221, 449]
[-322, 221, 448]
[-322, 221, 446]
[-322, 222, 445]
[-322, 222, 444]
[-323, 223, 443]
[-323, 223, 442]
[-323, 223, 441]
[-323, 224, 439]
[-323, 224, 438]
[-323, 225, 437]
[-324, 225, 436]
[-324, 225, 435]
[-324, 226, 433]
[-324, 226, 432]
[-324, 226, 431]
[-324, 227, 430]
[-324, 227, 429]
[-325, 227, 427]
[-325, 228, 426]
[-325, 228, 425]
[-325, 228, 424]
[-325, 229, 422]
[-325, 229, 421]
[-325, 229, 420]
[-325, 230, 419]
[-326, 230, 417]
[-326, 230, 416]
[-326, 230, 415]
[-326, 231, 414]
[-326, 231, 412]
[-326, 231, 411]
[-326, 232, 410]
[-326, 232, 409]
[-327, 232, 407]
[-327, 232, 406]
[-327, 233, 405]
[-327, 233, 403]
[-327, 233, 402]
[-327, 233, 401]
[-327, 234, 400]
[-327, 234, 398]
[-327, 234, 397]
[-328, 234, 396]
[-328, 234, 394]
[-328, 235, 393]
[-328, 235, 392]
[-328, 235, 391]
[-328, 235, 389]
[-328, 235, 388]
[-328, 236, 387]
[-328, 236, 385]
[-329, 236, 384]
[-329, 236, 383]
[-329, 236, 382]
[-329, 236, 380]
[-329, 237, 379]
[-329, 237, 378]
[-329, 237, 376]
[-329, 237, 375]
[-329, 237, 374]
[-329, 237, 372]
[-329, 237, 371]
[-329, 237, 370]
[-330, 237, 369]
[-330, 238, 367]
[-330, 238, 366]
[-330, 238, 365]
[-330, 238, 363]
[-330, 238, 362]
[-330, 238, 361]
[-330, 238, 360]
[-330, 238, 358]
[-330, 238, 357]
[-330, 238, 356]
[-330, 238, 355]
[-330, 238, 353]
[-330, 238, 352]
