# Curve Parameters
# y_end: 248
# loops: 1
# A (south bulge): 140
# B (lateral wiggle): 10
# samples: 350
#
# Analysis Results
# max_grade: 0.943909
# length_3d: 385.36
# length_2d: 343.72
# min_horiz_step: 0.247671
# status: OK
#
# Coordinates (x, y, z)
#==================================================

[-199, 98, 410]
[-199, 98, 411]
[-199, 98, 413]
[-199, 98, 414]
[-199, 98, 415]
[-199, 98, 416]
[-199, 98, 418]
[-199, 98, 419]
[-199, 98, 420]
[-199, 98, 421]
[-199, 98, 422]
[-199, 98, 424]
[-199, 99, 425]
[-200, 99, 426]
[-200, 99, 427]
[-200, 99, 429]
[-200, 99, 430]
[-200, 99, 431]
[-200, 99, 432]
[-200, 99, 433]
[-200, 99, 435]
[-200, 100, 436]
[-200, 100, 437]
[-200, 100, 438]
[-201, 100, 439]
[-201, 100, 440]
[-201, 100, 442]
[-201, 101, 443]
[-201, 101, 444]
[-201, 101, 445]
[-201, 101, 446]
[-202, 101, 447]
[-202, 102, 448]
[-202, 102, 450]
[-202, 102, 451]
[-202, 102, 452]
[-202, 102, 453]
[-202, 103, 454]
[-203, 103, 455]
[-203, 103, 456]
[-203, 103, 457]
[-203, 104, 458]
[-203, 104, 459]
[-203, 104, 460]
[-204, 105, 461]
[-204, 105, 463]
[-204, 105, 464]
[-204, 105, 465]
[-204, 106, 466]
[-205, 106, 467]
[-205, 106, 468]
[-205, 107, 469]
[-205, 107, 470]
[-205, 107, 471]
[-206, 108, 472]
[-206, 108, 473]
[-206, 108, 474]
[-206, 109, 475]
[-207, 109, 476]
[-207, 109, 476]
[-207, 110, 477]
[-207, 110, 478]
[-207, 111, 479]
[-208, 111, 480]
[-208, 111, 481]
[-208, 112, 482]
[-208, 112, 483]
[-209, 112, 484]
[-209, 113, 485]
[-209, 113, 486]
[-209, 114, 486]
[-210, 114, 487]
[-210, 115, 488]
[-210, 115, 489]
[-210, 115, 490]
[-211, 116, 491]
[-211, 116, 491]
[-211, 117, 492]
[-212, 117, 493]
[-212, 118, 494]
[-212, 118, 495]
[-212, 118, 495]
[-213, 119, 496]
[-213, 119, 497]
[-213, 120, 498]
[-214, 120, 498]
[-214, 121, 499]
[-214, 121, 500]
[-215, 122, 500]
[-215, 122, 501]
[-215, 123, 502]
[-216, 123, 503]
[-216, 124, 503]
[-216, 124, 504]
[-217, 125, 504]
[-217, 125, 505]
[-218, 126, 506]
[-218, 126, 506]
[-218, 127, 507]
[-219, 127, 508]
[-219, 128, 508]
[-220, 128, 509]
[-220, 129, 509]
[-220, 129, 510]
[-221, 130, 510]
[-221, 131, 511]
[-222, 131, 511]
[-222, 132, 512]
[-223, 132, 512]
[-223, 133, 513]
[-223, 133, 513]
[-224, 134, 514]
[-224, 134, 514]
[-225, 135, 515]
[-225, 136, 515]
[-226, 136, 516]
[-226, 137, 516]
[-227, 137, 516]
[-227, 138, 517]
[-228, 138, 517]
[-228, 139, 518]
[-229, 140, 518]
[-229, 140, 518]
[-230, 141, 519]
[-230, 141, 519]
[-231, 142, 519]
[-232, 143, 520]
[-232, 143, 520]
[-233, 144, 520]
[-233, 144, 521]
[-234, 145, 521]
[-234, 146, 521]
[-235, 146, 521]
[-236, 147, 521]
[-236, 147, 522]
[-237, 148, 522]
[-238, 149, 522]
[-238, 149, 522]
[-239, 150, 522]
[-239, 150, 523]
[-240, 151, 523]
[-241, 152, 523]
[-241, 152, 523]
[-242, 153, 523]
[-243, 154, 523]
[-243, 154, 523]
[-244, 155, 523]
[-245, 155, 524]
[-245, 156, 524]
[-246, 157, 524]
[-247, 157, 524]
[-247, 158, 524]
[-248, 159, 524]
[-249, 159, 524]
[-250, 160, 524]
[-250, 160, 524]
[-251, 161, 524]
[-252, 162, 524]
[-252, 162, 524]
[-253, 163, 523]
[-254, 164, 523]
[-255, 164, 523]
[-255, 165, 523]
[-256, 166, 523]
[-257, 166, 523]
[-257, 167, 523]
[-258, 168, 523]
[-259, 168, 523]
[-260, 169, 522]
[-260, 169, 522]
[-261, 170, 522]
[-262, 171, 522]
[-263, 171, 522]
[-263, 172, 521]
[-264, 173, 521]
[-265, 173, 521]
[-266, 174, 521]
[-266, 175, 520]
[-267, 175, 520]
[-268, 176, 520]
[-269, 177, 519]
[-269, 177, 519]
[-270, 178, 519]
[-271, 178, 518]
[-272, 179, 518]
[-272, 180, 518]
[-273, 180, 517]
[-274, 181, 517]
[-274, 182, 517]
[-275, 182, 516]
[-276, 183, 516]
[-277, 184, 515]
[-277, 184, 515]
[-278, 185, 514]
[-279, 186, 514]
[-279, 186, 514]
[-280, 187, 513]
[-281, 187, 513]
[-282, 188, 512]
[-282, 189, 512]
[-283, 189, 511]
[-284, 190, 510]
[-284, 191, 510]
[-285, 191, 509]
[-286, 192, 509]
[-286, 192, 508]
[-287, 193, 508]
[-288, 194, 507]
[-288, 194, 506]
[-289, 195, 506]
[-290, 196, 505]
[-290, 196, 505]
[-291, 197, 504]
[-291, 197, 503]
[-292, 198, 503]
[-293, 199, 502]
[-293, 199, 501]
[-294, 200, 500]
[-295, 200, 500]
[-295, 201, 499]
[-296, 202, 498]
[-296, 202, 498]
[-297, 203, 497]
[-297, 203, 496]
[-298, 204, 495]
[-299, 205, 495]
[-299, 205, 494]
[-300, 206, 493]
[-300, 206, 492]
[-301, 207, 491]
[-301, 208, 491]
[-302, 208, 490]
[-302, 209, 489]
[-303, 209, 488]
[-303, 210, 487]
[-304, 210, 486]
[-304, 211, 485]
[-305, 212, 485]
[-305, 212, 484]
[-306, 213, 483]
[-306, 213, 482]
[-306, 214, 481]
[-307, 214, 480]
[-307, 215, 479]
[-308, 215, 478]
[-308, 216, 477]
[-309, 217, 476]
[-309, 217, 475]
[-309, 218, 474]
[-310, 218, 473]
[-310, 219, 472]
[-311, 219, 471]
[-311, 220, 470]
[-311, 220, 469]
[-312, 221, 468]
[-312, 221, 467]
[-313, 222, 466]
[-313, 222, 465]
[-313, 223, 464]
[-314, 223, 463]
[-314, 224, 462]
[-314, 224, 461]
[-315, 225, 460]
[-315, 225, 459]
[-315, 226, 458]
[-316, 226, 457]
[-316, 227, 455]
[-316, 227, 454]
[-317, 228, 453]
[-317, 228, 452]
[-317, 228, 451]
[-317, 229, 450]
[-318, 229, 449]
[-318, 230, 448]
[-318, 230, 446]
[-319, 231, 445]
[-319, 231, 444]
[-319, 231, 443]
[-319, 232, 442]
[-320, 232, 441]
[-320, 233, 439]
[-320, 233, 438]
[-320, 234, 437]
[-321, 234, 436]
[-321, 234, 435]
[-321, 235, 433]
[-321, 235, 432]
[-322, 235, 431]
[-322, 236, 430]
[-322, 236, 429]
[-322, 237, 427]
[-322, 237, 426]
[-323, 237, 425]
[-323, 238, 424]
[-323, 238, 422]
[-323, 238, 421]
[-324, 239, 420]
[-324, 239, 419]
[-324, 239, 417]
[-324, 240, 416]
[-324, 240, 415]
[-325, 240, 414]
[-325, 241, 412]
[-325, 241, 411]
[-325, 241, 410]
[-325, 241, 409]
[-326, 242, 407]
[-326, 242, 406]
[-326, 242, 405]
[-326, 243, 403]
[-326, 243, 402]
[-326, 243, 401]
[-327, 243, 400]
[-327, 244, 398]
[-327, 244, 397]
[-327, 244, 396]
[-327, 244, 394]
[-327, 244, 393]
[-327, 245, 392]
[-328, 245, 391]
[-328, 245, 389]
[-328, 245, 388]
[-328, 245, 387]
[-328, 246, 385]
[-328, 246, 384]
[-328, 246, 383]
[-329, 246, 382]
[-329, 246, 380]
[-329, 246, 379]
[-329, 247, 378]
[-329, 247, 376]
[-329, 247, 375]
[-329, 247, 374]
[-329, 247, 372]
[-329, 247, 371]
[-329, 247, 370]
[-329, 247, 369]
[-330, 247, 367]
[-330, 248, 366]
[-330, 248, 365]
[-330, 248, 363]
[-330, 248, 362]
[-330, 248, 361]
[-330, 248, 360]
[-330, 248, 358]
[-330, 248, 357]
[-330, 248, 356]
[-330, 248, 355]
[-330, 248, 353]
[-330, 248, 352]
