# Curve Parameters
# y_end: 244
# loops: 1
# A (south bulge): 140
# B (lateral wiggle): 40
# samples: 350
#
# Analysis Results
# max_grade: 0.886128
# length_3d: 407.96
# length_2d: 373.34
# min_horiz_step: 0.235202
# status: OK
#
# Coordinates (x, y, z)
#==================================================

[-199, 98, 410]
[-199, 98, 411]
[-199, 98, 413]
[-199, 98, 414]
[-199, 98, 415]
[-199, 98, 416]
[-199, 98, 418]
[-199, 98, 419]
[-199, 98, 420]
[-199, 98, 421]
[-199, 98, 422]
[-199, 98, 424]
[-199, 99, 425]
[-199, 99, 426]
[-199, 99, 427]
[-200, 99, 429]
[-200, 99, 430]
[-200, 99, 431]
[-200, 99, 432]
[-200, 99, 433]
[-200, 99, 435]
[-200, 100, 436]
[-200, 100, 437]
[-200, 100, 438]
[-200, 100, 439]
[-200, 100, 440]
[-200, 100, 442]
[-200, 100, 443]
[-200, 101, 444]
[-200, 101, 445]
[-200, 101, 446]
[-200, 101, 447]
[-200, 101, 448]
[-200, 102, 450]
[-200, 102, 451]
[-200, 102, 452]
[-200, 102, 453]
[-200, 103, 454]
[-200, 103, 455]
[-200, 103, 456]
[-200, 103, 457]
[-200, 104, 458]
[-200, 104, 459]
[-200, 104, 460]
[-200, 104, 461]
[-200, 105, 463]
[-200, 105, 464]
[-200, 105, 465]
[-200, 106, 466]
[-200, 106, 467]
[-200, 106, 468]
[-200, 106, 469]
[-200, 107, 470]
[-200, 107, 471]
[-200, 107, 472]
[-200, 108, 473]
[-200, 108, 474]
[-200, 108, 475]
[-200, 109, 476]
[-200, 109, 476]
[-200, 109, 477]
[-200, 110, 478]
[-200, 110, 479]
[-200, 111, 480]
[-200, 111, 481]
[-200, 111, 482]
[-200, 112, 483]
[-200, 112, 484]
[-200, 112, 485]
[-200, 113, 486]
[-199, 113, 486]
[-199, 114, 487]
[-199, 114, 488]
[-199, 114, 489]
[-199, 115, 490]
[-199, 115, 491]
[-199, 116, 491]
[-199, 116, 492]
[-199, 117, 493]
[-199, 117, 494]
[-199, 117, 495]
[-199, 118, 495]
[-199, 118, 496]
[-199, 119, 497]
[-199, 119, 498]
[-199, 120, 498]
[-199, 120, 499]
[-199, 121, 500]
[-200, 121, 500]
[-200, 122, 501]
[-200, 122, 502]
[-200, 123, 503]
[-200, 123, 503]
[-200, 124, 504]
[-200, 124, 504]
[-200, 125, 505]
[-200, 125, 506]
[-201, 126, 506]
[-201, 126, 507]
[-201, 127, 508]
[-201, 127, 508]
[-201, 128, 509]
[-202, 128, 509]
[-202, 129, 510]
[-202, 129, 510]
[-202, 130, 511]
[-203, 130, 511]
[-203, 131, 512]
[-203, 131, 512]
[-204, 132, 513]
[-204, 132, 513]
[-205, 133, 514]
[-205, 133, 514]
[-205, 134, 515]
[-206, 135, 515]
[-206, 135, 516]
[-207, 136, 516]
[-207, 136, 516]
[-208, 137, 517]
[-208, 137, 517]
[-209, 138, 518]
[-210, 138, 518]
[-210, 139, 518]
[-211, 140, 519]
[-211, 140, 519]
[-212, 141, 519]
[-213, 141, 520]
[-213, 142, 520]
[-214, 143, 520]
[-215, 143, 521]
[-216, 144, 521]
[-216, 144, 521]
[-217, 145, 521]
[-218, 145, 521]
[-219, 146, 522]
[-220, 147, 522]
[-221, 147, 522]
[-221, 148, 522]
[-222, 148, 522]
[-223, 149, 523]
[-224, 150, 523]
[-225, 150, 523]
[-226, 151, 523]
[-227, 151, 523]
[-228, 152, 523]
[-229, 153, 523]
[-230, 153, 523]
[-231, 154, 524]
[-232, 154, 524]
[-233, 155, 524]
[-235, 156, 524]
[-236, 156, 524]
[-237, 157, 524]
[-238, 158, 524]
[-239, 158, 524]
[-240, 159, 524]
[-241, 159, 524]
[-243, 160, 524]
[-244, 161, 524]
[-245, 161, 523]
[-246, 162, 523]
[-247, 163, 523]
[-249, 163, 523]
[-250, 164, 523]
[-251, 164, 523]
[-252, 165, 523]
[-254, 166, 523]
[-255, 166, 523]
[-256, 167, 522]
[-257, 168, 522]
[-259, 168, 522]
[-260, 169, 522]
[-261, 169, 522]
[-263, 170, 521]
[-264, 171, 521]
[-265, 171, 521]
[-266, 172, 521]
[-268, 173, 520]
[-269, 173, 520]
[-270, 174, 520]
[-272, 174, 519]
[-273, 175, 519]
[-274, 176, 519]
[-275, 176, 518]
[-277, 177, 518]
[-278, 178, 518]
[-279, 178, 517]
[-280, 179, 517]
[-282, 179, 517]
[-283, 180, 516]
[-284, 181, 516]
[-285, 181, 515]
[-286, 182, 515]
[-288, 183, 514]
[-289, 183, 514]
[-290, 184, 514]
[-291, 184, 513]
[-292, 185, 513]
[-293, 186, 512]
[-294, 186, 512]
[-296, 187, 511]
[-297, 188, 510]
[-298, 188, 510]
[-299, 189, 509]
[-300, 189, 509]
[-301, 190, 508]
[-302, 191, 508]
[-303, 191, 507]
[-304, 192, 506]
[-305, 192, 506]
[-306, 193, 505]
[-307, 194, 505]
[-308, 194, 504]
[-308, 195, 503]
[-309, 195, 503]
[-310, 196, 502]
[-311, 197, 501]
[-312, 197, 500]
[-313, 198, 500]
[-313, 198, 499]
[-314, 199, 498]
[-315, 199, 498]
[-316, 200, 497]
[-316, 201, 496]
[-317, 201, 495]
[-318, 202, 495]
[-318, 202, 494]
[-319, 203, 493]
[-319, 204, 492]
[-320, 204, 491]
[-321, 205, 491]
[-321, 205, 490]
[-322, 206, 489]
[-322, 206, 488]
[-323, 207, 487]
[-323, 207, 486]
[-324, 208, 485]
[-324, 209, 485]
[-324, 209, 484]
[-325, 210, 483]
[-325, 210, 482]
[-326, 211, 481]
[-326, 211, 480]
[-326, 212, 479]
[-327, 212, 478]
[-327, 213, 477]
[-327, 213, 476]
[-327, 214, 475]
[-328, 214, 474]
[-328, 215, 473]
[-328, 215, 472]
[-328, 216, 471]
[-328, 216, 470]
[-329, 217, 469]
[-329, 217, 468]
[-329, 218, 467]
[-329, 218, 466]
[-329, 219, 465]
[-329, 219, 464]
[-329, 220, 463]
[-329, 220, 462]
[-329, 221, 461]
[-330, 221, 460]
[-330, 222, 459]
[-330, 222, 458]
[-330, 223, 457]
[-330, 223, 455]
[-330, 224, 454]
[-330, 224, 453]
[-330, 225, 452]
[-330, 225, 451]
[-330, 225, 450]
[-330, 226, 449]
[-330, 226, 448]
[-330, 227, 446]
[-330, 227, 445]
[-330, 228, 444]
[-330, 228, 443]
[-330, 228, 442]
[-330, 229, 441]
[-329, 229, 439]
[-329, 230, 438]
[-329, 230, 437]
[-329, 230, 436]
[-329, 231, 435]
[-329, 231, 433]
[-329, 231, 432]
[-329, 232, 431]
[-329, 232, 430]
[-329, 233, 429]
[-329, 233, 427]
[-329, 233, 426]
[-329, 234, 425]
[-329, 234, 424]
[-329, 234, 422]
[-329, 235, 421]
[-329, 235, 420]
[-329, 235, 419]
[-329, 236, 417]
[-329, 236, 416]
[-329, 236, 415]
[-329, 236, 414]
[-329, 237, 412]
[-329, 237, 411]
[-329, 237, 410]
[-329, 238, 409]
[-329, 238, 407]
[-329, 238, 406]
[-329, 238, 405]
[-329, 239, 403]
[-329, 239, 402]
[-329, 239, 401]
[-329, 239, 400]
[-329, 240, 398]
[-329, 240, 397]
[-329, 240, 396]
[-329, 240, 394]
[-329, 241, 393]
[-329, 241, 392]
[-329, 241, 391]
[-329, 241, 389]
[-329, 241, 388]
[-329, 242, 387]
[-329, 242, 385]
[-329, 242, 384]
[-329, 242, 383]
[-329, 242, 382]
[-329, 242, 380]
[-329, 242, 379]
[-329, 243, 378]
[-329, 243, 376]
[-329, 243, 375]
[-329, 243, 374]
[-329, 243, 372]
[-329, 243, 371]
[-330, 243, 370]
[-330, 243, 369]
[-330, 243, 367]
[-330, 244, 366]
[-330, 244, 365]
[-330, 244, 363]
[-330, 244, 362]
[-330, 244, 361]
[-330, 244, 360]
[-330, 244, 358]
[-330, 244, 357]
[-330, 244, 356]
[-330, 244, 355]
[-330, 244, 353]
[-330, 244, 352]
