# Curve Parameters
# y_end: 228
# loops: 1
# A (south bulge): 80
# B (lateral wiggle): 10
# samples: 350
#
# Analysis Results
# max_grade: 0.981054
# length_3d: 278.50
# length_2d: 239.66
# min_horiz_step: 0.179128
# status: OK
#
# Coordinates (x, y, z)
#==================================================

[-199, 98, 410]
[-199, 98, 411]
[-199, 98, 411]
[-199, 98, 412]
[-199, 98, 413]
[-199, 98, 414]
[-199, 98, 414]
[-199, 98, 415]
[-199, 98, 416]
[-199, 98, 416]
[-199, 98, 417]
[-199, 98, 418]
[-199, 98, 418]
[-200, 99, 419]
[-200, 99, 420]
[-200, 99, 420]
[-200, 99, 421]
[-200, 99, 422]
[-200, 99, 422]
[-200, 99, 423]
[-200, 99, 424]
[-200, 99, 424]
[-200, 99, 425]
[-200, 100, 426]
[-201, 100, 426]
[-201, 100, 427]
[-201, 100, 428]
[-201, 100, 428]
[-201, 100, 429]
[-201, 101, 430]
[-201, 101, 430]
[-202, 101, 431]
[-202, 101, 431]
[-202, 101, 432]
[-202, 101, 433]
[-202, 102, 433]
[-202, 102, 434]
[-202, 102, 434]
[-203, 102, 435]
[-203, 103, 436]
[-203, 103, 436]
[-203, 103, 437]
[-203, 103, 437]
[-203, 103, 438]
[-204, 104, 438]
[-204, 104, 439]
[-204, 104, 439]
[-204, 104, 440]
[-204, 105, 441]
[-205, 105, 441]
[-205, 105, 442]
[-205, 106, 442]
[-205, 106, 443]
[-205, 106, 443]
[-206, 106, 444]
[-206, 107, 444]
[-206, 107, 445]
[-206, 107, 445]
[-207, 108, 446]
[-207, 108, 446]
[-207, 108, 447]
[-207, 109, 447]
[-207, 109, 448]
[-208, 109, 448]
[-208, 110, 448]
[-208, 110, 449]
[-208, 110, 449]
[-209, 111, 450]
[-209, 111, 450]
[-209, 111, 451]
[-209, 112, 451]
[-210, 112, 451]
[-210, 112, 452]
[-210, 113, 452]
[-210, 113, 453]
[-211, 113, 453]
[-211, 114, 454]
[-211, 114, 454]
[-212, 115, 454]
[-212, 115, 455]
[-212, 115, 455]
[-212, 116, 455]
[-213, 116, 456]
[-213, 117, 456]
[-213, 117, 456]
[-214, 117, 457]
[-214, 118, 457]
[-214, 118, 457]
[-215, 119, 458]
[-215, 119, 458]
[-215, 119, 458]
[-216, 120, 459]
[-216, 120, 459]
[-216, 121, 459]
[-217, 121, 460]
[-217, 122, 460]
[-218, 122, 460]
[-218, 123, 460]
[-218, 123, 461]
[-219, 123, 461]
[-219, 124, 461]
[-220, 124, 461]
[-220, 125, 462]
[-220, 125, 462]
[-221, 126, 462]
[-221, 126, 462]
[-222, 127, 462]
[-222, 127, 463]
[-223, 128, 463]
[-223, 128, 463]
[-223, 129, 463]
[-224, 129, 463]
[-224, 130, 464]
[-225, 130, 464]
[-225, 131, 464]
[-226, 131, 464]
[-226, 132, 464]
[-227, 132, 464]
[-227, 133, 464]
[-228, 133, 465]
[-228, 134, 465]
[-229, 134, 465]
[-229, 135, 465]
[-230, 135, 465]
[-230, 136, 465]
[-231, 136, 465]
[-232, 137, 465]
[-232, 137, 465]
[-233, 138, 465]
[-233, 138, 465]
[-234, 139, 466]
[-234, 139, 466]
[-235, 140, 466]
[-236, 140, 466]
[-236, 141, 466]
[-237, 141, 466]
[-238, 142, 466]
[-238, 142, 466]
[-239, 143, 466]
[-239, 143, 466]
[-240, 144, 466]
[-241, 145, 466]
[-241, 145, 466]
[-242, 146, 466]
[-243, 146, 466]
[-243, 147, 465]
[-244, 147, 465]
[-245, 148, 465]
[-245, 148, 465]
[-246, 149, 465]
[-247, 149, 465]
[-247, 150, 465]
[-248, 150, 465]
[-249, 151, 465]
[-250, 152, 465]
[-250, 152, 465]
[-251, 153, 464]
[-252, 153, 464]
[-252, 154, 464]
[-253, 154, 464]
[-254, 155, 464]
[-255, 155, 464]
[-255, 156, 464]
[-256, 157, 463]
[-257, 157, 463]
[-257, 158, 463]
[-258, 158, 463]
[-259, 159, 463]
[-260, 159, 462]
[-260, 160, 462]
[-261, 160, 462]
[-262, 161, 462]
[-263, 162, 462]
[-263, 162, 461]
[-264, 163, 461]
[-265, 163, 461]
[-266, 164, 461]
[-266, 164, 460]
[-267, 165, 460]
[-268, 166, 460]
[-269, 166, 460]
[-269, 167, 459]
[-270, 167, 459]
[-271, 168, 459]
[-272, 168, 458]
[-272, 169, 458]
[-273, 169, 458]
[-274, 170, 457]
[-274, 171, 457]
[-275, 171, 457]
[-276, 172, 456]
[-277, 172, 456]
[-277, 173, 456]
[-278, 173, 455]
[-279, 174, 455]
[-279, 174, 455]
[-280, 175, 454]
[-281, 176, 454]
[-282, 176, 453]
[-282, 177, 453]
[-283, 177, 453]
[-284, 178, 452]
[-284, 178, 452]
[-285, 179, 451]
[-286, 179, 451]
[-286, 180, 450]
[-287, 180, 450]
[-288, 181, 450]
[-288, 181, 449]
[-289, 182, 449]
[-290, 183, 448]
[-290, 183, 448]
[-291, 184, 447]
[-291, 184, 447]
[-292, 185, 446]
[-293, 185, 446]
[-293, 186, 445]
[-294, 186, 445]
[-295, 187, 444]
[-295, 187, 444]
[-296, 188, 443]
[-296, 188, 443]
[-297, 189, 442]
[-297, 189, 442]
[-298, 190, 441]
[-299, 190, 441]
[-299, 191, 440]
[-300, 191, 440]
[-300, 192, 439]
[-301, 192, 438]
[-301, 193, 438]
[-302, 193, 437]
[-302, 194, 437]
[-303, 194, 436]
[-303, 195, 436]
[-304, 195, 435]
[-304, 196, 434]
[-305, 196, 434]
[-305, 197, 433]
[-306, 197, 433]
[-306, 198, 432]
[-306, 198, 431]
[-307, 199, 431]
[-307, 199, 430]
[-308, 200, 429]
[-308, 200, 429]
[-309, 201, 428]
[-309, 201, 428]
[-309, 202, 427]
[-310, 202, 426]
[-310, 203, 426]
[-311, 203, 425]
[-311, 203, 424]
[-311, 204, 424]
[-312, 204, 423]
[-312, 205, 422]
[-313, 205, 422]
[-313, 206, 421]
[-313, 206, 420]
[-314, 207, 420]
[-314, 207, 419]
[-314, 207, 418]
[-315, 208, 417]
[-315, 208, 417]
[-315, 209, 416]
[-316, 209, 415]
[-316, 209, 415]
[-316, 210, 414]
[-317, 210, 413]
[-317, 211, 413]
[-317, 211, 412]
[-317, 211, 411]
[-318, 212, 410]
[-318, 212, 410]
[-318, 213, 409]
[-319, 213, 408]
[-319, 213, 407]
[-319, 214, 407]
[-319, 214, 406]
[-320, 214, 405]
[-320, 215, 404]
[-320, 215, 404]
[-320, 215, 403]
[-321, 216, 402]
[-321, 216, 401]
[-321, 216, 401]
[-321, 217, 400]
[-322, 217, 399]
[-322, 217, 398]
[-322, 218, 398]
[-322, 218, 397]
[-322, 218, 396]
[-323, 219, 395]
[-323, 219, 395]
[-323, 219, 394]
[-323, 220, 393]
[-324, 220, 392]
[-324, 220, 392]
[-324, 220, 391]
[-324, 221, 390]
[-324, 221, 389]
[-325, 221, 388]
[-325, 222, 388]
[-325, 222, 387]
[-325, 222, 386]
[-325, 222, 385]
[-326, 223, 385]
[-326, 223, 384]
[-326, 223, 383]
[-326, 223, 382]
[-326, 223, 382]
[-326, 224, 381]
[-327, 224, 380]
[-327, 224, 379]
[-327, 224, 378]
[-327, 225, 378]
[-327, 225, 377]
[-327, 225, 376]
[-327, 225, 375]
[-328, 225, 375]
[-328, 225, 374]
[-328, 226, 373]
[-328, 226, 372]
[-328, 226, 371]
[-328, 226, 371]
[-328, 226, 370]
[-329, 226, 369]
[-329, 227, 368]
[-329, 227, 368]
[-329, 227, 367]
[-329, 227, 366]
[-329, 227, 365]
[-329, 227, 365]
[-329, 227, 364]
[-329, 227, 363]
[-329, 227, 362]
[-329, 227, 362]
[-330, 228, 361]
[-330, 228, 360]
[-330, 228, 359]
[-330, 228, 359]
[-330, 228, 358]
[-330, 228, 357]
[-330, 228, 356]
[-330, 228, 356]
[-330, 228, 355]
[-330, 228, 354]
[-330, 228, 353]
[-330, 228, 353]
[-330, 228, 352]
