# Curve Parameters
# y_end: 258
# loops: 1
# A (south bulge): 140
# B (lateral wiggle): 30
# samples: 350
#
# Analysis Results
# max_grade: 0.950508
# length_3d: 404.94
# length_2d: 362.28
# min_horiz_step: 0.243295
# status: OK
#
# Coordinates (x, y, z)
#==================================================

[-199, 98, 410]
[-199, 98, 411]
[-199, 98, 413]
[-199, 98, 414]
[-199, 98, 415]
[-199, 98, 416]
[-199, 98, 418]
[-199, 98, 419]
[-199, 98, 420]
[-199, 98, 421]
[-199, 98, 422]
[-199, 98, 424]
[-199, 99, 425]
[-199, 99, 426]
[-199, 99, 427]
[-200, 99, 429]
[-200, 99, 430]
[-200, 99, 431]
[-200, 99, 432]
[-200, 99, 433]
[-200, 100, 435]
[-200, 100, 436]
[-200, 100, 437]
[-200, 100, 438]
[-200, 100, 439]
[-200, 100, 440]
[-200, 101, 442]
[-200, 101, 443]
[-200, 101, 444]
[-201, 101, 445]
[-201, 101, 446]
[-201, 102, 447]
[-201, 102, 448]
[-201, 102, 450]
[-201, 102, 451]
[-201, 103, 452]
[-201, 103, 453]
[-201, 103, 454]
[-201, 103, 455]
[-201, 104, 456]
[-201, 104, 457]
[-201, 104, 458]
[-201, 104, 459]
[-201, 105, 460]
[-202, 105, 461]
[-202, 105, 463]
[-202, 106, 464]
[-202, 106, 465]
[-202, 106, 466]
[-202, 107, 467]
[-202, 107, 468]
[-202, 107, 469]
[-202, 108, 470]
[-202, 108, 471]
[-202, 108, 472]
[-202, 109, 473]
[-202, 109, 474]
[-202, 109, 475]
[-202, 110, 476]
[-202, 110, 476]
[-202, 111, 477]
[-202, 111, 478]
[-202, 111, 479]
[-202, 112, 480]
[-202, 112, 481]
[-203, 113, 482]
[-203, 113, 483]
[-203, 113, 484]
[-203, 114, 485]
[-203, 114, 486]
[-203, 115, 486]
[-203, 115, 487]
[-203, 116, 488]
[-203, 116, 489]
[-203, 117, 490]
[-203, 117, 491]
[-203, 117, 491]
[-203, 118, 492]
[-203, 118, 493]
[-203, 119, 494]
[-204, 119, 495]
[-204, 120, 495]
[-204, 120, 496]
[-204, 121, 497]
[-204, 121, 498]
[-204, 122, 498]
[-204, 122, 499]
[-204, 123, 500]
[-205, 123, 500]
[-205, 124, 501]
[-205, 124, 502]
[-205, 125, 503]
[-205, 125, 503]
[-205, 126, 504]
[-206, 127, 504]
[-206, 127, 505]
[-206, 128, 506]
[-206, 128, 506]
[-207, 129, 507]
[-207, 129, 508]
[-207, 130, 508]
[-207, 130, 509]
[-208, 131, 509]
[-208, 132, 510]
[-208, 132, 510]
[-209, 133, 511]
[-209, 133, 511]
[-209, 134, 512]
[-210, 134, 512]
[-210, 135, 513]
[-211, 136, 513]
[-211, 136, 514]
[-211, 137, 514]
[-212, 137, 515]
[-212, 138, 515]
[-213, 139, 516]
[-213, 139, 516]
[-214, 140, 516]
[-214, 141, 517]
[-215, 141, 517]
[-215, 142, 518]
[-216, 142, 518]
[-217, 143, 518]
[-217, 144, 519]
[-218, 144, 519]
[-218, 145, 519]
[-219, 146, 520]
[-220, 146, 520]
[-220, 147, 520]
[-221, 147, 521]
[-222, 148, 521]
[-222, 149, 521]
[-223, 149, 521]
[-224, 150, 521]
[-225, 151, 522]
[-225, 151, 522]
[-226, 152, 522]
[-227, 153, 522]
[-228, 153, 522]
[-229, 154, 523]
[-230, 155, 523]
[-230, 155, 523]
[-231, 156, 523]
[-232, 157, 523]
[-233, 157, 523]
[-234, 158, 523]
[-235, 159, 523]
[-236, 159, 524]
[-237, 160, 524]
[-238, 161, 524]
[-239, 161, 524]
[-240, 162, 524]
[-241, 163, 524]
[-242, 163, 524]
[-243, 164, 524]
[-244, 165, 524]
[-245, 165, 524]
[-246, 166, 524]
[-247, 167, 524]
[-248, 167, 523]
[-249, 168, 523]
[-250, 169, 523]
[-251, 169, 523]
[-252, 170, 523]
[-253, 171, 523]
[-254, 171, 523]
[-255, 172, 523]
[-256, 173, 523]
[-257, 174, 522]
[-258, 174, 522]
[-260, 175, 522]
[-261, 176, 522]
[-262, 176, 522]
[-263, 177, 521]
[-264, 178, 521]
[-265, 178, 521]
[-266, 179, 521]
[-267, 180, 520]
[-268, 180, 520]
[-269, 181, 520]
[-271, 182, 519]
[-272, 182, 519]
[-273, 183, 519]
[-274, 184, 518]
[-275, 185, 518]
[-276, 185, 518]
[-277, 186, 517]
[-278, 187, 517]
[-279, 187, 517]
[-280, 188, 516]
[-281, 189, 516]
[-282, 189, 515]
[-283, 190, 515]
[-284, 191, 514]
[-285, 191, 514]
[-286, 192, 514]
[-287, 193, 513]
[-288, 193, 513]
[-289, 194, 512]
[-290, 195, 512]
[-291, 195, 511]
[-292, 196, 510]
[-293, 197, 510]
[-294, 197, 509]
[-295, 198, 509]
[-296, 199, 508]
[-297, 199, 508]
[-298, 200, 507]
[-299, 201, 506]
[-299, 201, 506]
[-300, 202, 505]
[-301, 203, 505]
[-302, 203, 504]
[-303, 204, 503]
[-304, 205, 503]
[-304, 205, 502]
[-305, 206, 501]
[-306, 207, 500]
[-307, 207, 500]
[-307, 208, 499]
[-308, 209, 498]
[-309, 209, 498]
[-309, 210, 497]
[-310, 210, 496]
[-311, 211, 495]
[-311, 212, 495]
[-312, 212, 494]
[-312, 213, 493]
[-313, 214, 492]
[-314, 214, 491]
[-314, 215, 491]
[-315, 215, 490]
[-315, 216, 489]
[-316, 217, 488]
[-316, 217, 487]
[-317, 218, 486]
[-317, 219, 485]
[-318, 219, 485]
[-318, 220, 484]
[-318, 220, 483]
[-319, 221, 482]
[-319, 222, 481]
[-320, 222, 480]
[-320, 223, 479]
[-320, 223, 478]
[-321, 224, 477]
[-321, 224, 476]
[-321, 225, 475]
[-322, 226, 474]
[-322, 226, 473]
[-322, 227, 472]
[-322, 227, 471]
[-323, 228, 470]
[-323, 228, 469]
[-323, 229, 468]
[-323, 229, 467]
[-324, 230, 466]
[-324, 231, 465]
[-324, 231, 464]
[-324, 232, 463]
[-324, 232, 462]
[-324, 233, 461]
[-325, 233, 460]
[-325, 234, 459]
[-325, 234, 458]
[-325, 235, 457]
[-325, 235, 455]
[-325, 236, 454]
[-325, 236, 453]
[-325, 237, 452]
[-326, 237, 451]
[-326, 238, 450]
[-326, 238, 449]
[-326, 239, 448]
[-326, 239, 446]
[-326, 239, 445]
[-326, 240, 444]
[-326, 240, 443]
[-326, 241, 442]
[-326, 241, 441]
[-326, 242, 439]
[-326, 242, 438]
[-326, 243, 437]
[-326, 243, 436]
[-326, 243, 435]
[-327, 244, 433]
[-327, 244, 432]
[-327, 245, 431]
[-327, 245, 430]
[-327, 245, 429]
[-327, 246, 427]
[-327, 246, 426]
[-327, 247, 425]
[-327, 247, 424]
[-327, 247, 422]
[-327, 248, 421]
[-327, 248, 420]
[-327, 248, 419]
[-327, 249, 417]
[-327, 249, 416]
[-327, 249, 415]
[-327, 250, 414]
[-327, 250, 412]
[-327, 250, 411]
[-327, 251, 410]
[-327, 251, 409]
[-328, 251, 407]
[-328, 252, 406]
[-328, 252, 405]
[-328, 252, 403]
[-328, 252, 402]
[-328, 253, 401]
[-328, 253, 400]
[-328, 253, 398]
[-328, 253, 397]
[-328, 254, 396]
[-328, 254, 394]
[-328, 254, 393]
[-328, 254, 392]
[-328, 255, 391]
[-328, 255, 389]
[-329, 255, 388]
[-329, 255, 387]
[-329, 255, 385]
[-329, 256, 384]
[-329, 256, 383]
[-329, 256, 382]
[-329, 256, 380]
[-329, 256, 379]
[-329, 256, 378]
[-329, 257, 376]
[-329, 257, 375]
[-329, 257, 374]
[-329, 257, 372]
[-329, 257, 371]
[-330, 257, 370]
[-330, 257, 369]
[-330, 257, 367]
[-330, 258, 366]
[-330, 258, 365]
[-330, 258, 363]
[-330, 258, 362]
[-330, 258, 361]
[-330, 258, 360]
[-330, 258, 358]
[-330, 258, 357]
[-330, 258, 356]
[-330, 258, 355]
[-330, 258, 353]
[-330, 258, 352]
