# Curve Parameters
# y_end: 242
# loops: 1
# A (south bulge): 100
# B (lateral wiggle): 10
# samples: 350
#
# Analysis Results
# max_grade: 0.999998
# length_3d: 316.87
# length_2d: 273.26
# min_horiz_step: 0.207327
# status: OK
#
# Coordinates (x, y, z)
#==================================================

[-199, 98, 410]
[-199, 98, 411]
[-199, 98, 412]
[-199, 98, 413]
[-199, 98, 414]
[-199, 98, 414]
[-199, 98, 415]
[-199, 98, 416]
[-199, 98, 417]
[-199, 98, 418]
[-199, 98, 419]
[-199, 98, 420]
[-199, 98, 421]
[-200, 99, 421]
[-200, 99, 422]
[-200, 99, 423]
[-200, 99, 424]
[-200, 99, 425]
[-200, 99, 426]
[-200, 99, 427]
[-200, 99, 427]
[-200, 100, 428]
[-200, 100, 429]
[-200, 100, 430]
[-201, 100, 431]
[-201, 100, 431]
[-201, 100, 432]
[-201, 100, 433]
[-201, 101, 434]
[-201, 101, 435]
[-201, 101, 435]
[-202, 101, 436]
[-202, 101, 437]
[-202, 102, 438]
[-202, 102, 439]
[-202, 102, 439]
[-202, 102, 440]
[-202, 103, 441]
[-203, 103, 442]
[-203, 103, 442]
[-203, 103, 443]
[-203, 103, 444]
[-203, 104, 445]
[-203, 104, 445]
[-204, 104, 446]
[-204, 105, 447]
[-204, 105, 447]
[-204, 105, 448]
[-204, 105, 449]
[-205, 106, 450]
[-205, 106, 450]
[-205, 106, 451]
[-205, 107, 452]
[-205, 107, 452]
[-206, 107, 453]
[-206, 108, 454]
[-206, 108, 454]
[-206, 108, 455]
[-207, 109, 456]
[-207, 109, 456]
[-207, 109, 457]
[-207, 110, 457]
[-207, 110, 458]
[-208, 110, 459]
[-208, 111, 459]
[-208, 111, 460]
[-208, 112, 461]
[-209, 112, 461]
[-209, 112, 462]
[-209, 113, 462]
[-209, 113, 463]
[-210, 113, 463]
[-210, 114, 464]
[-210, 114, 465]
[-210, 115, 465]
[-211, 115, 466]
[-211, 116, 466]
[-211, 116, 467]
[-212, 116, 467]
[-212, 117, 468]
[-212, 117, 468]
[-212, 118, 469]
[-213, 118, 469]
[-213, 119, 470]
[-213, 119, 470]
[-214, 119, 471]
[-214, 120, 471]
[-214, 120, 472]
[-215, 121, 472]
[-215, 121, 472]
[-215, 122, 473]
[-216, 122, 473]
[-216, 123, 474]
[-216, 123, 474]
[-217, 124, 475]
[-217, 124, 475]
[-218, 125, 475]
[-218, 125, 476]
[-218, 126, 476]
[-219, 126, 476]
[-219, 127, 477]
[-220, 127, 477]
[-220, 128, 477]
[-220, 128, 478]
[-221, 129, 478]
[-221, 129, 478]
[-222, 130, 479]
[-222, 130, 479]
[-223, 131, 479]
[-223, 131, 480]
[-223, 132, 480]
[-224, 132, 480]
[-224, 133, 481]
[-225, 134, 481]
[-225, 134, 481]
[-226, 135, 481]
[-226, 135, 481]
[-227, 136, 482]
[-227, 136, 482]
[-228, 137, 482]
[-228, 137, 482]
[-229, 138, 483]
[-229, 138, 483]
[-230, 139, 483]
[-230, 140, 483]
[-231, 140, 483]
[-232, 141, 483]
[-232, 141, 484]
[-233, 142, 484]
[-233, 142, 484]
[-234, 143, 484]
[-234, 144, 484]
[-235, 144, 484]
[-236, 145, 484]
[-236, 145, 484]
[-237, 146, 484]
[-238, 147, 484]
[-238, 147, 485]
[-239, 148, 485]
[-239, 148, 485]
[-240, 149, 485]
[-241, 150, 485]
[-241, 150, 485]
[-242, 151, 485]
[-243, 151, 485]
[-243, 152, 485]
[-244, 153, 485]
[-245, 153, 485]
[-245, 154, 485]
[-246, 154, 485]
[-247, 155, 485]
[-247, 156, 485]
[-248, 156, 485]
[-249, 157, 484]
[-250, 157, 484]
[-250, 158, 484]
[-251, 159, 484]
[-252, 159, 484]
[-252, 160, 484]
[-253, 160, 484]
[-254, 161, 484]
[-255, 162, 484]
[-255, 162, 483]
[-256, 163, 483]
[-257, 164, 483]
[-257, 164, 483]
[-258, 165, 483]
[-259, 165, 483]
[-260, 166, 482]
[-260, 167, 482]
[-261, 167, 482]
[-262, 168, 482]
[-263, 168, 482]
[-263, 169, 481]
[-264, 170, 481]
[-265, 170, 481]
[-266, 171, 481]
[-266, 172, 480]
[-267, 172, 480]
[-268, 173, 480]
[-269, 173, 480]
[-269, 174, 479]
[-270, 175, 479]
[-271, 175, 479]
[-272, 176, 478]
[-272, 176, 478]
[-273, 177, 478]
[-274, 178, 477]
[-274, 178, 477]
[-275, 179, 477]
[-276, 180, 476]
[-277, 180, 476]
[-277, 181, 475]
[-278, 181, 475]
[-279, 182, 475]
[-279, 183, 474]
[-280, 183, 474]
[-281, 184, 473]
[-282, 184, 473]
[-282, 185, 473]
[-283, 186, 472]
[-284, 186, 472]
[-284, 187, 471]
[-285, 187, 471]
[-286, 188, 470]
[-286, 189, 470]
[-287, 189, 469]
[-288, 190, 469]
[-288, 190, 468]
[-289, 191, 468]
[-290, 192, 467]
[-290, 192, 467]
[-291, 193, 466]
[-291, 193, 466]
[-292, 194, 465]
[-293, 195, 465]
[-293, 195, 464]
[-294, 196, 463]
[-295, 196, 463]
[-295, 197, 462]
[-296, 198, 462]
[-296, 198, 461]
[-297, 199, 460]
[-297, 199, 460]
[-298, 200, 459]
[-299, 200, 459]
[-299, 201, 458]
[-300, 202, 457]
[-300, 202, 457]
[-301, 203, 456]
[-301, 203, 455]
[-302, 204, 455]
[-302, 204, 454]
[-303, 205, 453]
[-303, 205, 453]
[-304, 206, 452]
[-304, 206, 451]
[-305, 207, 451]
[-305, 208, 450]
[-306, 208, 449]
[-306, 209, 449]
[-306, 209, 448]
[-307, 210, 447]
[-307, 210, 446]
[-308, 211, 446]
[-308, 211, 445]
[-309, 212, 444]
[-309, 212, 443]
[-309, 213, 443]
[-310, 213, 442]
[-310, 214, 441]
[-311, 214, 440]
[-311, 215, 440]
[-311, 215, 439]
[-312, 216, 438]
[-312, 216, 437]
[-313, 217, 436]
[-313, 217, 436]
[-313, 218, 435]
[-314, 218, 434]
[-314, 219, 433]
[-314, 219, 432]
[-315, 220, 432]
[-315, 220, 431]
[-315, 221, 430]
[-316, 221, 429]
[-316, 221, 428]
[-316, 222, 427]
[-317, 222, 427]
[-317, 223, 426]
[-317, 223, 425]
[-317, 224, 424]
[-318, 224, 423]
[-318, 224, 422]
[-318, 225, 421]
[-319, 225, 421]
[-319, 226, 420]
[-319, 226, 419]
[-319, 227, 418]
[-320, 227, 417]
[-320, 227, 416]
[-320, 228, 415]
[-320, 228, 414]
[-321, 228, 413]
[-321, 229, 413]
[-321, 229, 412]
[-321, 230, 411]
[-322, 230, 410]
[-322, 230, 409]
[-322, 231, 408]
[-322, 231, 407]
[-322, 231, 406]
[-323, 232, 405]
[-323, 232, 404]
[-323, 232, 403]
[-323, 233, 402]
[-324, 233, 402]
[-324, 233, 401]
[-324, 234, 400]
[-324, 234, 399]
[-324, 234, 398]
[-325, 235, 397]
[-325, 235, 396]
[-325, 235, 395]
[-325, 235, 394]
[-325, 236, 393]
[-326, 236, 392]
[-326, 236, 391]
[-326, 237, 390]
[-326, 237, 389]
[-326, 237, 388]
[-326, 237, 387]
[-327, 237, 387]
[-327, 238, 386]
[-327, 238, 385]
[-327, 238, 384]
[-327, 238, 383]
[-327, 239, 382]
[-327, 239, 381]
[-328, 239, 380]
[-328, 239, 379]
[-328, 239, 378]
[-328, 240, 377]
[-328, 240, 376]
[-328, 240, 375]
[-328, 240, 374]
[-329, 240, 373]
[-329, 240, 372]
[-329, 240, 371]
[-329, 241, 370]
[-329, 241, 370]
[-329, 241, 369]
[-329, 241, 368]
[-329, 241, 367]
[-329, 241, 366]
[-329, 241, 365]
[-329, 241, 364]
[-330, 242, 363]
[-330, 242, 362]
[-330, 242, 361]
[-330, 242, 360]
[-330, 242, 359]
[-330, 242, 358]
[-330, 242, 357]
[-330, 242, 357]
[-330, 242, 356]
[-330, 242, 355]
[-330, 242, 354]
[-330, 242, 353]
[-330, 242, 352]
