# Curve Parameters
# y_end: 250
# loops: 1
# A (south bulge): 140
# B (lateral wiggle): 10
# samples: 350
#
# Analysis Results
# max_grade: 0.956495
# length_3d: 386.38
# length_2d: 343.72
# min_horiz_step: 0.247671
# status: OK
#
# Coordinates (x, y, z)
#==================================================

[-199, 98, 410]
[-199, 98, 411]
[-199, 98, 413]
[-199, 98, 414]
[-199, 98, 415]
[-199, 98, 416]
[-199, 98, 418]
[-199, 98, 419]
[-199, 98, 420]
[-199, 98, 421]
[-199, 98, 422]
[-199, 98, 424]
[-199, 99, 425]
[-200, 99, 426]
[-200, 99, 427]
[-200, 99, 429]
[-200, 99, 430]
[-200, 99, 431]
[-200, 99, 432]
[-200, 99, 433]
[-200, 99, 435]
[-200, 100, 436]
[-200, 100, 437]
[-200, 100, 438]
[-201, 100, 439]
[-201, 100, 440]
[-201, 100, 442]
[-201, 101, 443]
[-201, 101, 444]
[-201, 101, 445]
[-201, 101, 446]
[-202, 101, 447]
[-202, 102, 448]
[-202, 102, 450]
[-202, 102, 451]
[-202, 102, 452]
[-202, 103, 453]
[-202, 103, 454]
[-203, 103, 455]
[-203, 103, 456]
[-203, 104, 457]
[-203, 104, 458]
[-203, 104, 459]
[-203, 104, 460]
[-204, 105, 461]
[-204, 105, 463]
[-204, 105, 464]
[-204, 106, 465]
[-204, 106, 466]
[-205, 106, 467]
[-205, 106, 468]
[-205, 107, 469]
[-205, 107, 470]
[-205, 107, 471]
[-206, 108, 472]
[-206, 108, 473]
[-206, 108, 474]
[-206, 109, 475]
[-207, 109, 476]
[-207, 110, 476]
[-207, 110, 477]
[-207, 110, 478]
[-207, 111, 479]
[-208, 111, 480]
[-208, 111, 481]
[-208, 112, 482]
[-208, 112, 483]
[-209, 113, 484]
[-209, 113, 485]
[-209, 113, 486]
[-209, 114, 486]
[-210, 114, 487]
[-210, 115, 488]
[-210, 115, 489]
[-210, 116, 490]
[-211, 116, 491]
[-211, 116, 491]
[-211, 117, 492]
[-212, 117, 493]
[-212, 118, 494]
[-212, 118, 495]
[-212, 119, 495]
[-213, 119, 496]
[-213, 120, 497]
[-213, 120, 498]
[-214, 121, 498]
[-214, 121, 499]
[-214, 122, 500]
[-215, 122, 500]
[-215, 123, 501]
[-215, 123, 502]
[-216, 124, 503]
[-216, 124, 503]
[-216, 125, 504]
[-217, 125, 504]
[-217, 126, 505]
[-218, 126, 506]
[-218, 127, 506]
[-218, 127, 507]
[-219, 128, 508]
[-219, 128, 508]
[-220, 129, 509]
[-220, 129, 509]
[-220, 130, 510]
[-221, 130, 510]
[-221, 131, 511]
[-222, 132, 511]
[-222, 132, 512]
[-223, 133, 512]
[-223, 133, 513]
[-223, 134, 513]
[-224, 134, 514]
[-224, 135, 514]
[-225, 135, 515]
[-225, 136, 515]
[-226, 137, 516]
[-226, 137, 516]
[-227, 138, 516]
[-227, 138, 517]
[-228, 139, 517]
[-228, 140, 518]
[-229, 140, 518]
[-229, 141, 518]
[-230, 141, 519]
[-230, 142, 519]
[-231, 143, 519]
[-232, 143, 520]
[-232, 144, 520]
[-233, 144, 520]
[-233, 145, 521]
[-234, 146, 521]
[-234, 146, 521]
[-235, 147, 521]
[-236, 147, 521]
[-236, 148, 522]
[-237, 149, 522]
[-238, 149, 522]
[-238, 150, 522]
[-239, 151, 522]
[-239, 151, 523]
[-240, 152, 523]
[-241, 152, 523]
[-241, 153, 523]
[-242, 154, 523]
[-243, 154, 523]
[-243, 155, 523]
[-244, 156, 523]
[-245, 156, 524]
[-245, 157, 524]
[-246, 157, 524]
[-247, 158, 524]
[-247, 159, 524]
[-248, 159, 524]
[-249, 160, 524]
[-250, 161, 524]
[-250, 161, 524]
[-251, 162, 524]
[-252, 163, 524]
[-252, 163, 524]
[-253, 164, 523]
[-254, 165, 523]
[-255, 165, 523]
[-255, 166, 523]
[-256, 166, 523]
[-257, 167, 523]
[-257, 168, 523]
[-258, 168, 523]
[-259, 169, 523]
[-260, 170, 522]
[-260, 170, 522]
[-261, 171, 522]
[-262, 172, 522]
[-263, 172, 522]
[-263, 173, 521]
[-264, 174, 521]
[-265, 174, 521]
[-266, 175, 521]
[-266, 176, 520]
[-267, 176, 520]
[-268, 177, 520]
[-269, 178, 519]
[-269, 178, 519]
[-270, 179, 519]
[-271, 180, 518]
[-272, 180, 518]
[-272, 181, 518]
[-273, 182, 517]
[-274, 182, 517]
[-274, 183, 517]
[-275, 183, 516]
[-276, 184, 516]
[-277, 185, 515]
[-277, 185, 515]
[-278, 186, 514]
[-279, 187, 514]
[-279, 187, 514]
[-280, 188, 513]
[-281, 189, 513]
[-282, 189, 512]
[-282, 190, 512]
[-283, 191, 511]
[-284, 191, 510]
[-284, 192, 510]
[-285, 192, 509]
[-286, 193, 509]
[-286, 194, 508]
[-287, 194, 508]
[-288, 195, 507]
[-288, 196, 506]
[-289, 196, 506]
[-290, 197, 505]
[-290, 197, 505]
[-291, 198, 504]
[-291, 199, 503]
[-292, 199, 503]
[-293, 200, 502]
[-293, 201, 501]
[-294, 201, 500]
[-295, 202, 500]
[-295, 202, 499]
[-296, 203, 498]
[-296, 204, 498]
[-297, 204, 497]
[-297, 205, 496]
[-298, 205, 495]
[-299, 206, 495]
[-299, 207, 494]
[-300, 207, 493]
[-300, 208, 492]
[-301, 208, 491]
[-301, 209, 491]
[-302, 210, 490]
[-302, 210, 489]
[-303, 211, 488]
[-303, 211, 487]
[-304, 212, 486]
[-304, 213, 485]
[-305, 213, 485]
[-305, 214, 484]
[-306, 214, 483]
[-306, 215, 482]
[-306, 215, 481]
[-307, 216, 480]
[-307, 216, 479]
[-308, 217, 478]
[-308, 218, 477]
[-309, 218, 476]
[-309, 219, 475]
[-309, 219, 474]
[-310, 220, 473]
[-310, 220, 472]
[-311, 221, 471]
[-311, 221, 470]
[-311, 222, 469]
[-312, 222, 468]
[-312, 223, 467]
[-313, 223, 466]
[-313, 224, 465]
[-313, 224, 464]
[-314, 225, 463]
[-314, 225, 462]
[-314, 226, 461]
[-315, 226, 460]
[-315, 227, 459]
[-315, 227, 458]
[-316, 228, 457]
[-316, 228, 455]
[-316, 229, 454]
[-317, 229, 453]
[-317, 230, 452]
[-317, 230, 451]
[-317, 231, 450]
[-318, 231, 449]
[-318, 232, 448]
[-318, 232, 446]
[-319, 232, 445]
[-319, 233, 444]
[-319, 233, 443]
[-319, 234, 442]
[-320, 234, 441]
[-320, 235, 439]
[-320, 235, 438]
[-320, 235, 437]
[-321, 236, 436]
[-321, 236, 435]
[-321, 237, 433]
[-321, 237, 432]
[-322, 237, 431]
[-322, 238, 430]
[-322, 238, 429]
[-322, 238, 427]
[-322, 239, 426]
[-323, 239, 425]
[-323, 240, 424]
[-323, 240, 422]
[-323, 240, 421]
[-324, 241, 420]
[-324, 241, 419]
[-324, 241, 417]
[-324, 242, 416]
[-324, 242, 415]
[-325, 242, 414]
[-325, 242, 412]
[-325, 243, 411]
[-325, 243, 410]
[-325, 243, 409]
[-326, 244, 407]
[-326, 244, 406]
[-326, 244, 405]
[-326, 244, 403]
[-326, 245, 402]
[-326, 245, 401]
[-327, 245, 400]
[-327, 245, 398]
[-327, 246, 397]
[-327, 246, 396]
[-327, 246, 394]
[-327, 246, 393]
[-327, 247, 392]
[-328, 247, 391]
[-328, 247, 389]
[-328, 247, 388]
[-328, 247, 387]
[-328, 248, 385]
[-328, 248, 384]
[-328, 248, 383]
[-329, 248, 382]
[-329, 248, 380]
[-329, 248, 379]
[-329, 249, 378]
[-329, 249, 376]
[-329, 249, 375]
[-329, 249, 374]
[-329, 249, 372]
[-329, 249, 371]
[-329, 249, 370]
[-329, 249, 369]
[-330, 249, 367]
[-330, 250, 366]
[-330, 250, 365]
[-330, 250, 363]
[-330, 250, 362]
[-330, 250, 361]
[-330, 250, 360]
[-330, 250, 358]
[-330, 250, 357]
[-330, 250, 356]
[-330, 250, 355]
[-330, 250, 353]
[-330, 250, 352]
