# Curve Parameters
# y_end: 236
# loops: 1
# A (south bulge): 140
# B (lateral wiggle): 80
# samples: 350
#
# Analysis Results
# max_grade: 0.935680
# length_3d: 455.77
# length_2d: 428.63
# min_horiz_step: 0.209470
# status: OK
#
# Coordinates (x, y, z)
#==================================================

[-199, 98, 410]
[-199, 98, 411]
[-199, 98, 413]
[-199, 98, 414]
[-199, 98, 415]
[-199, 98, 416]
[-199, 98, 418]
[-199, 98, 419]
[-199, 98, 420]
[-199, 98, 421]
[-199, 98, 422]
[-199, 98, 424]
[-199, 98, 425]
[-199, 99, 426]
[-199, 99, 427]
[-199, 99, 429]
[-199, 99, 430]
[-199, 99, 431]
[-199, 99, 432]
[-199, 99, 433]
[-199, 99, 435]
[-199, 99, 436]
[-199, 100, 437]
[-199, 100, 438]
[-199, 100, 439]
[-199, 100, 440]
[-199, 100, 442]
[-199, 100, 443]
[-199, 101, 444]
[-199, 101, 445]
[-199, 101, 446]
[-199, 101, 447]
[-199, 101, 448]
[-198, 101, 450]
[-198, 102, 451]
[-198, 102, 452]
[-198, 102, 453]
[-198, 102, 454]
[-198, 103, 455]
[-197, 103, 456]
[-197, 103, 457]
[-197, 103, 458]
[-197, 104, 459]
[-197, 104, 460]
[-196, 104, 461]
[-196, 104, 463]
[-196, 105, 464]
[-195, 105, 465]
[-195, 105, 466]
[-195, 105, 467]
[-194, 106, 468]
[-194, 106, 469]
[-194, 106, 470]
[-193, 107, 471]
[-193, 107, 472]
[-193, 107, 473]
[-192, 108, 474]
[-192, 108, 475]
[-191, 108, 476]
[-191, 108, 476]
[-191, 109, 477]
[-190, 109, 478]
[-190, 110, 479]
[-189, 110, 480]
[-189, 110, 481]
[-188, 111, 482]
[-188, 111, 483]
[-188, 111, 484]
[-187, 112, 485]
[-187, 112, 486]
[-186, 112, 486]
[-186, 113, 487]
[-185, 113, 488]
[-185, 114, 489]
[-184, 114, 490]
[-184, 114, 491]
[-184, 115, 491]
[-183, 115, 492]
[-183, 116, 493]
[-182, 116, 494]
[-182, 116, 495]
[-182, 117, 495]
[-181, 117, 496]
[-181, 118, 497]
[-181, 118, 498]
[-180, 119, 498]
[-180, 119, 499]
[-180, 119, 500]
[-179, 120, 500]
[-179, 120, 501]
[-179, 121, 502]
[-178, 121, 503]
[-178, 122, 503]
[-178, 122, 504]
[-178, 123, 504]
[-178, 123, 505]
[-178, 124, 506]
[-177, 124, 506]
[-177, 125, 507]
[-177, 125, 508]
[-177, 125, 508]
[-177, 126, 509]
[-177, 126, 509]
[-177, 127, 510]
[-177, 127, 510]
[-178, 128, 511]
[-178, 128, 511]
[-178, 129, 512]
[-178, 129, 512]
[-178, 130, 513]
[-179, 130, 513]
[-179, 131, 514]
[-179, 132, 514]
[-180, 132, 515]
[-180, 133, 515]
[-180, 133, 516]
[-181, 134, 516]
[-181, 134, 516]
[-182, 135, 517]
[-182, 135, 517]
[-183, 136, 518]
[-184, 136, 518]
[-184, 137, 518]
[-185, 137, 519]
[-186, 138, 519]
[-187, 138, 519]
[-188, 139, 520]
[-188, 140, 520]
[-189, 140, 520]
[-190, 141, 521]
[-191, 141, 521]
[-192, 142, 521]
[-193, 142, 521]
[-194, 143, 521]
[-196, 143, 522]
[-197, 144, 522]
[-198, 145, 522]
[-199, 145, 522]
[-200, 146, 522]
[-202, 146, 523]
[-203, 147, 523]
[-204, 147, 523]
[-206, 148, 523]
[-207, 149, 523]
[-209, 149, 523]
[-210, 150, 523]
[-212, 150, 523]
[-213, 151, 524]
[-215, 151, 524]
[-217, 152, 524]
[-218, 153, 524]
[-220, 153, 524]
[-222, 154, 524]
[-223, 154, 524]
[-225, 155, 524]
[-227, 155, 524]
[-229, 156, 524]
[-231, 157, 524]
[-232, 157, 524]
[-234, 158, 523]
[-236, 158, 523]
[-238, 159, 523]
[-240, 160, 523]
[-242, 160, 523]
[-244, 161, 523]
[-246, 161, 523]
[-248, 162, 523]
[-250, 163, 523]
[-252, 163, 522]
[-254, 164, 522]
[-256, 164, 522]
[-257, 165, 522]
[-259, 166, 522]
[-261, 166, 521]
[-263, 167, 521]
[-266, 167, 521]
[-268, 168, 521]
[-270, 168, 520]
[-272, 169, 520]
[-273, 170, 520]
[-275, 170, 519]
[-277, 171, 519]
[-279, 171, 519]
[-281, 172, 518]
[-283, 173, 518]
[-285, 173, 518]
[-287, 174, 517]
[-289, 174, 517]
[-291, 175, 517]
[-293, 176, 516]
[-295, 176, 516]
[-297, 177, 515]
[-298, 177, 515]
[-300, 178, 514]
[-302, 179, 514]
[-304, 179, 514]
[-306, 180, 513]
[-307, 180, 513]
[-309, 181, 512]
[-311, 181, 512]
[-312, 182, 511]
[-314, 183, 510]
[-316, 183, 510]
[-317, 184, 509]
[-319, 184, 509]
[-320, 185, 508]
[-322, 185, 508]
[-323, 186, 507]
[-325, 187, 506]
[-326, 187, 506]
[-327, 188, 505]
[-329, 188, 505]
[-330, 189, 504]
[-331, 189, 503]
[-332, 190, 503]
[-333, 191, 502]
[-335, 191, 501]
[-336, 192, 500]
[-337, 192, 500]
[-338, 193, 499]
[-339, 193, 498]
[-340, 194, 498]
[-341, 194, 497]
[-341, 195, 496]
[-342, 196, 495]
[-343, 196, 495]
[-344, 197, 494]
[-345, 197, 493]
[-345, 198, 492]
[-346, 198, 491]
[-347, 199, 491]
[-347, 199, 490]
[-348, 200, 489]
[-348, 200, 488]
[-349, 201, 487]
[-349, 201, 486]
[-349, 202, 485]
[-350, 202, 485]
[-350, 203, 484]
[-350, 204, 483]
[-351, 204, 482]
[-351, 205, 481]
[-351, 205, 480]
[-351, 206, 479]
[-351, 206, 478]
[-352, 207, 477]
[-352, 207, 476]
[-352, 208, 475]
[-352, 208, 474]
[-352, 209, 473]
[-352, 209, 472]
[-352, 209, 471]
[-352, 210, 470]
[-351, 210, 469]
[-351, 211, 468]
[-351, 211, 467]
[-351, 212, 466]
[-351, 212, 465]
[-351, 213, 464]
[-350, 213, 463]
[-350, 214, 462]
[-350, 214, 461]
[-349, 215, 460]
[-349, 215, 459]
[-349, 215, 458]
[-348, 216, 457]
[-348, 216, 455]
[-348, 217, 454]
[-347, 217, 453]
[-347, 218, 452]
[-347, 218, 451]
[-346, 218, 450]
[-346, 219, 449]
[-345, 219, 448]
[-345, 220, 446]
[-345, 220, 445]
[-344, 220, 444]
[-344, 221, 443]
[-343, 221, 442]
[-343, 222, 441]
[-342, 222, 439]
[-342, 222, 438]
[-341, 223, 437]
[-341, 223, 436]
[-341, 223, 435]
[-340, 224, 433]
[-340, 224, 432]
[-339, 224, 431]
[-339, 225, 430]
[-338, 225, 429]
[-338, 226, 427]
[-338, 226, 426]
[-337, 226, 425]
[-337, 226, 424]
[-336, 227, 422]
[-336, 227, 421]
[-336, 227, 420]
[-335, 228, 419]
[-335, 228, 417]
[-335, 228, 416]
[-334, 229, 415]
[-334, 229, 414]
[-334, 229, 412]
[-333, 229, 411]
[-333, 230, 410]
[-333, 230, 409]
[-332, 230, 407]
[-332, 230, 406]
[-332, 231, 405]
[-332, 231, 403]
[-332, 231, 402]
[-331, 231, 401]
[-331, 232, 400]
[-331, 232, 398]
[-331, 232, 397]
[-331, 232, 396]
[-331, 233, 394]
[-330, 233, 393]
[-330, 233, 392]
[-330, 233, 391]
[-330, 233, 389]
[-330, 233, 388]
[-330, 234, 387]
[-330, 234, 385]
[-330, 234, 384]
[-330, 234, 383]
[-330, 234, 382]
[-330, 234, 380]
[-330, 235, 379]
[-330, 235, 378]
[-330, 235, 376]
[-330, 235, 375]
[-330, 235, 374]
[-330, 235, 372]
[-330, 235, 371]
[-330, 235, 370]
[-330, 235, 369]
[-330, 236, 367]
[-330, 236, 366]
[-330, 236, 365]
[-330, 236, 363]
[-330, 236, 362]
[-330, 236, 361]
[-330, 236, 360]
[-330, 236, 358]
[-330, 236, 357]
[-330, 236, 356]
[-330, 236, 355]
[-330, 236, 353]
[-330, 236, 352]
