# Curve Parameters
# y_end: 230
# loops: 1
# A (south bulge): 140
# B (lateral wiggle): 10
# samples: 350
#
# Analysis Results
# max_grade: 0.830640
# length_3d: 376.68
# length_2d: 343.72
# min_horiz_step: 0.247671
# status: OK
#
# Coordinates (x, y, z)
#==================================================

[-199, 98, 410]
[-199, 98, 411]
[-199, 98, 413]
[-199, 98, 414]
[-199, 98, 415]
[-199, 98, 416]
[-199, 98, 418]
[-199, 98, 419]
[-199, 98, 420]
[-199, 98, 421]
[-199, 98, 422]
[-199, 98, 424]
[-199, 98, 425]
[-200, 99, 426]
[-200, 99, 427]
[-200, 99, 429]
[-200, 99, 430]
[-200, 99, 431]
[-200, 99, 432]
[-200, 99, 433]
[-200, 99, 435]
[-200, 99, 436]
[-200, 100, 437]
[-200, 100, 438]
[-201, 100, 439]
[-201, 100, 440]
[-201, 100, 442]
[-201, 100, 443]
[-201, 100, 444]
[-201, 101, 445]
[-201, 101, 446]
[-202, 101, 447]
[-202, 101, 448]
[-202, 101, 450]
[-202, 102, 451]
[-202, 102, 452]
[-202, 102, 453]
[-202, 102, 454]
[-203, 102, 455]
[-203, 103, 456]
[-203, 103, 457]
[-203, 103, 458]
[-203, 103, 459]
[-203, 104, 460]
[-204, 104, 461]
[-204, 104, 463]
[-204, 104, 464]
[-204, 105, 465]
[-204, 105, 466]
[-205, 105, 467]
[-205, 105, 468]
[-205, 106, 469]
[-205, 106, 470]
[-205, 106, 471]
[-206, 107, 472]
[-206, 107, 473]
[-206, 107, 474]
[-206, 107, 475]
[-207, 108, 476]
[-207, 108, 476]
[-207, 108, 477]
[-207, 109, 478]
[-207, 109, 479]
[-208, 109, 480]
[-208, 110, 481]
[-208, 110, 482]
[-208, 110, 483]
[-209, 111, 484]
[-209, 111, 485]
[-209, 111, 486]
[-209, 112, 486]
[-210, 112, 487]
[-210, 113, 488]
[-210, 113, 489]
[-210, 113, 490]
[-211, 114, 491]
[-211, 114, 491]
[-211, 114, 492]
[-212, 115, 493]
[-212, 115, 494]
[-212, 116, 495]
[-212, 116, 495]
[-213, 116, 496]
[-213, 117, 497]
[-213, 117, 498]
[-214, 118, 498]
[-214, 118, 499]
[-214, 119, 500]
[-215, 119, 500]
[-215, 119, 501]
[-215, 120, 502]
[-216, 120, 503]
[-216, 121, 503]
[-216, 121, 504]
[-217, 122, 504]
[-217, 122, 505]
[-218, 122, 506]
[-218, 123, 506]
[-218, 123, 507]
[-219, 124, 508]
[-219, 124, 508]
[-220, 125, 509]
[-220, 125, 509]
[-220, 126, 510]
[-221, 126, 510]
[-221, 127, 511]
[-222, 127, 511]
[-222, 128, 512]
[-223, 128, 512]
[-223, 129, 513]
[-223, 129, 513]
[-224, 130, 514]
[-224, 130, 514]
[-225, 131, 515]
[-225, 131, 515]
[-226, 132, 516]
[-226, 132, 516]
[-227, 133, 516]
[-227, 133, 517]
[-228, 134, 517]
[-228, 134, 518]
[-229, 135, 518]
[-229, 135, 518]
[-230, 136, 519]
[-230, 136, 519]
[-231, 137, 519]
[-232, 137, 520]
[-232, 138, 520]
[-233, 138, 520]
[-233, 139, 521]
[-234, 139, 521]
[-234, 140, 521]
[-235, 140, 521]
[-236, 141, 521]
[-236, 141, 522]
[-237, 142, 522]
[-238, 143, 522]
[-238, 143, 522]
[-239, 144, 522]
[-239, 144, 523]
[-240, 145, 523]
[-241, 145, 523]
[-241, 146, 523]
[-242, 146, 523]
[-243, 147, 523]
[-243, 147, 523]
[-244, 148, 523]
[-245, 149, 524]
[-245, 149, 524]
[-246, 150, 524]
[-247, 150, 524]
[-247, 151, 524]
[-248, 151, 524]
[-249, 152, 524]
[-250, 152, 524]
[-250, 153, 524]
[-251, 154, 524]
[-252, 154, 524]
[-252, 155, 524]
[-253, 155, 523]
[-254, 156, 523]
[-255, 156, 523]
[-255, 157, 523]
[-256, 157, 523]
[-257, 158, 523]
[-257, 159, 523]
[-258, 159, 523]
[-259, 160, 523]
[-260, 160, 522]
[-260, 161, 522]
[-261, 161, 522]
[-262, 162, 522]
[-263, 163, 522]
[-263, 163, 521]
[-264, 164, 521]
[-265, 164, 521]
[-266, 165, 521]
[-266, 165, 520]
[-267, 166, 520]
[-268, 167, 520]
[-269, 167, 519]
[-269, 168, 519]
[-270, 168, 519]
[-271, 169, 518]
[-272, 169, 518]
[-272, 170, 518]
[-273, 171, 517]
[-274, 171, 517]
[-274, 172, 517]
[-275, 172, 516]
[-276, 173, 516]
[-277, 173, 515]
[-277, 174, 515]
[-278, 174, 514]
[-279, 175, 514]
[-279, 176, 514]
[-280, 176, 513]
[-281, 177, 513]
[-282, 177, 512]
[-282, 178, 512]
[-283, 178, 511]
[-284, 179, 510]
[-284, 179, 510]
[-285, 180, 509]
[-286, 181, 509]
[-286, 181, 508]
[-287, 182, 508]
[-288, 182, 507]
[-288, 183, 506]
[-289, 183, 506]
[-290, 184, 505]
[-290, 184, 505]
[-291, 185, 504]
[-291, 185, 503]
[-292, 186, 503]
[-293, 187, 502]
[-293, 187, 501]
[-294, 188, 500]
[-295, 188, 500]
[-295, 189, 499]
[-296, 189, 498]
[-296, 190, 498]
[-297, 190, 497]
[-297, 191, 496]
[-298, 191, 495]
[-299, 192, 495]
[-299, 192, 494]
[-300, 193, 493]
[-300, 193, 492]
[-301, 194, 491]
[-301, 194, 491]
[-302, 195, 490]
[-302, 195, 489]
[-303, 196, 488]
[-303, 196, 487]
[-304, 197, 486]
[-304, 197, 485]
[-305, 198, 485]
[-305, 198, 484]
[-306, 199, 483]
[-306, 199, 482]
[-306, 200, 481]
[-307, 200, 480]
[-307, 201, 479]
[-308, 201, 478]
[-308, 202, 477]
[-309, 202, 476]
[-309, 203, 475]
[-309, 203, 474]
[-310, 204, 473]
[-310, 204, 472]
[-311, 205, 471]
[-311, 205, 470]
[-311, 206, 469]
[-312, 206, 468]
[-312, 206, 467]
[-313, 207, 466]
[-313, 207, 465]
[-313, 208, 464]
[-314, 208, 463]
[-314, 209, 462]
[-314, 209, 461]
[-315, 209, 460]
[-315, 210, 459]
[-315, 210, 458]
[-316, 211, 457]
[-316, 211, 455]
[-316, 212, 454]
[-317, 212, 453]
[-317, 212, 452]
[-317, 213, 451]
[-317, 213, 450]
[-318, 214, 449]
[-318, 214, 448]
[-318, 214, 446]
[-319, 215, 445]
[-319, 215, 444]
[-319, 215, 443]
[-319, 216, 442]
[-320, 216, 441]
[-320, 217, 439]
[-320, 217, 438]
[-320, 217, 437]
[-321, 218, 436]
[-321, 218, 435]
[-321, 218, 433]
[-321, 219, 432]
[-322, 219, 431]
[-322, 219, 430]
[-322, 220, 429]
[-322, 220, 427]
[-322, 220, 426]
[-323, 221, 425]
[-323, 221, 424]
[-323, 221, 422]
[-323, 221, 421]
[-324, 222, 420]
[-324, 222, 419]
[-324, 222, 417]
[-324, 223, 416]
[-324, 223, 415]
[-325, 223, 414]
[-325, 223, 412]
[-325, 224, 411]
[-325, 224, 410]
[-325, 224, 409]
[-326, 224, 407]
[-326, 225, 406]
[-326, 225, 405]
[-326, 225, 403]
[-326, 225, 402]
[-326, 226, 401]
[-327, 226, 400]
[-327, 226, 398]
[-327, 226, 397]
[-327, 226, 396]
[-327, 227, 394]
[-327, 227, 393]
[-327, 227, 392]
[-328, 227, 391]
[-328, 227, 389]
[-328, 228, 388]
[-328, 228, 387]
[-328, 228, 385]
[-328, 228, 384]
[-328, 228, 383]
[-329, 228, 382]
[-329, 228, 380]
[-329, 229, 379]
[-329, 229, 378]
[-329, 229, 376]
[-329, 229, 375]
[-329, 229, 374]
[-329, 229, 372]
[-329, 229, 371]
[-329, 229, 370]
[-329, 229, 369]
[-330, 230, 367]
[-330, 230, 366]
[-330, 230, 365]
[-330, 230, 363]
[-330, 230, 362]
[-330, 230, 361]
[-330, 230, 360]
[-330, 230, 358]
[-330, 230, 357]
[-330, 230, 356]
[-330, 230, 355]
[-330, 230, 353]
[-330, 230, 352]
