# Curve Parameters
# y_end: 228
# loops: 1
# A (south bulge): 100
# B (lateral wiggle): 20
# samples: 350
#
# Analysis Results
# max_grade: 0.941169
# length_3d: 315.87
# length_2d: 281.12
# min_horiz_step: 0.190791
# status: OK
#
# Coordinates (x, y, z)
#==================================================

[-199, 98, 410]
[-199, 98, 411]
[-199, 98, 412]
[-199, 98, 413]
[-199, 98, 414]
[-199, 98, 414]
[-199, 98, 415]
[-199, 98, 416]
[-199, 98, 417]
[-199, 98, 418]
[-199, 98, 419]
[-199, 98, 420]
[-199, 98, 421]
[-199, 99, 421]
[-200, 99, 422]
[-200, 99, 423]
[-200, 99, 424]
[-200, 99, 425]
[-200, 99, 426]
[-200, 99, 427]
[-200, 99, 427]
[-200, 99, 428]
[-200, 99, 429]
[-200, 100, 430]
[-200, 100, 431]
[-200, 100, 431]
[-201, 100, 432]
[-201, 100, 433]
[-201, 100, 434]
[-201, 101, 435]
[-201, 101, 435]
[-201, 101, 436]
[-201, 101, 437]
[-201, 101, 438]
[-201, 101, 439]
[-202, 102, 439]
[-202, 102, 440]
[-202, 102, 441]
[-202, 102, 442]
[-202, 103, 442]
[-202, 103, 443]
[-202, 103, 444]
[-202, 103, 445]
[-202, 103, 445]
[-203, 104, 446]
[-203, 104, 447]
[-203, 104, 447]
[-203, 104, 448]
[-203, 105, 449]
[-203, 105, 450]
[-203, 105, 450]
[-203, 106, 451]
[-204, 106, 452]
[-204, 106, 452]
[-204, 106, 453]
[-204, 107, 454]
[-204, 107, 454]
[-204, 107, 455]
[-204, 108, 456]
[-204, 108, 456]
[-205, 108, 457]
[-205, 109, 457]
[-205, 109, 458]
[-205, 109, 459]
[-205, 110, 459]
[-205, 110, 460]
[-205, 110, 461]
[-206, 111, 461]
[-206, 111, 462]
[-206, 111, 462]
[-206, 112, 463]
[-206, 112, 463]
[-206, 112, 464]
[-207, 113, 465]
[-207, 113, 465]
[-207, 113, 466]
[-207, 114, 466]
[-207, 114, 467]
[-207, 115, 467]
[-208, 115, 468]
[-208, 115, 468]
[-208, 116, 469]
[-208, 116, 469]
[-208, 117, 470]
[-209, 117, 470]
[-209, 117, 471]
[-209, 118, 471]
[-209, 118, 472]
[-210, 119, 472]
[-210, 119, 472]
[-210, 119, 473]
[-210, 120, 473]
[-211, 120, 474]
[-211, 121, 474]
[-211, 121, 475]
[-212, 122, 475]
[-212, 122, 475]
[-212, 123, 476]
[-212, 123, 476]
[-213, 123, 476]
[-213, 124, 477]
[-213, 124, 477]
[-214, 125, 477]
[-214, 125, 478]
[-215, 126, 478]
[-215, 126, 478]
[-215, 127, 479]
[-216, 127, 479]
[-216, 128, 479]
[-217, 128, 480]
[-217, 129, 480]
[-217, 129, 480]
[-218, 130, 481]
[-218, 130, 481]
[-219, 131, 481]
[-219, 131, 481]
[-220, 132, 481]
[-220, 132, 482]
[-221, 133, 482]
[-221, 133, 482]
[-222, 134, 482]
[-222, 134, 483]
[-223, 135, 483]
[-224, 135, 483]
[-224, 136, 483]
[-225, 136, 483]
[-225, 137, 483]
[-226, 137, 484]
[-227, 138, 484]
[-227, 138, 484]
[-228, 139, 484]
[-228, 139, 484]
[-229, 140, 484]
[-230, 140, 484]
[-230, 141, 484]
[-231, 141, 484]
[-232, 142, 484]
[-233, 142, 485]
[-233, 143, 485]
[-234, 143, 485]
[-235, 144, 485]
[-236, 145, 485]
[-236, 145, 485]
[-237, 146, 485]
[-238, 146, 485]
[-239, 147, 485]
[-239, 147, 485]
[-240, 148, 485]
[-241, 148, 485]
[-242, 149, 485]
[-243, 149, 485]
[-243, 150, 485]
[-244, 150, 485]
[-245, 151, 484]
[-246, 152, 484]
[-247, 152, 484]
[-248, 153, 484]
[-249, 153, 484]
[-250, 154, 484]
[-250, 154, 484]
[-251, 155, 484]
[-252, 155, 484]
[-253, 156, 483]
[-254, 157, 483]
[-255, 157, 483]
[-256, 158, 483]
[-257, 158, 483]
[-258, 159, 483]
[-259, 159, 482]
[-259, 160, 482]
[-260, 160, 482]
[-261, 161, 482]
[-262, 162, 482]
[-263, 162, 481]
[-264, 163, 481]
[-265, 163, 481]
[-266, 164, 481]
[-267, 164, 480]
[-268, 165, 480]
[-269, 166, 480]
[-270, 166, 480]
[-270, 167, 479]
[-271, 167, 479]
[-272, 168, 479]
[-273, 168, 478]
[-274, 169, 478]
[-275, 169, 478]
[-276, 170, 477]
[-277, 171, 477]
[-278, 171, 477]
[-279, 172, 476]
[-279, 172, 476]
[-280, 173, 475]
[-281, 173, 475]
[-282, 174, 475]
[-283, 174, 474]
[-284, 175, 474]
[-285, 176, 473]
[-286, 176, 473]
[-286, 177, 473]
[-287, 177, 472]
[-288, 178, 472]
[-289, 178, 471]
[-290, 179, 471]
[-290, 179, 470]
[-291, 180, 470]
[-292, 180, 469]
[-293, 181, 469]
[-293, 181, 468]
[-294, 182, 468]
[-295, 183, 467]
[-296, 183, 467]
[-296, 184, 466]
[-297, 184, 466]
[-298, 185, 465]
[-299, 185, 465]
[-299, 186, 464]
[-300, 186, 463]
[-301, 187, 463]
[-301, 187, 462]
[-302, 188, 462]
[-302, 188, 461]
[-303, 189, 460]
[-304, 189, 460]
[-304, 190, 459]
[-305, 190, 459]
[-305, 191, 458]
[-306, 191, 457]
[-307, 192, 457]
[-307, 192, 456]
[-308, 193, 455]
[-308, 193, 455]
[-309, 194, 454]
[-309, 194, 453]
[-310, 195, 453]
[-310, 195, 452]
[-311, 196, 451]
[-311, 196, 451]
[-312, 197, 450]
[-312, 197, 449]
[-312, 198, 449]
[-313, 198, 448]
[-313, 199, 447]
[-314, 199, 446]
[-314, 200, 446]
[-314, 200, 445]
[-315, 201, 444]
[-315, 201, 443]
[-316, 202, 443]
[-316, 202, 442]
[-316, 203, 441]
[-317, 203, 440]
[-317, 203, 440]
[-317, 204, 439]
[-317, 204, 438]
[-318, 205, 437]
[-318, 205, 436]
[-318, 206, 436]
[-319, 206, 435]
[-319, 207, 434]
[-319, 207, 433]
[-319, 207, 432]
[-320, 208, 432]
[-320, 208, 431]
[-320, 209, 430]
[-320, 209, 429]
[-321, 209, 428]
[-321, 210, 427]
[-321, 210, 427]
[-321, 211, 426]
[-321, 211, 425]
[-322, 211, 424]
[-322, 212, 423]
[-322, 212, 422]
[-322, 213, 421]
[-322, 213, 421]
[-322, 213, 420]
[-323, 214, 419]
[-323, 214, 418]
[-323, 214, 417]
[-323, 215, 416]
[-323, 215, 415]
[-323, 215, 414]
[-324, 216, 413]
[-324, 216, 413]
[-324, 216, 412]
[-324, 217, 411]
[-324, 217, 410]
[-324, 217, 409]
[-324, 218, 408]
[-325, 218, 407]
[-325, 218, 406]
[-325, 219, 405]
[-325, 219, 404]
[-325, 219, 403]
[-325, 220, 402]
[-325, 220, 402]
[-325, 220, 401]
[-326, 220, 400]
[-326, 221, 399]
[-326, 221, 398]
[-326, 221, 397]
[-326, 222, 396]
[-326, 222, 395]
[-326, 222, 394]
[-326, 222, 393]
[-327, 223, 392]
[-327, 223, 391]
[-327, 223, 390]
[-327, 223, 389]
[-327, 223, 388]
[-327, 224, 387]
[-327, 224, 387]
[-327, 224, 386]
[-327, 224, 385]
[-328, 225, 384]
[-328, 225, 383]
[-328, 225, 382]
[-328, 225, 381]
[-328, 225, 380]
[-328, 225, 379]
[-328, 226, 378]
[-328, 226, 377]
[-328, 226, 376]
[-329, 226, 375]
[-329, 226, 374]
[-329, 226, 373]
[-329, 227, 372]
[-329, 227, 371]
[-329, 227, 370]
[-329, 227, 370]
[-329, 227, 369]
[-329, 227, 368]
[-329, 227, 367]
[-329, 227, 366]
[-329, 227, 365]
[-330, 227, 364]
[-330, 228, 363]
[-330, 228, 362]
[-330, 228, 361]
[-330, 228, 360]
[-330, 228, 359]
[-330, 228, 358]
[-330, 228, 357]
[-330, 228, 357]
[-330, 228, 356]
[-330, 228, 355]
[-330, 228, 354]
[-330, 228, 353]
[-330, 228, 352]
