# Curve Parameters
# y_end: 252
# loops: 1
# A (south bulge): 140
# B (lateral wiggle): 30
# samples: 350
#
# Analysis Results
# max_grade: 0.914864
# length_3d: 402.04
# length_2d: 362.28
# min_horiz_step: 0.243295
# status: OK
#
# Coordinates (x, y, z)
#==================================================

[-199, 98, 410]
[-199, 98, 411]
[-199, 98, 413]
[-199, 98, 414]
[-199, 98, 415]
[-199, 98, 416]
[-199, 98, 418]
[-199, 98, 419]
[-199, 98, 420]
[-199, 98, 421]
[-199, 98, 422]
[-199, 98, 424]
[-199, 99, 425]
[-199, 99, 426]
[-199, 99, 427]
[-200, 99, 429]
[-200, 99, 430]
[-200, 99, 431]
[-200, 99, 432]
[-200, 99, 433]
[-200, 99, 435]
[-200, 100, 436]
[-200, 100, 437]
[-200, 100, 438]
[-200, 100, 439]
[-200, 100, 440]
[-200, 100, 442]
[-200, 101, 443]
[-200, 101, 444]
[-201, 101, 445]
[-201, 101, 446]
[-201, 101, 447]
[-201, 102, 448]
[-201, 102, 450]
[-201, 102, 451]
[-201, 102, 452]
[-201, 103, 453]
[-201, 103, 454]
[-201, 103, 455]
[-201, 103, 456]
[-201, 104, 457]
[-201, 104, 458]
[-201, 104, 459]
[-201, 104, 460]
[-202, 105, 461]
[-202, 105, 463]
[-202, 105, 464]
[-202, 106, 465]
[-202, 106, 466]
[-202, 106, 467]
[-202, 107, 468]
[-202, 107, 469]
[-202, 107, 470]
[-202, 108, 471]
[-202, 108, 472]
[-202, 108, 473]
[-202, 109, 474]
[-202, 109, 475]
[-202, 109, 476]
[-202, 110, 476]
[-202, 110, 477]
[-202, 110, 478]
[-202, 111, 479]
[-202, 111, 480]
[-202, 112, 481]
[-203, 112, 482]
[-203, 112, 483]
[-203, 113, 484]
[-203, 113, 485]
[-203, 114, 486]
[-203, 114, 486]
[-203, 115, 487]
[-203, 115, 488]
[-203, 115, 489]
[-203, 116, 490]
[-203, 116, 491]
[-203, 117, 491]
[-203, 117, 492]
[-203, 118, 493]
[-203, 118, 494]
[-204, 119, 495]
[-204, 119, 495]
[-204, 120, 496]
[-204, 120, 497]
[-204, 120, 498]
[-204, 121, 498]
[-204, 121, 499]
[-204, 122, 500]
[-205, 122, 500]
[-205, 123, 501]
[-205, 123, 502]
[-205, 124, 503]
[-205, 124, 503]
[-205, 125, 504]
[-206, 125, 504]
[-206, 126, 505]
[-206, 127, 506]
[-206, 127, 506]
[-207, 128, 507]
[-207, 128, 508]
[-207, 129, 508]
[-207, 129, 509]
[-208, 130, 509]
[-208, 130, 510]
[-208, 131, 510]
[-209, 131, 511]
[-209, 132, 511]
[-209, 133, 512]
[-210, 133, 512]
[-210, 134, 513]
[-211, 134, 513]
[-211, 135, 514]
[-211, 135, 514]
[-212, 136, 515]
[-212, 137, 515]
[-213, 137, 516]
[-213, 138, 516]
[-214, 138, 516]
[-214, 139, 517]
[-215, 140, 517]
[-215, 140, 518]
[-216, 141, 518]
[-217, 141, 518]
[-217, 142, 519]
[-218, 143, 519]
[-218, 143, 519]
[-219, 144, 520]
[-220, 144, 520]
[-220, 145, 520]
[-221, 146, 521]
[-222, 146, 521]
[-222, 147, 521]
[-223, 147, 521]
[-224, 148, 521]
[-225, 149, 522]
[-225, 149, 522]
[-226, 150, 522]
[-227, 151, 522]
[-228, 151, 522]
[-229, 152, 523]
[-230, 152, 523]
[-230, 153, 523]
[-231, 154, 523]
[-232, 154, 523]
[-233, 155, 523]
[-234, 156, 523]
[-235, 156, 523]
[-236, 157, 524]
[-237, 158, 524]
[-238, 158, 524]
[-239, 159, 524]
[-240, 160, 524]
[-241, 160, 524]
[-242, 161, 524]
[-243, 161, 524]
[-244, 162, 524]
[-245, 163, 524]
[-246, 163, 524]
[-247, 164, 524]
[-248, 165, 523]
[-249, 165, 523]
[-250, 166, 523]
[-251, 167, 523]
[-252, 167, 523]
[-253, 168, 523]
[-254, 169, 523]
[-255, 169, 523]
[-256, 170, 523]
[-257, 171, 522]
[-258, 171, 522]
[-260, 172, 522]
[-261, 173, 522]
[-262, 173, 522]
[-263, 174, 521]
[-264, 175, 521]
[-265, 175, 521]
[-266, 176, 521]
[-267, 177, 520]
[-268, 177, 520]
[-269, 178, 520]
[-271, 179, 519]
[-272, 179, 519]
[-273, 180, 519]
[-274, 181, 518]
[-275, 181, 518]
[-276, 182, 518]
[-277, 183, 517]
[-278, 183, 517]
[-279, 184, 517]
[-280, 185, 516]
[-281, 185, 516]
[-282, 186, 515]
[-283, 187, 515]
[-284, 187, 514]
[-285, 188, 514]
[-286, 189, 514]
[-287, 189, 513]
[-288, 190, 513]
[-289, 190, 512]
[-290, 191, 512]
[-291, 192, 511]
[-292, 192, 510]
[-293, 193, 510]
[-294, 194, 509]
[-295, 194, 509]
[-296, 195, 508]
[-297, 196, 508]
[-298, 196, 507]
[-299, 197, 506]
[-299, 198, 506]
[-300, 198, 505]
[-301, 199, 505]
[-302, 199, 504]
[-303, 200, 503]
[-304, 201, 503]
[-304, 201, 502]
[-305, 202, 501]
[-306, 203, 500]
[-307, 203, 500]
[-307, 204, 499]
[-308, 204, 498]
[-309, 205, 498]
[-309, 206, 497]
[-310, 206, 496]
[-311, 207, 495]
[-311, 207, 495]
[-312, 208, 494]
[-312, 209, 493]
[-313, 209, 492]
[-314, 210, 491]
[-314, 210, 491]
[-315, 211, 490]
[-315, 212, 489]
[-316, 212, 488]
[-316, 213, 487]
[-317, 213, 486]
[-317, 214, 485]
[-318, 215, 485]
[-318, 215, 484]
[-318, 216, 483]
[-319, 216, 482]
[-319, 217, 481]
[-320, 217, 480]
[-320, 218, 479]
[-320, 219, 478]
[-321, 219, 477]
[-321, 220, 476]
[-321, 220, 475]
[-322, 221, 474]
[-322, 221, 473]
[-322, 222, 472]
[-322, 222, 471]
[-323, 223, 470]
[-323, 223, 469]
[-323, 224, 468]
[-323, 225, 467]
[-324, 225, 466]
[-324, 226, 465]
[-324, 226, 464]
[-324, 227, 463]
[-324, 227, 462]
[-324, 228, 461]
[-325, 228, 460]
[-325, 229, 459]
[-325, 229, 458]
[-325, 230, 457]
[-325, 230, 455]
[-325, 230, 454]
[-325, 231, 453]
[-325, 231, 452]
[-326, 232, 451]
[-326, 232, 450]
[-326, 233, 449]
[-326, 233, 448]
[-326, 234, 446]
[-326, 234, 445]
[-326, 235, 444]
[-326, 235, 443]
[-326, 235, 442]
[-326, 236, 441]
[-326, 236, 439]
[-326, 237, 438]
[-326, 237, 437]
[-326, 238, 436]
[-326, 238, 435]
[-327, 238, 433]
[-327, 239, 432]
[-327, 239, 431]
[-327, 240, 430]
[-327, 240, 429]
[-327, 240, 427]
[-327, 241, 426]
[-327, 241, 425]
[-327, 241, 424]
[-327, 242, 422]
[-327, 242, 421]
[-327, 242, 420]
[-327, 243, 419]
[-327, 243, 417]
[-327, 243, 416]
[-327, 244, 415]
[-327, 244, 414]
[-327, 244, 412]
[-327, 245, 411]
[-327, 245, 410]
[-327, 245, 409]
[-328, 246, 407]
[-328, 246, 406]
[-328, 246, 405]
[-328, 246, 403]
[-328, 247, 402]
[-328, 247, 401]
[-328, 247, 400]
[-328, 247, 398]
[-328, 248, 397]
[-328, 248, 396]
[-328, 248, 394]
[-328, 248, 393]
[-328, 249, 392]
[-328, 249, 391]
[-328, 249, 389]
[-329, 249, 388]
[-329, 249, 387]
[-329, 250, 385]
[-329, 250, 384]
[-329, 250, 383]
[-329, 250, 382]
[-329, 250, 380]
[-329, 250, 379]
[-329, 251, 378]
[-329, 251, 376]
[-329, 251, 375]
[-329, 251, 374]
[-329, 251, 372]
[-329, 251, 371]
[-330, 251, 370]
[-330, 251, 369]
[-330, 251, 367]
[-330, 252, 366]
[-330, 252, 365]
[-330, 252, 363]
[-330, 252, 362]
[-330, 252, 361]
[-330, 252, 360]
[-330, 252, 358]
[-330, 252, 357]
[-330, 252, 356]
[-330, 252, 355]
[-330, 252, 353]
[-330, 252, 352]
