# Curve Parameters
# y_end: 222
# loops: 1
# A (south bulge): 120
# B (lateral wiggle): 30
# samples: 350
#
# Analysis Results
# max_grade: 0.828670
# length_3d: 354.51
# length_2d: 326.08
# min_horiz_step: 0.210616
# status: OK
#
# Coordinates (x, y, z)
#==================================================

[-199, 98, 410]
[-199, 98, 411]
[-199, 98, 412]
[-199, 98, 413]
[-199, 98, 414]
[-199, 98, 415]
[-199, 98, 416]
[-199, 98, 417]
[-199, 98, 419]
[-199, 98, 420]
[-199, 98, 421]
[-199, 98, 422]
[-199, 98, 423]
[-199, 99, 424]
[-199, 99, 425]
[-200, 99, 426]
[-200, 99, 427]
[-200, 99, 428]
[-200, 99, 429]
[-200, 99, 430]
[-200, 99, 431]
[-200, 99, 432]
[-200, 99, 433]
[-200, 100, 434]
[-200, 100, 435]
[-200, 100, 436]
[-200, 100, 437]
[-200, 100, 438]
[-200, 100, 439]
[-201, 100, 440]
[-201, 101, 441]
[-201, 101, 442]
[-201, 101, 443]
[-201, 101, 444]
[-201, 101, 445]
[-201, 101, 446]
[-201, 102, 446]
[-201, 102, 447]
[-201, 102, 448]
[-201, 102, 449]
[-201, 103, 450]
[-201, 103, 451]
[-201, 103, 452]
[-201, 103, 453]
[-202, 103, 454]
[-202, 104, 455]
[-202, 104, 456]
[-202, 104, 456]
[-202, 104, 457]
[-202, 105, 458]
[-202, 105, 459]
[-202, 105, 460]
[-202, 105, 461]
[-202, 106, 461]
[-202, 106, 462]
[-202, 106, 463]
[-202, 107, 464]
[-202, 107, 465]
[-202, 107, 466]
[-202, 107, 466]
[-202, 108, 467]
[-202, 108, 468]
[-202, 108, 469]
[-202, 109, 469]
[-202, 109, 470]
[-203, 109, 471]
[-203, 110, 472]
[-203, 110, 472]
[-203, 110, 473]
[-203, 111, 474]
[-203, 111, 475]
[-203, 111, 475]
[-203, 112, 476]
[-203, 112, 477]
[-203, 112, 477]
[-203, 113, 478]
[-203, 113, 479]
[-203, 113, 479]
[-203, 114, 480]
[-203, 114, 481]
[-204, 115, 481]
[-204, 115, 482]
[-204, 115, 483]
[-204, 116, 483]
[-204, 116, 484]
[-204, 116, 484]
[-204, 117, 485]
[-204, 117, 486]
[-205, 118, 486]
[-205, 118, 487]
[-205, 118, 487]
[-205, 119, 488]
[-205, 119, 488]
[-205, 120, 489]
[-206, 120, 489]
[-206, 121, 490]
[-206, 121, 491]
[-206, 121, 491]
[-207, 122, 492]
[-207, 122, 492]
[-207, 123, 492]
[-207, 123, 493]
[-208, 124, 493]
[-208, 124, 494]
[-208, 124, 494]
[-209, 125, 495]
[-209, 125, 495]
[-209, 126, 496]
[-210, 126, 496]
[-210, 127, 496]
[-211, 127, 497]
[-211, 128, 497]
[-211, 128, 497]
[-212, 129, 498]
[-212, 129, 498]
[-213, 130, 498]
[-213, 130, 499]
[-214, 130, 499]
[-214, 131, 499]
[-215, 131, 500]
[-215, 132, 500]
[-216, 132, 500]
[-217, 133, 501]
[-217, 133, 501]
[-218, 134, 501]
[-218, 134, 501]
[-219, 135, 502]
[-220, 135, 502]
[-220, 136, 502]
[-221, 136, 502]
[-222, 137, 502]
[-222, 137, 503]
[-223, 138, 503]
[-224, 138, 503]
[-225, 139, 503]
[-225, 139, 503]
[-226, 140, 503]
[-227, 140, 503]
[-228, 141, 504]
[-229, 141, 504]
[-230, 142, 504]
[-230, 142, 504]
[-231, 143, 504]
[-232, 143, 504]
[-233, 144, 504]
[-234, 144, 504]
[-235, 145, 504]
[-236, 145, 504]
[-237, 146, 504]
[-238, 147, 504]
[-239, 147, 504]
[-240, 148, 504]
[-241, 148, 504]
[-242, 149, 504]
[-243, 149, 504]
[-244, 150, 504]
[-245, 150, 504]
[-246, 151, 504]
[-247, 151, 504]
[-248, 152, 504]
[-249, 152, 504]
[-250, 153, 503]
[-251, 153, 503]
[-252, 154, 503]
[-253, 154, 503]
[-254, 155, 503]
[-255, 155, 503]
[-256, 156, 503]
[-257, 157, 502]
[-258, 157, 502]
[-260, 158, 502]
[-261, 158, 502]
[-262, 159, 502]
[-263, 159, 501]
[-264, 160, 501]
[-265, 160, 501]
[-266, 161, 501]
[-267, 161, 500]
[-268, 162, 500]
[-269, 162, 500]
[-271, 163, 499]
[-272, 163, 499]
[-273, 164, 499]
[-274, 165, 499]
[-275, 165, 498]
[-276, 166, 498]
[-277, 166, 497]
[-278, 167, 497]
[-279, 167, 497]
[-280, 168, 496]
[-281, 168, 496]
[-282, 169, 496]
[-283, 169, 495]
[-284, 170, 495]
[-285, 170, 494]
[-286, 171, 494]
[-287, 171, 493]
[-288, 172, 493]
[-289, 172, 493]
[-290, 173, 492]
[-291, 173, 492]
[-292, 174, 491]
[-293, 175, 491]
[-294, 175, 490]
[-295, 176, 490]
[-296, 176, 489]
[-297, 177, 488]
[-298, 177, 488]
[-299, 178, 487]
[-299, 178, 487]
[-300, 179, 486]
[-301, 179, 486]
[-302, 180, 485]
[-303, 180, 484]
[-304, 181, 484]
[-304, 181, 483]
[-305, 182, 483]
[-306, 182, 482]
[-307, 183, 481]
[-307, 183, 481]
[-308, 184, 480]
[-309, 184, 479]
[-309, 185, 479]
[-310, 185, 478]
[-311, 186, 477]
[-311, 186, 477]
[-312, 187, 476]
[-312, 187, 475]
[-313, 188, 474]
[-314, 188, 474]
[-314, 189, 473]
[-315, 189, 472]
[-315, 190, 471]
[-316, 190, 471]
[-316, 190, 470]
[-317, 191, 469]
[-317, 191, 468]
[-318, 192, 468]
[-318, 192, 467]
[-318, 193, 466]
[-319, 193, 465]
[-319, 194, 464]
[-320, 194, 464]
[-320, 195, 463]
[-320, 195, 462]
[-321, 196, 461]
[-321, 196, 460]
[-321, 196, 459]
[-322, 197, 458]
[-322, 197, 458]
[-322, 198, 457]
[-322, 198, 456]
[-323, 199, 455]
[-323, 199, 454]
[-323, 199, 453]
[-323, 200, 452]
[-324, 200, 451]
[-324, 201, 450]
[-324, 201, 449]
[-324, 202, 449]
[-324, 202, 448]
[-324, 202, 447]
[-325, 203, 446]
[-325, 203, 445]
[-325, 204, 444]
[-325, 204, 443]
[-325, 204, 442]
[-325, 205, 441]
[-325, 205, 440]
[-325, 205, 439]
[-326, 206, 438]
[-326, 206, 437]
[-326, 207, 436]
[-326, 207, 435]
[-326, 207, 434]
[-326, 208, 433]
[-326, 208, 432]
[-326, 208, 431]
[-326, 209, 430]
[-326, 209, 429]
[-326, 209, 428]
[-326, 210, 427]
[-326, 210, 426]
[-326, 210, 425]
[-326, 211, 424]
[-327, 211, 423]
[-327, 211, 421]
[-327, 212, 420]
[-327, 212, 419]
[-327, 212, 418]
[-327, 213, 417]
[-327, 213, 416]
[-327, 213, 415]
[-327, 213, 414]
[-327, 214, 413]
[-327, 214, 412]
[-327, 214, 411]
[-327, 215, 410]
[-327, 215, 409]
[-327, 215, 407]
[-327, 215, 406]
[-327, 216, 405]
[-327, 216, 404]
[-327, 216, 403]
[-327, 216, 402]
[-327, 217, 401]
[-328, 217, 400]
[-328, 217, 399]
[-328, 217, 398]
[-328, 217, 396]
[-328, 218, 395]
[-328, 218, 394]
[-328, 218, 393]
[-328, 218, 392]
[-328, 219, 391]
[-328, 219, 390]
[-328, 219, 389]
[-328, 219, 387]
[-328, 219, 386]
[-328, 219, 385]
[-328, 220, 384]
[-329, 220, 383]
[-329, 220, 382]
[-329, 220, 381]
[-329, 220, 380]
[-329, 220, 379]
[-329, 220, 377]
[-329, 221, 376]
[-329, 221, 375]
[-329, 221, 374]
[-329, 221, 373]
[-329, 221, 372]
[-329, 221, 371]
[-329, 221, 370]
[-329, 221, 368]
[-330, 221, 367]
[-330, 221, 366]
[-330, 222, 365]
[-330, 222, 364]
[-330, 222, 363]
[-330, 222, 362]
[-330, 222, 361]
[-330, 222, 360]
[-330, 222, 359]
[-330, 222, 357]
[-330, 222, 356]
[-330, 222, 355]
[-330, 222, 354]
[-330, 222, 353]
[-330, 222, 352]
