# Curve Parameters
# y_end: 224
# loops: 1
# A (south bulge): 140
# B (lateral wiggle): 20
# samples: 350
#
# Analysis Results
# max_grade: 0.747849
# length_3d: 381.04
# length_2d: 352.40
# min_horiz_step: 0.249812
# status: OK
#
# Coordinates (x, y, z)
#==================================================

[-199, 98, 410]
[-199, 98, 411]
[-199, 98, 413]
[-199, 98, 414]
[-199, 98, 415]
[-199, 98, 416]
[-199, 98, 418]
[-199, 98, 419]
[-199, 98, 420]
[-199, 98, 421]
[-199, 98, 422]
[-199, 98, 424]
[-199, 98, 425]
[-199, 99, 426]
[-200, 99, 427]
[-200, 99, 429]
[-200, 99, 430]
[-200, 99, 431]
[-200, 99, 432]
[-200, 99, 433]
[-200, 99, 435]
[-200, 99, 436]
[-200, 99, 437]
[-200, 100, 438]
[-200, 100, 439]
[-200, 100, 440]
[-201, 100, 442]
[-201, 100, 443]
[-201, 100, 444]
[-201, 100, 445]
[-201, 101, 446]
[-201, 101, 447]
[-201, 101, 448]
[-201, 101, 450]
[-201, 101, 451]
[-202, 102, 452]
[-202, 102, 453]
[-202, 102, 454]
[-202, 102, 455]
[-202, 102, 456]
[-202, 103, 457]
[-202, 103, 458]
[-202, 103, 459]
[-202, 103, 460]
[-203, 104, 461]
[-203, 104, 463]
[-203, 104, 464]
[-203, 104, 465]
[-203, 104, 466]
[-203, 105, 467]
[-203, 105, 468]
[-203, 105, 469]
[-204, 106, 470]
[-204, 106, 471]
[-204, 106, 472]
[-204, 106, 473]
[-204, 107, 474]
[-204, 107, 475]
[-204, 107, 476]
[-204, 108, 476]
[-205, 108, 477]
[-205, 108, 478]
[-205, 109, 479]
[-205, 109, 480]
[-205, 109, 481]
[-205, 109, 482]
[-205, 110, 483]
[-206, 110, 484]
[-206, 110, 485]
[-206, 111, 486]
[-206, 111, 486]
[-206, 112, 487]
[-206, 112, 488]
[-207, 112, 489]
[-207, 113, 490]
[-207, 113, 491]
[-207, 113, 491]
[-207, 114, 492]
[-207, 114, 493]
[-208, 114, 494]
[-208, 115, 495]
[-208, 115, 495]
[-208, 116, 496]
[-208, 116, 497]
[-209, 116, 498]
[-209, 117, 498]
[-209, 117, 499]
[-209, 118, 500]
[-210, 118, 500]
[-210, 118, 501]
[-210, 119, 502]
[-210, 119, 503]
[-211, 120, 503]
[-211, 120, 504]
[-211, 120, 504]
[-212, 121, 505]
[-212, 121, 506]
[-212, 122, 506]
[-212, 122, 507]
[-213, 123, 508]
[-213, 123, 508]
[-213, 124, 509]
[-214, 124, 509]
[-214, 124, 510]
[-215, 125, 510]
[-215, 125, 511]
[-215, 126, 511]
[-216, 126, 512]
[-216, 127, 512]
[-217, 127, 513]
[-217, 128, 513]
[-217, 128, 514]
[-218, 129, 514]
[-218, 129, 515]
[-219, 130, 515]
[-219, 130, 516]
[-220, 131, 516]
[-220, 131, 516]
[-221, 131, 517]
[-221, 132, 517]
[-222, 132, 518]
[-222, 133, 518]
[-223, 133, 518]
[-224, 134, 519]
[-224, 134, 519]
[-225, 135, 519]
[-225, 135, 520]
[-226, 136, 520]
[-227, 136, 520]
[-227, 137, 521]
[-228, 137, 521]
[-228, 138, 521]
[-229, 138, 521]
[-230, 139, 521]
[-230, 139, 522]
[-231, 140, 522]
[-232, 140, 522]
[-233, 141, 522]
[-233, 142, 522]
[-234, 142, 523]
[-235, 143, 523]
[-236, 143, 523]
[-236, 144, 523]
[-237, 144, 523]
[-238, 145, 523]
[-239, 145, 523]
[-239, 146, 523]
[-240, 146, 524]
[-241, 147, 524]
[-242, 147, 524]
[-243, 148, 524]
[-243, 148, 524]
[-244, 149, 524]
[-245, 149, 524]
[-246, 150, 524]
[-247, 150, 524]
[-248, 151, 524]
[-249, 152, 524]
[-250, 152, 524]
[-250, 153, 523]
[-251, 153, 523]
[-252, 154, 523]
[-253, 154, 523]
[-254, 155, 523]
[-255, 155, 523]
[-256, 156, 523]
[-257, 156, 523]
[-258, 157, 523]
[-259, 157, 522]
[-259, 158, 522]
[-260, 159, 522]
[-261, 159, 522]
[-262, 160, 522]
[-263, 160, 521]
[-264, 161, 521]
[-265, 161, 521]
[-266, 162, 521]
[-267, 162, 520]
[-268, 163, 520]
[-269, 163, 520]
[-270, 164, 519]
[-270, 165, 519]
[-271, 165, 519]
[-272, 166, 518]
[-273, 166, 518]
[-274, 167, 518]
[-275, 167, 517]
[-276, 168, 517]
[-277, 168, 517]
[-278, 169, 516]
[-279, 169, 516]
[-279, 170, 515]
[-280, 170, 515]
[-281, 171, 514]
[-282, 172, 514]
[-283, 172, 514]
[-284, 173, 513]
[-285, 173, 513]
[-286, 174, 512]
[-286, 174, 512]
[-287, 175, 511]
[-288, 175, 510]
[-289, 176, 510]
[-290, 176, 509]
[-290, 177, 509]
[-291, 177, 508]
[-292, 178, 508]
[-293, 178, 507]
[-293, 179, 506]
[-294, 179, 506]
[-295, 180, 505]
[-296, 180, 505]
[-296, 181, 504]
[-297, 182, 503]
[-298, 182, 503]
[-299, 183, 502]
[-299, 183, 501]
[-300, 184, 500]
[-301, 184, 500]
[-301, 185, 499]
[-302, 185, 498]
[-302, 186, 498]
[-303, 186, 497]
[-304, 187, 496]
[-304, 187, 495]
[-305, 188, 495]
[-305, 188, 494]
[-306, 189, 493]
[-307, 189, 492]
[-307, 190, 491]
[-308, 190, 491]
[-308, 191, 490]
[-309, 191, 489]
[-309, 191, 488]
[-310, 192, 487]
[-310, 192, 486]
[-311, 193, 485]
[-311, 193, 485]
[-312, 194, 484]
[-312, 194, 483]
[-312, 195, 482]
[-313, 195, 481]
[-313, 196, 480]
[-314, 196, 479]
[-314, 197, 478]
[-314, 197, 477]
[-315, 198, 476]
[-315, 198, 475]
[-316, 198, 474]
[-316, 199, 473]
[-316, 199, 472]
[-317, 200, 471]
[-317, 200, 470]
[-317, 201, 469]
[-317, 201, 468]
[-318, 202, 467]
[-318, 202, 466]
[-318, 202, 465]
[-319, 203, 464]
[-319, 203, 463]
[-319, 204, 462]
[-319, 204, 461]
[-320, 204, 460]
[-320, 205, 459]
[-320, 205, 458]
[-320, 206, 457]
[-321, 206, 455]
[-321, 206, 454]
[-321, 207, 453]
[-321, 207, 452]
[-321, 208, 451]
[-322, 208, 450]
[-322, 208, 449]
[-322, 209, 448]
[-322, 209, 446]
[-322, 209, 445]
[-322, 210, 444]
[-323, 210, 443]
[-323, 210, 442]
[-323, 211, 441]
[-323, 211, 439]
[-323, 212, 438]
[-323, 212, 437]
[-324, 212, 436]
[-324, 213, 435]
[-324, 213, 433]
[-324, 213, 432]
[-324, 213, 431]
[-324, 214, 430]
[-324, 214, 429]
[-325, 214, 427]
[-325, 215, 426]
[-325, 215, 425]
[-325, 215, 424]
[-325, 216, 422]
[-325, 216, 421]
[-325, 216, 420]
[-325, 216, 419]
[-326, 217, 417]
[-326, 217, 416]
[-326, 217, 415]
[-326, 218, 414]
[-326, 218, 412]
[-326, 218, 411]
[-326, 218, 410]
[-326, 218, 409]
[-327, 219, 407]
[-327, 219, 406]
[-327, 219, 405]
[-327, 219, 403]
[-327, 220, 402]
[-327, 220, 401]
[-327, 220, 400]
[-327, 220, 398]
[-327, 220, 397]
[-328, 221, 396]
[-328, 221, 394]
[-328, 221, 393]
[-328, 221, 392]
[-328, 221, 391]
[-328, 222, 389]
[-328, 222, 388]
[-328, 222, 387]
[-328, 222, 385]
[-329, 222, 384]
[-329, 222, 383]
[-329, 222, 382]
[-329, 223, 380]
[-329, 223, 379]
[-329, 223, 378]
[-329, 223, 376]
[-329, 223, 375]
[-329, 223, 374]
[-329, 223, 372]
[-329, 223, 371]
[-329, 223, 370]
[-330, 223, 369]
[-330, 224, 367]
[-330, 224, 366]
[-330, 224, 365]
[-330, 224, 363]
[-330, 224, 362]
[-330, 224, 361]
[-330, 224, 360]
[-330, 224, 358]
[-330, 224, 357]
[-330, 224, 356]
[-330, 224, 355]
[-330, 224, 353]
[-330, 224, 352]
