# Curve Parameters
# y_end: 224
# loops: 1
# A (south bulge): 120
# B (lateral wiggle): 20
# samples: 350
#
# Analysis Results
# max_grade: 0.814605
# length_3d: 346.95
# length_2d: 316.42
# min_horiz_step: 0.222167
# status: OK
#
# Coordinates (x, y, z)
#==================================================

[-199, 98, 410]
[-199, 98, 411]
[-199, 98, 412]
[-199, 98, 413]
[-199, 98, 414]
[-199, 98, 415]
[-199, 98, 416]
[-199, 98, 417]
[-199, 98, 419]
[-199, 98, 420]
[-199, 98, 421]
[-199, 98, 422]
[-199, 98, 423]
[-199, 99, 424]
[-200, 99, 425]
[-200, 99, 426]
[-200, 99, 427]
[-200, 99, 428]
[-200, 99, 429]
[-200, 99, 430]
[-200, 99, 431]
[-200, 99, 432]
[-200, 99, 433]
[-200, 100, 434]
[-200, 100, 435]
[-200, 100, 436]
[-201, 100, 437]
[-201, 100, 438]
[-201, 100, 439]
[-201, 100, 440]
[-201, 101, 441]
[-201, 101, 442]
[-201, 101, 443]
[-201, 101, 444]
[-201, 101, 445]
[-202, 102, 446]
[-202, 102, 446]
[-202, 102, 447]
[-202, 102, 448]
[-202, 102, 449]
[-202, 103, 450]
[-202, 103, 451]
[-202, 103, 452]
[-202, 103, 453]
[-203, 104, 454]
[-203, 104, 455]
[-203, 104, 456]
[-203, 104, 456]
[-203, 104, 457]
[-203, 105, 458]
[-203, 105, 459]
[-203, 105, 460]
[-204, 106, 461]
[-204, 106, 461]
[-204, 106, 462]
[-204, 106, 463]
[-204, 107, 464]
[-204, 107, 465]
[-204, 107, 466]
[-204, 108, 466]
[-205, 108, 467]
[-205, 108, 468]
[-205, 109, 469]
[-205, 109, 469]
[-205, 109, 470]
[-205, 109, 471]
[-205, 110, 472]
[-206, 110, 472]
[-206, 110, 473]
[-206, 111, 474]
[-206, 111, 475]
[-206, 112, 475]
[-206, 112, 476]
[-207, 112, 477]
[-207, 113, 477]
[-207, 113, 478]
[-207, 113, 479]
[-207, 114, 479]
[-207, 114, 480]
[-208, 114, 481]
[-208, 115, 481]
[-208, 115, 482]
[-208, 116, 483]
[-208, 116, 483]
[-209, 116, 484]
[-209, 117, 484]
[-209, 117, 485]
[-209, 118, 486]
[-210, 118, 486]
[-210, 118, 487]
[-210, 119, 487]
[-210, 119, 488]
[-211, 120, 488]
[-211, 120, 489]
[-211, 120, 489]
[-212, 121, 490]
[-212, 121, 491]
[-212, 122, 491]
[-212, 122, 492]
[-213, 123, 492]
[-213, 123, 492]
[-213, 124, 493]
[-214, 124, 493]
[-214, 124, 494]
[-215, 125, 494]
[-215, 125, 495]
[-215, 126, 495]
[-216, 126, 496]
[-216, 127, 496]
[-217, 127, 496]
[-217, 128, 497]
[-217, 128, 497]
[-218, 129, 497]
[-218, 129, 498]
[-219, 130, 498]
[-219, 130, 498]
[-220, 131, 499]
[-220, 131, 499]
[-221, 131, 499]
[-221, 132, 500]
[-222, 132, 500]
[-222, 133, 500]
[-223, 133, 501]
[-224, 134, 501]
[-224, 134, 501]
[-225, 135, 501]
[-225, 135, 502]
[-226, 136, 502]
[-227, 136, 502]
[-227, 137, 502]
[-228, 137, 502]
[-228, 138, 503]
[-229, 138, 503]
[-230, 139, 503]
[-230, 139, 503]
[-231, 140, 503]
[-232, 140, 503]
[-233, 141, 503]
[-233, 142, 504]
[-234, 142, 504]
[-235, 143, 504]
[-236, 143, 504]
[-236, 144, 504]
[-237, 144, 504]
[-238, 145, 504]
[-239, 145, 504]
[-239, 146, 504]
[-240, 146, 504]
[-241, 147, 504]
[-242, 147, 504]
[-243, 148, 504]
[-243, 148, 504]
[-244, 149, 504]
[-245, 149, 504]
[-246, 150, 504]
[-247, 150, 504]
[-248, 151, 504]
[-249, 152, 504]
[-250, 152, 504]
[-250, 153, 504]
[-251, 153, 504]
[-252, 154, 503]
[-253, 154, 503]
[-254, 155, 503]
[-255, 155, 503]
[-256, 156, 503]
[-257, 156, 503]
[-258, 157, 503]
[-259, 157, 502]
[-259, 158, 502]
[-260, 159, 502]
[-261, 159, 502]
[-262, 160, 502]
[-263, 160, 501]
[-264, 161, 501]
[-265, 161, 501]
[-266, 162, 501]
[-267, 162, 500]
[-268, 163, 500]
[-269, 163, 500]
[-270, 164, 499]
[-270, 165, 499]
[-271, 165, 499]
[-272, 166, 499]
[-273, 166, 498]
[-274, 167, 498]
[-275, 167, 497]
[-276, 168, 497]
[-277, 168, 497]
[-278, 169, 496]
[-279, 169, 496]
[-279, 170, 496]
[-280, 170, 495]
[-281, 171, 495]
[-282, 172, 494]
[-283, 172, 494]
[-284, 173, 493]
[-285, 173, 493]
[-286, 174, 493]
[-286, 174, 492]
[-287, 175, 492]
[-288, 175, 491]
[-289, 176, 491]
[-290, 176, 490]
[-290, 177, 490]
[-291, 177, 489]
[-292, 178, 488]
[-293, 178, 488]
[-293, 179, 487]
[-294, 179, 487]
[-295, 180, 486]
[-296, 180, 486]
[-296, 181, 485]
[-297, 182, 484]
[-298, 182, 484]
[-299, 183, 483]
[-299, 183, 483]
[-300, 184, 482]
[-301, 184, 481]
[-301, 185, 481]
[-302, 185, 480]
[-302, 186, 479]
[-303, 186, 479]
[-304, 187, 478]
[-304, 187, 477]
[-305, 188, 477]
[-305, 188, 476]
[-306, 189, 475]
[-307, 189, 474]
[-307, 190, 474]
[-308, 190, 473]
[-308, 191, 472]
[-309, 191, 471]
[-309, 191, 471]
[-310, 192, 470]
[-310, 192, 469]
[-311, 193, 468]
[-311, 193, 468]
[-312, 194, 467]
[-312, 194, 466]
[-312, 195, 465]
[-313, 195, 464]
[-313, 196, 464]
[-314, 196, 463]
[-314, 197, 462]
[-314, 197, 461]
[-315, 198, 460]
[-315, 198, 459]
[-316, 198, 458]
[-316, 199, 458]
[-316, 199, 457]
[-317, 200, 456]
[-317, 200, 455]
[-317, 201, 454]
[-317, 201, 453]
[-318, 202, 452]
[-318, 202, 451]
[-318, 202, 450]
[-319, 203, 449]
[-319, 203, 449]
[-319, 204, 448]
[-319, 204, 447]
[-320, 204, 446]
[-320, 205, 445]
[-320, 205, 444]
[-320, 206, 443]
[-321, 206, 442]
[-321, 206, 441]
[-321, 207, 440]
[-321, 207, 439]
[-321, 208, 438]
[-322, 208, 437]
[-322, 208, 436]
[-322, 209, 435]
[-322, 209, 434]
[-322, 209, 433]
[-322, 210, 432]
[-323, 210, 431]
[-323, 210, 430]
[-323, 211, 429]
[-323, 211, 428]
[-323, 212, 427]
[-323, 212, 426]
[-324, 212, 425]
[-324, 213, 424]
[-324, 213, 423]
[-324, 213, 421]
[-324, 213, 420]
[-324, 214, 419]
[-324, 214, 418]
[-325, 214, 417]
[-325, 215, 416]
[-325, 215, 415]
[-325, 215, 414]
[-325, 216, 413]
[-325, 216, 412]
[-325, 216, 411]
[-325, 216, 410]
[-326, 217, 409]
[-326, 217, 407]
[-326, 217, 406]
[-326, 218, 405]
[-326, 218, 404]
[-326, 218, 403]
[-326, 218, 402]
[-326, 218, 401]
[-327, 219, 400]
[-327, 219, 399]
[-327, 219, 398]
[-327, 219, 396]
[-327, 220, 395]
[-327, 220, 394]
[-327, 220, 393]
[-327, 220, 392]
[-327, 220, 391]
[-328, 221, 390]
[-328, 221, 389]
[-328, 221, 387]
[-328, 221, 386]
[-328, 221, 385]
[-328, 222, 384]
[-328, 222, 383]
[-328, 222, 382]
[-328, 222, 381]
[-329, 222, 380]
[-329, 222, 379]
[-329, 222, 377]
[-329, 223, 376]
[-329, 223, 375]
[-329, 223, 374]
[-329, 223, 373]
[-329, 223, 372]
[-329, 223, 371]
[-329, 223, 370]
[-329, 223, 368]
[-329, 223, 367]
[-330, 223, 366]
[-330, 224, 365]
[-330, 224, 364]
[-330, 224, 363]
[-330, 224, 362]
[-330, 224, 361]
[-330, 224, 360]
[-330, 224, 359]
[-330, 224, 357]
[-330, 224, 356]
[-330, 224, 355]
[-330, 224, 354]
[-330, 224, 353]
[-330, 224, 352]
