# Curve Parameters
# y_end: 228
# loops: 2
# A (south bulge): 100
# B (lateral wiggle): 0
# samples: 350
#
# Analysis Results
# max_grade: 0.992366
# length_3d: 305.01
# length_2d: 266.83
# min_horiz_step: 0.209356
# status: OK
#
# Coordinates (x, y, z)
#==================================================

[-199, 98, 410]
[-199, 98, 411]
[-199, 98, 412]
[-199, 98, 413]
[-199, 98, 414]
[-199, 98, 414]
[-199, 98, 415]
[-199, 98, 416]
[-199, 98, 417]
[-199, 98, 418]
[-199, 98, 419]
[-199, 98, 420]
[-199, 98, 421]
[-200, 99, 421]
[-200, 99, 422]
[-200, 99, 423]
[-200, 99, 424]
[-200, 99, 425]
[-200, 99, 426]
[-200, 99, 427]
[-200, 99, 427]
[-200, 99, 428]
[-200, 99, 429]
[-201, 100, 430]
[-201, 100, 431]
[-201, 100, 431]
[-201, 100, 432]
[-201, 100, 433]
[-201, 100, 434]
[-202, 101, 435]
[-202, 101, 435]
[-202, 101, 436]
[-202, 101, 437]
[-202, 101, 438]
[-202, 101, 439]
[-203, 102, 439]
[-203, 102, 440]
[-203, 102, 441]
[-203, 102, 442]
[-204, 103, 442]
[-204, 103, 443]
[-204, 103, 444]
[-204, 103, 445]
[-204, 103, 445]
[-205, 104, 446]
[-205, 104, 447]
[-205, 104, 447]
[-205, 104, 448]
[-206, 105, 449]
[-206, 105, 450]
[-206, 105, 450]
[-207, 106, 451]
[-207, 106, 452]
[-207, 106, 452]
[-207, 106, 453]
[-208, 107, 454]
[-208, 107, 454]
[-208, 107, 455]
[-209, 108, 456]
[-209, 108, 456]
[-209, 108, 457]
[-210, 109, 457]
[-210, 109, 458]
[-210, 109, 459]
[-211, 110, 459]
[-211, 110, 460]
[-211, 110, 461]
[-212, 111, 461]
[-212, 111, 462]
[-212, 111, 462]
[-213, 112, 463]
[-213, 112, 463]
[-213, 112, 464]
[-214, 113, 465]
[-214, 113, 465]
[-215, 113, 466]
[-215, 114, 466]
[-215, 114, 467]
[-216, 115, 467]
[-216, 115, 468]
[-216, 115, 468]
[-217, 116, 469]
[-217, 116, 469]
[-218, 117, 470]
[-218, 117, 470]
[-219, 117, 471]
[-219, 118, 471]
[-219, 118, 472]
[-220, 119, 472]
[-220, 119, 472]
[-221, 119, 473]
[-221, 120, 473]
[-222, 120, 474]
[-222, 121, 474]
[-222, 121, 475]
[-223, 122, 475]
[-223, 122, 475]
[-224, 123, 476]
[-224, 123, 476]
[-225, 123, 476]
[-225, 124, 477]
[-226, 124, 477]
[-226, 125, 477]
[-226, 125, 478]
[-227, 126, 478]
[-227, 126, 478]
[-228, 127, 479]
[-228, 127, 479]
[-229, 128, 479]
[-229, 128, 480]
[-230, 129, 480]
[-230, 129, 480]
[-231, 130, 481]
[-231, 130, 481]
[-232, 131, 481]
[-232, 131, 481]
[-233, 132, 481]
[-233, 132, 482]
[-234, 133, 482]
[-234, 133, 482]
[-235, 134, 482]
[-235, 134, 483]
[-236, 135, 483]
[-236, 135, 483]
[-237, 136, 483]
[-237, 136, 483]
[-238, 137, 483]
[-238, 137, 484]
[-239, 138, 484]
[-239, 138, 484]
[-240, 139, 484]
[-241, 139, 484]
[-241, 140, 484]
[-242, 140, 484]
[-242, 141, 484]
[-243, 141, 484]
[-243, 142, 484]
[-244, 142, 485]
[-244, 143, 485]
[-245, 143, 485]
[-245, 144, 485]
[-246, 145, 485]
[-246, 145, 485]
[-247, 146, 485]
[-248, 146, 485]
[-248, 147, 485]
[-249, 147, 485]
[-249, 148, 485]
[-250, 148, 485]
[-250, 149, 485]
[-251, 149, 485]
[-251, 150, 485]
[-252, 150, 485]
[-252, 151, 484]
[-253, 152, 484]
[-254, 152, 484]
[-254, 153, 484]
[-255, 153, 484]
[-255, 154, 484]
[-256, 154, 484]
[-256, 155, 484]
[-257, 155, 484]
[-257, 156, 483]
[-258, 157, 483]
[-259, 157, 483]
[-259, 158, 483]
[-260, 158, 483]
[-260, 159, 483]
[-261, 159, 482]
[-261, 160, 482]
[-262, 160, 482]
[-263, 161, 482]
[-263, 162, 482]
[-264, 162, 481]
[-264, 163, 481]
[-265, 163, 481]
[-265, 164, 481]
[-266, 164, 480]
[-266, 165, 480]
[-267, 166, 480]
[-268, 166, 480]
[-268, 167, 479]
[-269, 167, 479]
[-269, 168, 479]
[-270, 168, 478]
[-270, 169, 478]
[-271, 169, 478]
[-272, 170, 477]
[-272, 171, 477]
[-273, 171, 477]
[-273, 172, 476]
[-274, 172, 476]
[-274, 173, 475]
[-275, 173, 475]
[-275, 174, 475]
[-276, 174, 474]
[-277, 175, 474]
[-277, 176, 473]
[-278, 176, 473]
[-278, 177, 473]
[-279, 177, 472]
[-279, 178, 472]
[-280, 178, 471]
[-280, 179, 471]
[-281, 179, 470]
[-281, 180, 470]
[-282, 180, 469]
[-283, 181, 469]
[-283, 181, 468]
[-284, 182, 468]
[-284, 183, 467]
[-285, 183, 467]
[-285, 184, 466]
[-286, 184, 466]
[-286, 185, 465]
[-287, 185, 465]
[-287, 186, 464]
[-288, 186, 463]
[-288, 187, 463]
[-289, 187, 462]
[-290, 188, 462]
[-290, 188, 461]
[-291, 189, 460]
[-291, 189, 460]
[-292, 190, 459]
[-292, 190, 459]
[-293, 191, 458]
[-293, 191, 457]
[-294, 192, 457]
[-294, 192, 456]
[-295, 193, 455]
[-295, 193, 455]
[-296, 194, 454]
[-296, 194, 453]
[-297, 195, 453]
[-297, 195, 452]
[-298, 196, 451]
[-298, 196, 451]
[-299, 197, 450]
[-299, 197, 449]
[-300, 198, 449]
[-300, 198, 448]
[-301, 199, 447]
[-301, 199, 446]
[-302, 200, 446]
[-302, 200, 445]
[-303, 201, 444]
[-303, 201, 443]
[-303, 202, 443]
[-304, 202, 442]
[-304, 203, 441]
[-305, 203, 440]
[-305, 203, 440]
[-306, 204, 439]
[-306, 204, 438]
[-307, 205, 437]
[-307, 205, 436]
[-307, 206, 436]
[-308, 206, 435]
[-308, 207, 434]
[-309, 207, 433]
[-309, 207, 432]
[-310, 208, 432]
[-310, 208, 431]
[-310, 209, 430]
[-311, 209, 429]
[-311, 209, 428]
[-312, 210, 427]
[-312, 210, 427]
[-313, 211, 426]
[-313, 211, 425]
[-313, 211, 424]
[-314, 212, 423]
[-314, 212, 422]
[-314, 213, 421]
[-315, 213, 421]
[-315, 213, 420]
[-316, 214, 419]
[-316, 214, 418]
[-316, 214, 417]
[-317, 215, 416]
[-317, 215, 415]
[-317, 215, 414]
[-318, 216, 413]
[-318, 216, 413]
[-318, 216, 412]
[-319, 217, 411]
[-319, 217, 410]
[-319, 217, 409]
[-320, 218, 408]
[-320, 218, 407]
[-320, 218, 406]
[-321, 219, 405]
[-321, 219, 404]
[-321, 219, 403]
[-322, 220, 402]
[-322, 220, 402]
[-322, 220, 401]
[-322, 220, 400]
[-323, 221, 399]
[-323, 221, 398]
[-323, 221, 397]
[-324, 222, 396]
[-324, 222, 395]
[-324, 222, 394]
[-324, 222, 393]
[-325, 223, 392]
[-325, 223, 391]
[-325, 223, 390]
[-325, 223, 389]
[-325, 223, 388]
[-326, 224, 387]
[-326, 224, 387]
[-326, 224, 386]
[-326, 224, 385]
[-327, 225, 384]
[-327, 225, 383]
[-327, 225, 382]
[-327, 225, 381]
[-327, 225, 380]
[-327, 225, 379]
[-328, 226, 378]
[-328, 226, 377]
[-328, 226, 376]
[-328, 226, 375]
[-328, 226, 374]
[-328, 226, 373]
[-329, 227, 372]
[-329, 227, 371]
[-329, 227, 370]
[-329, 227, 370]
[-329, 227, 369]
[-329, 227, 368]
[-329, 227, 367]
[-329, 227, 366]
[-329, 227, 365]
[-329, 227, 364]
[-330, 228, 363]
[-330, 228, 362]
[-330, 228, 361]
[-330, 228, 360]
[-330, 228, 359]
[-330, 228, 358]
[-330, 228, 357]
[-330, 228, 357]
[-330, 228, 356]
[-330, 228, 355]
[-330, 228, 354]
[-330, 228, 353]
[-330, 228, 352]
