# Curve Parameters
# y_end: 256
# loops: 1
# A (south bulge): 140
# B (lateral wiggle): 10
# samples: 350
#
# Analysis Results
# max_grade: 0.994251
# length_3d: 389.46
# length_2d: 343.72
# min_horiz_step: 0.247671
# status: OK
#
# Coordinates (x, y, z)
#==================================================

[-199, 98, 410]
[-199, 98, 411]
[-199, 98, 413]
[-199, 98, 414]
[-199, 98, 415]
[-199, 98, 416]
[-199, 98, 418]
[-199, 98, 419]
[-199, 98, 420]
[-199, 98, 421]
[-199, 98, 422]
[-199, 98, 424]
[-199, 99, 425]
[-200, 99, 426]
[-200, 99, 427]
[-200, 99, 429]
[-200, 99, 430]
[-200, 99, 431]
[-200, 99, 432]
[-200, 99, 433]
[-200, 99, 435]
[-200, 100, 436]
[-200, 100, 437]
[-200, 100, 438]
[-201, 100, 439]
[-201, 100, 440]
[-201, 101, 442]
[-201, 101, 443]
[-201, 101, 444]
[-201, 101, 445]
[-201, 101, 446]
[-202, 102, 447]
[-202, 102, 448]
[-202, 102, 450]
[-202, 102, 451]
[-202, 102, 452]
[-202, 103, 453]
[-202, 103, 454]
[-203, 103, 455]
[-203, 103, 456]
[-203, 104, 457]
[-203, 104, 458]
[-203, 104, 459]
[-203, 105, 460]
[-204, 105, 461]
[-204, 105, 463]
[-204, 106, 464]
[-204, 106, 465]
[-204, 106, 466]
[-205, 106, 467]
[-205, 107, 468]
[-205, 107, 469]
[-205, 107, 470]
[-205, 108, 471]
[-206, 108, 472]
[-206, 109, 473]
[-206, 109, 474]
[-206, 109, 475]
[-207, 110, 476]
[-207, 110, 476]
[-207, 110, 477]
[-207, 111, 478]
[-207, 111, 479]
[-208, 112, 480]
[-208, 112, 481]
[-208, 112, 482]
[-208, 113, 483]
[-209, 113, 484]
[-209, 114, 485]
[-209, 114, 486]
[-209, 115, 486]
[-210, 115, 487]
[-210, 115, 488]
[-210, 116, 489]
[-210, 116, 490]
[-211, 117, 491]
[-211, 117, 491]
[-211, 118, 492]
[-212, 118, 493]
[-212, 119, 494]
[-212, 119, 495]
[-212, 120, 495]
[-213, 120, 496]
[-213, 121, 497]
[-213, 121, 498]
[-214, 122, 498]
[-214, 122, 499]
[-214, 123, 500]
[-215, 123, 500]
[-215, 124, 501]
[-215, 124, 502]
[-216, 125, 503]
[-216, 125, 503]
[-216, 126, 504]
[-217, 126, 504]
[-217, 127, 505]
[-218, 127, 506]
[-218, 128, 506]
[-218, 128, 507]
[-219, 129, 508]
[-219, 129, 508]
[-220, 130, 509]
[-220, 131, 509]
[-220, 131, 510]
[-221, 132, 510]
[-221, 132, 511]
[-222, 133, 511]
[-222, 133, 512]
[-223, 134, 512]
[-223, 135, 513]
[-223, 135, 513]
[-224, 136, 514]
[-224, 136, 514]
[-225, 137, 515]
[-225, 138, 515]
[-226, 138, 516]
[-226, 139, 516]
[-227, 139, 516]
[-227, 140, 517]
[-228, 141, 517]
[-228, 141, 518]
[-229, 142, 518]
[-229, 142, 518]
[-230, 143, 519]
[-230, 144, 519]
[-231, 144, 519]
[-232, 145, 520]
[-232, 146, 520]
[-233, 146, 520]
[-233, 147, 521]
[-234, 147, 521]
[-234, 148, 521]
[-235, 149, 521]
[-236, 149, 521]
[-236, 150, 522]
[-237, 151, 522]
[-238, 151, 522]
[-238, 152, 522]
[-239, 153, 522]
[-239, 153, 523]
[-240, 154, 523]
[-241, 155, 523]
[-241, 155, 523]
[-242, 156, 523]
[-243, 156, 523]
[-243, 157, 523]
[-244, 158, 523]
[-245, 158, 524]
[-245, 159, 524]
[-246, 160, 524]
[-247, 160, 524]
[-247, 161, 524]
[-248, 162, 524]
[-249, 162, 524]
[-250, 163, 524]
[-250, 164, 524]
[-251, 164, 524]
[-252, 165, 524]
[-252, 166, 524]
[-253, 167, 523]
[-254, 167, 523]
[-255, 168, 523]
[-255, 169, 523]
[-256, 169, 523]
[-257, 170, 523]
[-257, 171, 523]
[-258, 171, 523]
[-259, 172, 523]
[-260, 173, 522]
[-260, 173, 522]
[-261, 174, 522]
[-262, 175, 522]
[-263, 175, 522]
[-263, 176, 521]
[-264, 177, 521]
[-265, 177, 521]
[-266, 178, 521]
[-266, 179, 520]
[-267, 179, 520]
[-268, 180, 520]
[-269, 181, 519]
[-269, 181, 519]
[-270, 182, 519]
[-271, 183, 518]
[-272, 183, 518]
[-272, 184, 518]
[-273, 185, 517]
[-274, 185, 517]
[-274, 186, 517]
[-275, 187, 516]
[-276, 187, 516]
[-277, 188, 515]
[-277, 189, 515]
[-278, 190, 514]
[-279, 190, 514]
[-279, 191, 514]
[-280, 192, 513]
[-281, 192, 513]
[-282, 193, 512]
[-282, 194, 512]
[-283, 194, 511]
[-284, 195, 510]
[-284, 196, 510]
[-285, 196, 509]
[-286, 197, 509]
[-286, 198, 508]
[-287, 198, 508]
[-288, 199, 507]
[-288, 199, 506]
[-289, 200, 506]
[-290, 201, 505]
[-290, 201, 505]
[-291, 202, 504]
[-291, 203, 503]
[-292, 203, 503]
[-293, 204, 502]
[-293, 205, 501]
[-294, 205, 500]
[-295, 206, 500]
[-295, 207, 499]
[-296, 207, 498]
[-296, 208, 498]
[-297, 208, 497]
[-297, 209, 496]
[-298, 210, 495]
[-299, 210, 495]
[-299, 211, 494]
[-300, 212, 493]
[-300, 212, 492]
[-301, 213, 491]
[-301, 213, 491]
[-302, 214, 490]
[-302, 215, 489]
[-303, 215, 488]
[-303, 216, 487]
[-304, 216, 486]
[-304, 217, 485]
[-305, 218, 485]
[-305, 218, 484]
[-306, 219, 483]
[-306, 219, 482]
[-306, 220, 481]
[-307, 221, 480]
[-307, 221, 479]
[-308, 222, 478]
[-308, 222, 477]
[-309, 223, 476]
[-309, 223, 475]
[-309, 224, 474]
[-310, 225, 473]
[-310, 225, 472]
[-311, 226, 471]
[-311, 226, 470]
[-311, 227, 469]
[-312, 227, 468]
[-312, 228, 467]
[-313, 228, 466]
[-313, 229, 465]
[-313, 229, 464]
[-314, 230, 463]
[-314, 230, 462]
[-314, 231, 461]
[-315, 231, 460]
[-315, 232, 459]
[-315, 232, 458]
[-316, 233, 457]
[-316, 233, 455]
[-316, 234, 454]
[-317, 234, 453]
[-317, 235, 452]
[-317, 235, 451]
[-317, 236, 450]
[-318, 236, 449]
[-318, 237, 448]
[-318, 237, 446]
[-319, 238, 445]
[-319, 238, 444]
[-319, 239, 443]
[-319, 239, 442]
[-320, 239, 441]
[-320, 240, 439]
[-320, 240, 438]
[-320, 241, 437]
[-321, 241, 436]
[-321, 242, 435]
[-321, 242, 433]
[-321, 242, 432]
[-322, 243, 431]
[-322, 243, 430]
[-322, 244, 429]
[-322, 244, 427]
[-322, 244, 426]
[-323, 245, 425]
[-323, 245, 424]
[-323, 245, 422]
[-323, 246, 421]
[-324, 246, 420]
[-324, 247, 419]
[-324, 247, 417]
[-324, 247, 416]
[-324, 248, 415]
[-325, 248, 414]
[-325, 248, 412]
[-325, 248, 411]
[-325, 249, 410]
[-325, 249, 409]
[-326, 249, 407]
[-326, 250, 406]
[-326, 250, 405]
[-326, 250, 403]
[-326, 251, 402]
[-326, 251, 401]
[-327, 251, 400]
[-327, 251, 398]
[-327, 252, 397]
[-327, 252, 396]
[-327, 252, 394]
[-327, 252, 393]
[-327, 252, 392]
[-328, 253, 391]
[-328, 253, 389]
[-328, 253, 388]
[-328, 253, 387]
[-328, 253, 385]
[-328, 254, 384]
[-328, 254, 383]
[-329, 254, 382]
[-329, 254, 380]
[-329, 254, 379]
[-329, 255, 378]
[-329, 255, 376]
[-329, 255, 375]
[-329, 255, 374]
[-329, 255, 372]
[-329, 255, 371]
[-329, 255, 370]
[-329, 255, 369]
[-330, 255, 367]
[-330, 256, 366]
[-330, 256, 365]
[-330, 256, 363]
[-330, 256, 362]
[-330, 256, 361]
[-330, 256, 360]
[-330, 256, 358]
[-330, 256, 357]
[-330, 256, 356]
[-330, 256, 355]
[-330, 256, 353]
[-330, 256, 352]
