# Curve Parameters
# y_end: 226
# loops: 1
# A (south bulge): 140
# B (lateral wiggle): 10
# samples: 350
#
# Analysis Results
# max_grade: 0.805469
# length_3d: 374.86
# length_2d: 343.72
# min_horiz_step: 0.247671
# status: OK
#
# Coordinates (x, y, z)
#==================================================

[-199, 98, 410]
[-199, 98, 411]
[-199, 98, 413]
[-199, 98, 414]
[-199, 98, 415]
[-199, 98, 416]
[-199, 98, 418]
[-199, 98, 419]
[-199, 98, 420]
[-199, 98, 421]
[-199, 98, 422]
[-199, 98, 424]
[-199, 98, 425]
[-200, 99, 426]
[-200, 99, 427]
[-200, 99, 429]
[-200, 99, 430]
[-200, 99, 431]
[-200, 99, 432]
[-200, 99, 433]
[-200, 99, 435]
[-200, 99, 436]
[-200, 99, 437]
[-200, 100, 438]
[-201, 100, 439]
[-201, 100, 440]
[-201, 100, 442]
[-201, 100, 443]
[-201, 100, 444]
[-201, 101, 445]
[-201, 101, 446]
[-202, 101, 447]
[-202, 101, 448]
[-202, 101, 450]
[-202, 101, 451]
[-202, 102, 452]
[-202, 102, 453]
[-202, 102, 454]
[-203, 102, 455]
[-203, 102, 456]
[-203, 103, 457]
[-203, 103, 458]
[-203, 103, 459]
[-203, 103, 460]
[-204, 104, 461]
[-204, 104, 463]
[-204, 104, 464]
[-204, 104, 465]
[-204, 105, 466]
[-205, 105, 467]
[-205, 105, 468]
[-205, 105, 469]
[-205, 106, 470]
[-205, 106, 471]
[-206, 106, 472]
[-206, 107, 473]
[-206, 107, 474]
[-206, 107, 475]
[-207, 107, 476]
[-207, 108, 476]
[-207, 108, 477]
[-207, 108, 478]
[-207, 109, 479]
[-208, 109, 480]
[-208, 109, 481]
[-208, 110, 482]
[-208, 110, 483]
[-209, 110, 484]
[-209, 111, 485]
[-209, 111, 486]
[-209, 111, 486]
[-210, 112, 487]
[-210, 112, 488]
[-210, 112, 489]
[-210, 113, 490]
[-211, 113, 491]
[-211, 114, 491]
[-211, 114, 492]
[-212, 114, 493]
[-212, 115, 494]
[-212, 115, 495]
[-212, 115, 495]
[-213, 116, 496]
[-213, 116, 497]
[-213, 117, 498]
[-214, 117, 498]
[-214, 117, 499]
[-214, 118, 500]
[-215, 118, 500]
[-215, 119, 501]
[-215, 119, 502]
[-216, 120, 503]
[-216, 120, 503]
[-216, 120, 504]
[-217, 121, 504]
[-217, 121, 505]
[-218, 122, 506]
[-218, 122, 506]
[-218, 123, 507]
[-219, 123, 508]
[-219, 124, 508]
[-220, 124, 509]
[-220, 124, 509]
[-220, 125, 510]
[-221, 125, 510]
[-221, 126, 511]
[-222, 126, 511]
[-222, 127, 512]
[-223, 127, 512]
[-223, 128, 513]
[-223, 128, 513]
[-224, 129, 514]
[-224, 129, 514]
[-225, 130, 515]
[-225, 130, 515]
[-226, 131, 516]
[-226, 131, 516]
[-227, 132, 516]
[-227, 132, 517]
[-228, 132, 517]
[-228, 133, 518]
[-229, 133, 518]
[-229, 134, 518]
[-230, 134, 519]
[-230, 135, 519]
[-231, 135, 519]
[-232, 136, 520]
[-232, 137, 520]
[-233, 137, 520]
[-233, 138, 521]
[-234, 138, 521]
[-234, 139, 521]
[-235, 139, 521]
[-236, 140, 521]
[-236, 140, 522]
[-237, 141, 522]
[-238, 141, 522]
[-238, 142, 522]
[-239, 142, 522]
[-239, 143, 523]
[-240, 143, 523]
[-241, 144, 523]
[-241, 144, 523]
[-242, 145, 523]
[-243, 145, 523]
[-243, 146, 523]
[-244, 146, 523]
[-245, 147, 524]
[-245, 148, 524]
[-246, 148, 524]
[-247, 149, 524]
[-247, 149, 524]
[-248, 150, 524]
[-249, 150, 524]
[-250, 151, 524]
[-250, 151, 524]
[-251, 152, 524]
[-252, 152, 524]
[-252, 153, 524]
[-253, 153, 523]
[-254, 154, 523]
[-255, 155, 523]
[-255, 155, 523]
[-256, 156, 523]
[-257, 156, 523]
[-257, 157, 523]
[-258, 157, 523]
[-259, 158, 523]
[-260, 158, 522]
[-260, 159, 522]
[-261, 160, 522]
[-262, 160, 522]
[-263, 161, 522]
[-263, 161, 521]
[-264, 162, 521]
[-265, 162, 521]
[-266, 163, 521]
[-266, 163, 520]
[-267, 164, 520]
[-268, 164, 520]
[-269, 165, 519]
[-269, 166, 519]
[-270, 166, 519]
[-271, 167, 518]
[-272, 167, 518]
[-272, 168, 518]
[-273, 168, 517]
[-274, 169, 517]
[-274, 169, 517]
[-275, 170, 516]
[-276, 171, 516]
[-277, 171, 515]
[-277, 172, 515]
[-278, 172, 514]
[-279, 173, 514]
[-279, 173, 514]
[-280, 174, 513]
[-281, 174, 513]
[-282, 175, 512]
[-282, 175, 512]
[-283, 176, 511]
[-284, 176, 510]
[-284, 177, 510]
[-285, 178, 509]
[-286, 178, 509]
[-286, 179, 508]
[-287, 179, 508]
[-288, 180, 507]
[-288, 180, 506]
[-289, 181, 506]
[-290, 181, 505]
[-290, 182, 505]
[-291, 182, 504]
[-291, 183, 503]
[-292, 183, 503]
[-293, 184, 502]
[-293, 184, 501]
[-294, 185, 500]
[-295, 185, 500]
[-295, 186, 499]
[-296, 186, 498]
[-296, 187, 498]
[-297, 187, 497]
[-297, 188, 496]
[-298, 189, 495]
[-299, 189, 495]
[-299, 190, 494]
[-300, 190, 493]
[-300, 191, 492]
[-301, 191, 491]
[-301, 192, 491]
[-302, 192, 490]
[-302, 192, 489]
[-303, 193, 488]
[-303, 193, 487]
[-304, 194, 486]
[-304, 194, 485]
[-305, 195, 485]
[-305, 195, 484]
[-306, 196, 483]
[-306, 196, 482]
[-306, 197, 481]
[-307, 197, 480]
[-307, 198, 479]
[-308, 198, 478]
[-308, 199, 477]
[-309, 199, 476]
[-309, 200, 475]
[-309, 200, 474]
[-310, 200, 473]
[-310, 201, 472]
[-311, 201, 471]
[-311, 202, 470]
[-311, 202, 469]
[-312, 203, 468]
[-312, 203, 467]
[-313, 204, 466]
[-313, 204, 465]
[-313, 204, 464]
[-314, 205, 463]
[-314, 205, 462]
[-314, 206, 461]
[-315, 206, 460]
[-315, 207, 459]
[-315, 207, 458]
[-316, 207, 457]
[-316, 208, 455]
[-316, 208, 454]
[-317, 209, 453]
[-317, 209, 452]
[-317, 209, 451]
[-317, 210, 450]
[-318, 210, 449]
[-318, 210, 448]
[-318, 211, 446]
[-319, 211, 445]
[-319, 212, 444]
[-319, 212, 443]
[-319, 212, 442]
[-320, 213, 441]
[-320, 213, 439]
[-320, 213, 438]
[-320, 214, 437]
[-321, 214, 436]
[-321, 214, 435]
[-321, 215, 433]
[-321, 215, 432]
[-322, 215, 431]
[-322, 216, 430]
[-322, 216, 429]
[-322, 216, 427]
[-322, 217, 426]
[-323, 217, 425]
[-323, 217, 424]
[-323, 217, 422]
[-323, 218, 421]
[-324, 218, 420]
[-324, 218, 419]
[-324, 219, 417]
[-324, 219, 416]
[-324, 219, 415]
[-325, 219, 414]
[-325, 220, 412]
[-325, 220, 411]
[-325, 220, 410]
[-325, 220, 409]
[-326, 221, 407]
[-326, 221, 406]
[-326, 221, 405]
[-326, 221, 403]
[-326, 222, 402]
[-326, 222, 401]
[-327, 222, 400]
[-327, 222, 398]
[-327, 222, 397]
[-327, 223, 396]
[-327, 223, 394]
[-327, 223, 393]
[-327, 223, 392]
[-328, 223, 391]
[-328, 223, 389]
[-328, 224, 388]
[-328, 224, 387]
[-328, 224, 385]
[-328, 224, 384]
[-328, 224, 383]
[-329, 224, 382]
[-329, 225, 380]
[-329, 225, 379]
[-329, 225, 378]
[-329, 225, 376]
[-329, 225, 375]
[-329, 225, 374]
[-329, 225, 372]
[-329, 225, 371]
[-329, 225, 370]
[-329, 225, 369]
[-330, 226, 367]
[-330, 226, 366]
[-330, 226, 365]
[-330, 226, 363]
[-330, 226, 362]
[-330, 226, 361]
[-330, 226, 360]
[-330, 226, 358]
[-330, 226, 357]
[-330, 226, 356]
[-330, 226, 355]
[-330, 226, 353]
[-330, 226, 352]
