# Curve Parameters
# y_end: 238
# loops: 1
# A (south bulge): 140
# B (lateral wiggle): 40
# samples: 350
#
# Analysis Results
# max_grade: 0.849712
# length_3d: 405.35
# length_2d: 373.34
# min_horiz_step: 0.235202
# status: OK
#
# Coordinates (x, y, z)
#==================================================

[-199, 98, 410]
[-199, 98, 411]
[-199, 98, 413]
[-199, 98, 414]
[-199, 98, 415]
[-199, 98, 416]
[-199, 98, 418]
[-199, 98, 419]
[-199, 98, 420]
[-199, 98, 421]
[-199, 98, 422]
[-199, 98, 424]
[-199, 98, 425]
[-199, 99, 426]
[-199, 99, 427]
[-200, 99, 429]
[-200, 99, 430]
[-200, 99, 431]
[-200, 99, 432]
[-200, 99, 433]
[-200, 99, 435]
[-200, 99, 436]
[-200, 100, 437]
[-200, 100, 438]
[-200, 100, 439]
[-200, 100, 440]
[-200, 100, 442]
[-200, 100, 443]
[-200, 101, 444]
[-200, 101, 445]
[-200, 101, 446]
[-200, 101, 447]
[-200, 101, 448]
[-200, 102, 450]
[-200, 102, 451]
[-200, 102, 452]
[-200, 102, 453]
[-200, 102, 454]
[-200, 103, 455]
[-200, 103, 456]
[-200, 103, 457]
[-200, 103, 458]
[-200, 104, 459]
[-200, 104, 460]
[-200, 104, 461]
[-200, 104, 463]
[-200, 105, 464]
[-200, 105, 465]
[-200, 105, 466]
[-200, 106, 467]
[-200, 106, 468]
[-200, 106, 469]
[-200, 106, 470]
[-200, 107, 471]
[-200, 107, 472]
[-200, 107, 473]
[-200, 108, 474]
[-200, 108, 475]
[-200, 108, 476]
[-200, 109, 476]
[-200, 109, 477]
[-200, 109, 478]
[-200, 110, 479]
[-200, 110, 480]
[-200, 110, 481]
[-200, 111, 482]
[-200, 111, 483]
[-200, 111, 484]
[-200, 112, 485]
[-200, 112, 486]
[-199, 113, 486]
[-199, 113, 487]
[-199, 113, 488]
[-199, 114, 489]
[-199, 114, 490]
[-199, 115, 491]
[-199, 115, 491]
[-199, 115, 492]
[-199, 116, 493]
[-199, 116, 494]
[-199, 117, 495]
[-199, 117, 495]
[-199, 118, 496]
[-199, 118, 497]
[-199, 118, 498]
[-199, 119, 498]
[-199, 119, 499]
[-199, 120, 500]
[-200, 120, 500]
[-200, 121, 501]
[-200, 121, 502]
[-200, 122, 503]
[-200, 122, 503]
[-200, 123, 504]
[-200, 123, 504]
[-200, 123, 505]
[-200, 124, 506]
[-201, 124, 506]
[-201, 125, 507]
[-201, 125, 508]
[-201, 126, 508]
[-201, 126, 509]
[-202, 127, 509]
[-202, 127, 510]
[-202, 128, 510]
[-202, 128, 511]
[-203, 129, 511]
[-203, 129, 512]
[-203, 130, 512]
[-204, 130, 513]
[-204, 131, 513]
[-205, 131, 514]
[-205, 132, 514]
[-205, 133, 515]
[-206, 133, 515]
[-206, 134, 516]
[-207, 134, 516]
[-207, 135, 516]
[-208, 135, 517]
[-208, 136, 517]
[-209, 136, 518]
[-210, 137, 518]
[-210, 137, 518]
[-211, 138, 519]
[-211, 138, 519]
[-212, 139, 519]
[-213, 140, 520]
[-213, 140, 520]
[-214, 141, 520]
[-215, 141, 521]
[-216, 142, 521]
[-216, 142, 521]
[-217, 143, 521]
[-218, 143, 521]
[-219, 144, 522]
[-220, 145, 522]
[-221, 145, 522]
[-221, 146, 522]
[-222, 146, 522]
[-223, 147, 523]
[-224, 148, 523]
[-225, 148, 523]
[-226, 149, 523]
[-227, 149, 523]
[-228, 150, 523]
[-229, 150, 523]
[-230, 151, 523]
[-231, 152, 524]
[-232, 152, 524]
[-233, 153, 524]
[-235, 153, 524]
[-236, 154, 524]
[-237, 155, 524]
[-238, 155, 524]
[-239, 156, 524]
[-240, 156, 524]
[-241, 157, 524]
[-243, 158, 524]
[-244, 158, 524]
[-245, 159, 523]
[-246, 159, 523]
[-247, 160, 523]
[-249, 160, 523]
[-250, 161, 523]
[-251, 162, 523]
[-252, 162, 523]
[-254, 163, 523]
[-255, 163, 523]
[-256, 164, 522]
[-257, 165, 522]
[-259, 165, 522]
[-260, 166, 522]
[-261, 166, 522]
[-263, 167, 521]
[-264, 168, 521]
[-265, 168, 521]
[-266, 169, 521]
[-268, 170, 520]
[-269, 170, 520]
[-270, 171, 520]
[-272, 171, 519]
[-273, 172, 519]
[-274, 173, 519]
[-275, 173, 518]
[-277, 174, 518]
[-278, 174, 518]
[-279, 175, 517]
[-280, 176, 517]
[-282, 176, 517]
[-283, 177, 516]
[-284, 177, 516]
[-285, 178, 515]
[-286, 178, 515]
[-288, 179, 514]
[-289, 180, 514]
[-290, 180, 514]
[-291, 181, 513]
[-292, 181, 513]
[-293, 182, 512]
[-294, 183, 512]
[-296, 183, 511]
[-297, 184, 510]
[-298, 184, 510]
[-299, 185, 509]
[-300, 186, 509]
[-301, 186, 508]
[-302, 187, 508]
[-303, 187, 507]
[-304, 188, 506]
[-305, 188, 506]
[-306, 189, 505]
[-307, 190, 505]
[-308, 190, 504]
[-308, 191, 503]
[-309, 191, 503]
[-310, 192, 502]
[-311, 193, 501]
[-312, 193, 500]
[-313, 194, 500]
[-313, 194, 499]
[-314, 195, 498]
[-315, 195, 498]
[-316, 196, 497]
[-316, 196, 496]
[-317, 197, 495]
[-318, 198, 495]
[-318, 198, 494]
[-319, 199, 493]
[-319, 199, 492]
[-320, 200, 491]
[-321, 200, 491]
[-321, 201, 490]
[-322, 201, 489]
[-322, 202, 488]
[-323, 202, 487]
[-323, 203, 486]
[-324, 203, 485]
[-324, 204, 485]
[-324, 205, 484]
[-325, 205, 483]
[-325, 206, 482]
[-326, 206, 481]
[-326, 207, 480]
[-326, 207, 479]
[-327, 208, 478]
[-327, 208, 477]
[-327, 209, 476]
[-327, 209, 475]
[-328, 210, 474]
[-328, 210, 473]
[-328, 211, 472]
[-328, 211, 471]
[-328, 212, 470]
[-329, 212, 469]
[-329, 213, 468]
[-329, 213, 467]
[-329, 213, 466]
[-329, 214, 465]
[-329, 214, 464]
[-329, 215, 463]
[-329, 215, 462]
[-329, 216, 461]
[-330, 216, 460]
[-330, 217, 459]
[-330, 217, 458]
[-330, 218, 457]
[-330, 218, 455]
[-330, 218, 454]
[-330, 219, 453]
[-330, 219, 452]
[-330, 220, 451]
[-330, 220, 450]
[-330, 221, 449]
[-330, 221, 448]
[-330, 221, 446]
[-330, 222, 445]
[-330, 222, 444]
[-330, 223, 443]
[-330, 223, 442]
[-330, 223, 441]
[-329, 224, 439]
[-329, 224, 438]
[-329, 225, 437]
[-329, 225, 436]
[-329, 225, 435]
[-329, 226, 433]
[-329, 226, 432]
[-329, 226, 431]
[-329, 227, 430]
[-329, 227, 429]
[-329, 227, 427]
[-329, 228, 426]
[-329, 228, 425]
[-329, 228, 424]
[-329, 229, 422]
[-329, 229, 421]
[-329, 229, 420]
[-329, 230, 419]
[-329, 230, 417]
[-329, 230, 416]
[-329, 230, 415]
[-329, 231, 414]
[-329, 231, 412]
[-329, 231, 411]
[-329, 232, 410]
[-329, 232, 409]
[-329, 232, 407]
[-329, 232, 406]
[-329, 233, 405]
[-329, 233, 403]
[-329, 233, 402]
[-329, 233, 401]
[-329, 234, 400]
[-329, 234, 398]
[-329, 234, 397]
[-329, 234, 396]
[-329, 234, 394]
[-329, 235, 393]
[-329, 235, 392]
[-329, 235, 391]
[-329, 235, 389]
[-329, 235, 388]
[-329, 236, 387]
[-329, 236, 385]
[-329, 236, 384]
[-329, 236, 383]
[-329, 236, 382]
[-329, 236, 380]
[-329, 237, 379]
[-329, 237, 378]
[-329, 237, 376]
[-329, 237, 375]
[-329, 237, 374]
[-329, 237, 372]
[-329, 237, 371]
[-330, 237, 370]
[-330, 237, 369]
[-330, 238, 367]
[-330, 238, 366]
[-330, 238, 365]
[-330, 238, 363]
[-330, 238, 362]
[-330, 238, 361]
[-330, 238, 360]
[-330, 238, 358]
[-330, 238, 357]
[-330, 238, 356]
[-330, 238, 355]
[-330, 238, 353]
[-330, 238, 352]
