# Curve Parameters
# y_end: 234
# loops: 1
# A (south bulge): 100
# B (lateral wiggle): 10
# samples: 350
#
# Analysis Results
# max_grade: 0.944443
# length_3d: 312.59
# length_2d: 273.26
# min_horiz_step: 0.207327
# status: OK
#
# Coordinates (x, y, z)
#==================================================

[-199, 98, 410]
[-199, 98, 411]
[-199, 98, 412]
[-199, 98, 413]
[-199, 98, 414]
[-199, 98, 414]
[-199, 98, 415]
[-199, 98, 416]
[-199, 98, 417]
[-199, 98, 418]
[-199, 98, 419]
[-199, 98, 420]
[-199, 98, 421]
[-200, 99, 421]
[-200, 99, 422]
[-200, 99, 423]
[-200, 99, 424]
[-200, 99, 425]
[-200, 99, 426]
[-200, 99, 427]
[-200, 99, 427]
[-200, 99, 428]
[-200, 100, 429]
[-200, 100, 430]
[-201, 100, 431]
[-201, 100, 431]
[-201, 100, 432]
[-201, 100, 433]
[-201, 100, 434]
[-201, 101, 435]
[-201, 101, 435]
[-202, 101, 436]
[-202, 101, 437]
[-202, 101, 438]
[-202, 102, 439]
[-202, 102, 439]
[-202, 102, 440]
[-202, 102, 441]
[-203, 102, 442]
[-203, 103, 442]
[-203, 103, 443]
[-203, 103, 444]
[-203, 103, 445]
[-203, 104, 445]
[-204, 104, 446]
[-204, 104, 447]
[-204, 104, 447]
[-204, 105, 448]
[-204, 105, 449]
[-205, 105, 450]
[-205, 106, 450]
[-205, 106, 451]
[-205, 106, 452]
[-205, 106, 452]
[-206, 107, 453]
[-206, 107, 454]
[-206, 107, 454]
[-206, 108, 455]
[-207, 108, 456]
[-207, 108, 456]
[-207, 109, 457]
[-207, 109, 457]
[-207, 109, 458]
[-208, 110, 459]
[-208, 110, 459]
[-208, 110, 460]
[-208, 111, 461]
[-209, 111, 461]
[-209, 111, 462]
[-209, 112, 462]
[-209, 112, 463]
[-210, 113, 463]
[-210, 113, 464]
[-210, 113, 465]
[-210, 114, 465]
[-211, 114, 466]
[-211, 115, 466]
[-211, 115, 467]
[-212, 115, 467]
[-212, 116, 468]
[-212, 116, 468]
[-212, 117, 469]
[-213, 117, 469]
[-213, 117, 470]
[-213, 118, 470]
[-214, 118, 471]
[-214, 119, 471]
[-214, 119, 472]
[-215, 120, 472]
[-215, 120, 472]
[-215, 120, 473]
[-216, 121, 473]
[-216, 121, 474]
[-216, 122, 474]
[-217, 122, 475]
[-217, 123, 475]
[-218, 123, 475]
[-218, 124, 476]
[-218, 124, 476]
[-219, 125, 476]
[-219, 125, 477]
[-220, 126, 477]
[-220, 126, 477]
[-220, 127, 478]
[-221, 127, 478]
[-221, 128, 478]
[-222, 128, 479]
[-222, 129, 479]
[-223, 129, 479]
[-223, 130, 480]
[-223, 130, 480]
[-224, 131, 480]
[-224, 131, 481]
[-225, 132, 481]
[-225, 132, 481]
[-226, 133, 481]
[-226, 133, 481]
[-227, 134, 482]
[-227, 134, 482]
[-228, 135, 482]
[-228, 135, 482]
[-229, 136, 483]
[-229, 136, 483]
[-230, 137, 483]
[-230, 137, 483]
[-231, 138, 483]
[-232, 138, 483]
[-232, 139, 484]
[-233, 139, 484]
[-233, 140, 484]
[-234, 141, 484]
[-234, 141, 484]
[-235, 142, 484]
[-236, 142, 484]
[-236, 143, 484]
[-237, 143, 484]
[-238, 144, 484]
[-238, 144, 485]
[-239, 145, 485]
[-239, 146, 485]
[-240, 146, 485]
[-241, 147, 485]
[-241, 147, 485]
[-242, 148, 485]
[-243, 148, 485]
[-243, 149, 485]
[-244, 149, 485]
[-245, 150, 485]
[-245, 151, 485]
[-246, 151, 485]
[-247, 152, 485]
[-247, 152, 485]
[-248, 153, 485]
[-249, 153, 484]
[-250, 154, 484]
[-250, 155, 484]
[-251, 155, 484]
[-252, 156, 484]
[-252, 156, 484]
[-253, 157, 484]
[-254, 158, 484]
[-255, 158, 484]
[-255, 159, 483]
[-256, 159, 483]
[-257, 160, 483]
[-257, 160, 483]
[-258, 161, 483]
[-259, 162, 483]
[-260, 162, 482]
[-260, 163, 482]
[-261, 163, 482]
[-262, 164, 482]
[-263, 165, 482]
[-263, 165, 481]
[-264, 166, 481]
[-265, 166, 481]
[-266, 167, 481]
[-266, 167, 480]
[-267, 168, 480]
[-268, 169, 480]
[-269, 169, 480]
[-269, 170, 479]
[-270, 170, 479]
[-271, 171, 479]
[-272, 172, 478]
[-272, 172, 478]
[-273, 173, 478]
[-274, 173, 477]
[-274, 174, 477]
[-275, 174, 477]
[-276, 175, 476]
[-277, 176, 476]
[-277, 176, 475]
[-278, 177, 475]
[-279, 177, 475]
[-279, 178, 474]
[-280, 179, 474]
[-281, 179, 473]
[-282, 180, 473]
[-282, 180, 473]
[-283, 181, 472]
[-284, 181, 472]
[-284, 182, 471]
[-285, 183, 471]
[-286, 183, 470]
[-286, 184, 470]
[-287, 184, 469]
[-288, 185, 469]
[-288, 185, 468]
[-289, 186, 468]
[-290, 186, 467]
[-290, 187, 467]
[-291, 188, 466]
[-291, 188, 466]
[-292, 189, 465]
[-293, 189, 465]
[-293, 190, 464]
[-294, 190, 463]
[-295, 191, 463]
[-295, 191, 462]
[-296, 192, 462]
[-296, 193, 461]
[-297, 193, 460]
[-297, 194, 460]
[-298, 194, 459]
[-299, 195, 459]
[-299, 195, 458]
[-300, 196, 457]
[-300, 196, 457]
[-301, 197, 456]
[-301, 197, 455]
[-302, 198, 455]
[-302, 198, 454]
[-303, 199, 453]
[-303, 199, 453]
[-304, 200, 452]
[-304, 200, 451]
[-305, 201, 451]
[-305, 201, 450]
[-306, 202, 449]
[-306, 202, 449]
[-306, 203, 448]
[-307, 203, 447]
[-307, 204, 446]
[-308, 204, 446]
[-308, 205, 445]
[-309, 205, 444]
[-309, 206, 443]
[-309, 206, 443]
[-310, 207, 442]
[-310, 207, 441]
[-311, 208, 440]
[-311, 208, 440]
[-311, 209, 439]
[-312, 209, 438]
[-312, 210, 437]
[-313, 210, 436]
[-313, 211, 436]
[-313, 211, 435]
[-314, 212, 434]
[-314, 212, 433]
[-314, 212, 432]
[-315, 213, 432]
[-315, 213, 431]
[-315, 214, 430]
[-316, 214, 429]
[-316, 215, 428]
[-316, 215, 427]
[-317, 215, 427]
[-317, 216, 426]
[-317, 216, 425]
[-317, 217, 424]
[-318, 217, 423]
[-318, 217, 422]
[-318, 218, 421]
[-319, 218, 421]
[-319, 219, 420]
[-319, 219, 419]
[-319, 219, 418]
[-320, 220, 417]
[-320, 220, 416]
[-320, 221, 415]
[-320, 221, 414]
[-321, 221, 413]
[-321, 222, 413]
[-321, 222, 412]
[-321, 222, 411]
[-322, 223, 410]
[-322, 223, 409]
[-322, 223, 408]
[-322, 224, 407]
[-322, 224, 406]
[-323, 224, 405]
[-323, 225, 404]
[-323, 225, 403]
[-323, 225, 402]
[-324, 226, 402]
[-324, 226, 401]
[-324, 226, 400]
[-324, 226, 399]
[-324, 227, 398]
[-325, 227, 397]
[-325, 227, 396]
[-325, 228, 395]
[-325, 228, 394]
[-325, 228, 393]
[-326, 228, 392]
[-326, 229, 391]
[-326, 229, 390]
[-326, 229, 389]
[-326, 229, 388]
[-326, 230, 387]
[-327, 230, 387]
[-327, 230, 386]
[-327, 230, 385]
[-327, 230, 384]
[-327, 231, 383]
[-327, 231, 382]
[-327, 231, 381]
[-328, 231, 380]
[-328, 231, 379]
[-328, 232, 378]
[-328, 232, 377]
[-328, 232, 376]
[-328, 232, 375]
[-328, 232, 374]
[-329, 232, 373]
[-329, 232, 372]
[-329, 233, 371]
[-329, 233, 370]
[-329, 233, 370]
[-329, 233, 369]
[-329, 233, 368]
[-329, 233, 367]
[-329, 233, 366]
[-329, 233, 365]
[-329, 233, 364]
[-330, 234, 363]
[-330, 234, 362]
[-330, 234, 361]
[-330, 234, 360]
[-330, 234, 359]
[-330, 234, 358]
[-330, 234, 357]
[-330, 234, 357]
[-330, 234, 356]
[-330, 234, 355]
[-330, 234, 354]
[-330, 234, 353]
[-330, 234, 352]
