# Curve Parameters
# y_end: 222
# loops: 1
# A (south bulge): 80
# B (lateral wiggle): 10
# samples: 350
#
# Analysis Results
# max_grade: 0.935775
# length_3d: 275.31
# length_2d: 239.66
# min_horiz_step: 0.179128
# status: OK
#
# Coordinates (x, y, z)
#==================================================

[-199, 98, 410]
[-199, 98, 411]
[-199, 98, 411]
[-199, 98, 412]
[-199, 98, 413]
[-199, 98, 414]
[-199, 98, 414]
[-199, 98, 415]
[-199, 98, 416]
[-199, 98, 416]
[-199, 98, 417]
[-199, 98, 418]
[-199, 98, 418]
[-200, 99, 419]
[-200, 99, 420]
[-200, 99, 420]
[-200, 99, 421]
[-200, 99, 422]
[-200, 99, 422]
[-200, 99, 423]
[-200, 99, 424]
[-200, 99, 424]
[-200, 99, 425]
[-200, 100, 426]
[-201, 100, 426]
[-201, 100, 427]
[-201, 100, 428]
[-201, 100, 428]
[-201, 100, 429]
[-201, 100, 430]
[-201, 101, 430]
[-202, 101, 431]
[-202, 101, 431]
[-202, 101, 432]
[-202, 101, 433]
[-202, 101, 433]
[-202, 102, 434]
[-202, 102, 434]
[-203, 102, 435]
[-203, 102, 436]
[-203, 103, 436]
[-203, 103, 437]
[-203, 103, 437]
[-203, 103, 438]
[-204, 103, 438]
[-204, 104, 439]
[-204, 104, 439]
[-204, 104, 440]
[-204, 104, 441]
[-205, 105, 441]
[-205, 105, 442]
[-205, 105, 442]
[-205, 105, 443]
[-205, 106, 443]
[-206, 106, 444]
[-206, 106, 444]
[-206, 107, 445]
[-206, 107, 445]
[-207, 107, 446]
[-207, 107, 446]
[-207, 108, 447]
[-207, 108, 447]
[-207, 108, 448]
[-208, 109, 448]
[-208, 109, 448]
[-208, 109, 449]
[-208, 110, 449]
[-209, 110, 450]
[-209, 110, 450]
[-209, 111, 451]
[-209, 111, 451]
[-210, 111, 451]
[-210, 112, 452]
[-210, 112, 452]
[-210, 112, 453]
[-211, 113, 453]
[-211, 113, 454]
[-211, 113, 454]
[-212, 114, 454]
[-212, 114, 455]
[-212, 115, 455]
[-212, 115, 455]
[-213, 115, 456]
[-213, 116, 456]
[-213, 116, 456]
[-214, 116, 457]
[-214, 117, 457]
[-214, 117, 457]
[-215, 118, 458]
[-215, 118, 458]
[-215, 118, 458]
[-216, 119, 459]
[-216, 119, 459]
[-216, 120, 459]
[-217, 120, 460]
[-217, 121, 460]
[-218, 121, 460]
[-218, 121, 460]
[-218, 122, 461]
[-219, 122, 461]
[-219, 123, 461]
[-220, 123, 461]
[-220, 124, 462]
[-220, 124, 462]
[-221, 124, 462]
[-221, 125, 462]
[-222, 125, 462]
[-222, 126, 463]
[-223, 126, 463]
[-223, 127, 463]
[-223, 127, 463]
[-224, 128, 463]
[-224, 128, 464]
[-225, 129, 464]
[-225, 129, 464]
[-226, 130, 464]
[-226, 130, 464]
[-227, 130, 464]
[-227, 131, 464]
[-228, 131, 465]
[-228, 132, 465]
[-229, 132, 465]
[-229, 133, 465]
[-230, 133, 465]
[-230, 134, 465]
[-231, 134, 465]
[-232, 135, 465]
[-232, 135, 465]
[-233, 136, 465]
[-233, 136, 465]
[-234, 137, 466]
[-234, 137, 466]
[-235, 138, 466]
[-236, 138, 466]
[-236, 139, 466]
[-237, 139, 466]
[-238, 140, 466]
[-238, 140, 466]
[-239, 141, 466]
[-239, 141, 466]
[-240, 142, 466]
[-241, 142, 466]
[-241, 143, 466]
[-242, 143, 466]
[-243, 144, 466]
[-243, 144, 465]
[-244, 145, 465]
[-245, 145, 465]
[-245, 146, 465]
[-246, 147, 465]
[-247, 147, 465]
[-247, 148, 465]
[-248, 148, 465]
[-249, 149, 465]
[-250, 149, 465]
[-250, 150, 465]
[-251, 150, 464]
[-252, 151, 464]
[-252, 151, 464]
[-253, 152, 464]
[-254, 152, 464]
[-255, 153, 464]
[-255, 153, 464]
[-256, 154, 463]
[-257, 154, 463]
[-257, 155, 463]
[-258, 155, 463]
[-259, 156, 463]
[-260, 157, 462]
[-260, 157, 462]
[-261, 158, 462]
[-262, 158, 462]
[-263, 159, 462]
[-263, 159, 461]
[-264, 160, 461]
[-265, 160, 461]
[-266, 161, 461]
[-266, 161, 460]
[-267, 162, 460]
[-268, 162, 460]
[-269, 163, 460]
[-269, 163, 459]
[-270, 164, 459]
[-271, 165, 459]
[-272, 165, 458]
[-272, 166, 458]
[-273, 166, 458]
[-274, 167, 457]
[-274, 167, 457]
[-275, 168, 457]
[-276, 168, 456]
[-277, 169, 456]
[-277, 169, 456]
[-278, 170, 455]
[-279, 170, 455]
[-279, 171, 455]
[-280, 171, 454]
[-281, 172, 454]
[-282, 172, 453]
[-282, 173, 453]
[-283, 173, 453]
[-284, 174, 452]
[-284, 175, 452]
[-285, 175, 451]
[-286, 176, 451]
[-286, 176, 450]
[-287, 177, 450]
[-288, 177, 450]
[-288, 178, 449]
[-289, 178, 449]
[-290, 179, 448]
[-290, 179, 448]
[-291, 180, 447]
[-291, 180, 447]
[-292, 181, 446]
[-293, 181, 446]
[-293, 182, 445]
[-294, 182, 445]
[-295, 183, 444]
[-295, 183, 444]
[-296, 184, 443]
[-296, 184, 443]
[-297, 185, 442]
[-297, 185, 442]
[-298, 186, 441]
[-299, 186, 441]
[-299, 187, 440]
[-300, 187, 440]
[-300, 188, 439]
[-301, 188, 438]
[-301, 189, 438]
[-302, 189, 437]
[-302, 190, 437]
[-303, 190, 436]
[-303, 190, 436]
[-304, 191, 435]
[-304, 191, 434]
[-305, 192, 434]
[-305, 192, 433]
[-306, 193, 433]
[-306, 193, 432]
[-306, 194, 431]
[-307, 194, 431]
[-307, 195, 430]
[-308, 195, 429]
[-308, 196, 429]
[-309, 196, 428]
[-309, 196, 428]
[-309, 197, 427]
[-310, 197, 426]
[-310, 198, 426]
[-311, 198, 425]
[-311, 199, 424]
[-311, 199, 424]
[-312, 199, 423]
[-312, 200, 422]
[-313, 200, 422]
[-313, 201, 421]
[-313, 201, 420]
[-314, 202, 420]
[-314, 202, 419]
[-314, 202, 418]
[-315, 203, 417]
[-315, 203, 417]
[-315, 204, 416]
[-316, 204, 415]
[-316, 204, 415]
[-316, 205, 414]
[-317, 205, 413]
[-317, 205, 413]
[-317, 206, 412]
[-317, 206, 411]
[-318, 207, 410]
[-318, 207, 410]
[-318, 207, 409]
[-319, 208, 408]
[-319, 208, 407]
[-319, 208, 407]
[-319, 209, 406]
[-320, 209, 405]
[-320, 209, 404]
[-320, 210, 404]
[-320, 210, 403]
[-321, 210, 402]
[-321, 211, 401]
[-321, 211, 401]
[-321, 211, 400]
[-322, 212, 399]
[-322, 212, 398]
[-322, 212, 398]
[-322, 213, 397]
[-322, 213, 396]
[-323, 213, 395]
[-323, 213, 395]
[-323, 214, 394]
[-323, 214, 393]
[-324, 214, 392]
[-324, 215, 392]
[-324, 215, 391]
[-324, 215, 390]
[-324, 215, 389]
[-325, 216, 388]
[-325, 216, 388]
[-325, 216, 387]
[-325, 216, 386]
[-325, 217, 385]
[-326, 217, 385]
[-326, 217, 384]
[-326, 217, 383]
[-326, 217, 382]
[-326, 218, 382]
[-326, 218, 381]
[-327, 218, 380]
[-327, 218, 379]
[-327, 219, 378]
[-327, 219, 378]
[-327, 219, 377]
[-327, 219, 376]
[-327, 219, 375]
[-328, 219, 375]
[-328, 220, 374]
[-328, 220, 373]
[-328, 220, 372]
[-328, 220, 371]
[-328, 220, 371]
[-328, 220, 370]
[-329, 220, 369]
[-329, 221, 368]
[-329, 221, 368]
[-329, 221, 367]
[-329, 221, 366]
[-329, 221, 365]
[-329, 221, 365]
[-329, 221, 364]
[-329, 221, 363]
[-329, 221, 362]
[-329, 221, 362]
[-330, 222, 361]
[-330, 222, 360]
[-330, 222, 359]
[-330, 222, 359]
[-330, 222, 358]
[-330, 222, 357]
[-330, 222, 356]
[-330, 222, 356]
[-330, 222, 355]
[-330, 222, 354]
[-330, 222, 353]
[-330, 222, 353]
[-330, 222, 352]
