# Curve Parameters
# y_end: 228
# loops: 2
# A (south bulge): 120
# B (lateral wiggle): 0
# samples: 350
#
# Analysis Results
# max_grade: 0.992365
# length_3d: 337.11
# length_2d: 301.03
# min_horiz_step: 0.212773
# status: OK
#
# Coordinates (x, y, z)
#==================================================

[-199, 98, 410]
[-199, 98, 411]
[-199, 98, 412]
[-199, 98, 413]
[-199, 98, 414]
[-199, 98, 415]
[-199, 98, 416]
[-199, 98, 417]
[-199, 98, 419]
[-199, 98, 420]
[-199, 98, 421]
[-199, 98, 422]
[-199, 98, 423]
[-200, 99, 424]
[-200, 99, 425]
[-200, 99, 426]
[-200, 99, 427]
[-200, 99, 428]
[-200, 99, 429]
[-200, 99, 430]
[-200, 99, 431]
[-200, 99, 432]
[-200, 99, 433]
[-201, 100, 434]
[-201, 100, 435]
[-201, 100, 436]
[-201, 100, 437]
[-201, 100, 438]
[-201, 100, 439]
[-202, 101, 440]
[-202, 101, 441]
[-202, 101, 442]
[-202, 101, 443]
[-202, 101, 444]
[-202, 101, 445]
[-203, 102, 446]
[-203, 102, 446]
[-203, 102, 447]
[-203, 102, 448]
[-204, 103, 449]
[-204, 103, 450]
[-204, 103, 451]
[-204, 103, 452]
[-204, 103, 453]
[-205, 104, 454]
[-205, 104, 455]
[-205, 104, 456]
[-205, 104, 456]
[-206, 105, 457]
[-206, 105, 458]
[-206, 105, 459]
[-207, 106, 460]
[-207, 106, 461]
[-207, 106, 461]
[-207, 106, 462]
[-208, 107, 463]
[-208, 107, 464]
[-208, 107, 465]
[-209, 108, 466]
[-209, 108, 466]
[-209, 108, 467]
[-210, 109, 468]
[-210, 109, 469]
[-210, 109, 469]
[-211, 110, 470]
[-211, 110, 471]
[-211, 110, 472]
[-212, 111, 472]
[-212, 111, 473]
[-212, 111, 474]
[-213, 112, 475]
[-213, 112, 475]
[-213, 112, 476]
[-214, 113, 477]
[-214, 113, 477]
[-215, 113, 478]
[-215, 114, 479]
[-215, 114, 479]
[-216, 115, 480]
[-216, 115, 481]
[-216, 115, 481]
[-217, 116, 482]
[-217, 116, 483]
[-218, 117, 483]
[-218, 117, 484]
[-219, 117, 484]
[-219, 118, 485]
[-219, 118, 486]
[-220, 119, 486]
[-220, 119, 487]
[-221, 119, 487]
[-221, 120, 488]
[-222, 120, 488]
[-222, 121, 489]
[-222, 121, 489]
[-223, 122, 490]
[-223, 122, 491]
[-224, 123, 491]
[-224, 123, 492]
[-225, 123, 492]
[-225, 124, 492]
[-226, 124, 493]
[-226, 125, 493]
[-226, 125, 494]
[-227, 126, 494]
[-227, 126, 495]
[-228, 127, 495]
[-228, 127, 496]
[-229, 128, 496]
[-229, 128, 496]
[-230, 129, 497]
[-230, 129, 497]
[-231, 130, 497]
[-231, 130, 498]
[-232, 131, 498]
[-232, 131, 498]
[-233, 132, 499]
[-233, 132, 499]
[-234, 133, 499]
[-234, 133, 500]
[-235, 134, 500]
[-235, 134, 500]
[-236, 135, 501]
[-236, 135, 501]
[-237, 136, 501]
[-237, 136, 501]
[-238, 137, 502]
[-238, 137, 502]
[-239, 138, 502]
[-239, 138, 502]
[-240, 139, 502]
[-241, 139, 503]
[-241, 140, 503]
[-242, 140, 503]
[-242, 141, 503]
[-243, 141, 503]
[-243, 142, 503]
[-244, 142, 503]
[-244, 143, 504]
[-245, 143, 504]
[-245, 144, 504]
[-246, 145, 504]
[-246, 145, 504]
[-247, 146, 504]
[-248, 146, 504]
[-248, 147, 504]
[-249, 147, 504]
[-249, 148, 504]
[-250, 148, 504]
[-250, 149, 504]
[-251, 149, 504]
[-251, 150, 504]
[-252, 150, 504]
[-252, 151, 504]
[-253, 152, 504]
[-254, 152, 504]
[-254, 153, 504]
[-255, 153, 504]
[-255, 154, 504]
[-256, 154, 504]
[-256, 155, 504]
[-257, 155, 503]
[-257, 156, 503]
[-258, 157, 503]
[-259, 157, 503]
[-259, 158, 503]
[-260, 158, 503]
[-260, 159, 503]
[-261, 159, 502]
[-261, 160, 502]
[-262, 160, 502]
[-263, 161, 502]
[-263, 162, 502]
[-264, 162, 501]
[-264, 163, 501]
[-265, 163, 501]
[-265, 164, 501]
[-266, 164, 500]
[-266, 165, 500]
[-267, 166, 500]
[-268, 166, 499]
[-268, 167, 499]
[-269, 167, 499]
[-269, 168, 499]
[-270, 168, 498]
[-270, 169, 498]
[-271, 169, 497]
[-272, 170, 497]
[-272, 171, 497]
[-273, 171, 496]
[-273, 172, 496]
[-274, 172, 496]
[-274, 173, 495]
[-275, 173, 495]
[-275, 174, 494]
[-276, 174, 494]
[-277, 175, 493]
[-277, 176, 493]
[-278, 176, 493]
[-278, 177, 492]
[-279, 177, 492]
[-279, 178, 491]
[-280, 178, 491]
[-280, 179, 490]
[-281, 179, 490]
[-281, 180, 489]
[-282, 180, 488]
[-283, 181, 488]
[-283, 181, 487]
[-284, 182, 487]
[-284, 183, 486]
[-285, 183, 486]
[-285, 184, 485]
[-286, 184, 484]
[-286, 185, 484]
[-287, 185, 483]
[-287, 186, 483]
[-288, 186, 482]
[-288, 187, 481]
[-289, 187, 481]
[-290, 188, 480]
[-290, 188, 479]
[-291, 189, 479]
[-291, 189, 478]
[-292, 190, 477]
[-292, 190, 477]
[-293, 191, 476]
[-293, 191, 475]
[-294, 192, 474]
[-294, 192, 474]
[-295, 193, 473]
[-295, 193, 472]
[-296, 194, 471]
[-296, 194, 471]
[-297, 195, 470]
[-297, 195, 469]
[-298, 196, 468]
[-298, 196, 468]
[-299, 197, 467]
[-299, 197, 466]
[-300, 198, 465]
[-300, 198, 464]
[-301, 199, 464]
[-301, 199, 463]
[-302, 200, 462]
[-302, 200, 461]
[-303, 201, 460]
[-303, 201, 459]
[-303, 202, 458]
[-304, 202, 458]
[-304, 203, 457]
[-305, 203, 456]
[-305, 203, 455]
[-306, 204, 454]
[-306, 204, 453]
[-307, 205, 452]
[-307, 205, 451]
[-307, 206, 450]
[-308, 206, 449]
[-308, 207, 449]
[-309, 207, 448]
[-309, 207, 447]
[-310, 208, 446]
[-310, 208, 445]
[-310, 209, 444]
[-311, 209, 443]
[-311, 209, 442]
[-312, 210, 441]
[-312, 210, 440]
[-313, 211, 439]
[-313, 211, 438]
[-313, 211, 437]
[-314, 212, 436]
[-314, 212, 435]
[-314, 213, 434]
[-315, 213, 433]
[-315, 213, 432]
[-316, 214, 431]
[-316, 214, 430]
[-316, 214, 429]
[-317, 215, 428]
[-317, 215, 427]
[-317, 215, 426]
[-318, 216, 425]
[-318, 216, 424]
[-318, 216, 423]
[-319, 217, 421]
[-319, 217, 420]
[-319, 217, 419]
[-320, 218, 418]
[-320, 218, 417]
[-320, 218, 416]
[-321, 219, 415]
[-321, 219, 414]
[-321, 219, 413]
[-322, 220, 412]
[-322, 220, 411]
[-322, 220, 410]
[-322, 220, 409]
[-323, 221, 407]
[-323, 221, 406]
[-323, 221, 405]
[-324, 222, 404]
[-324, 222, 403]
[-324, 222, 402]
[-324, 222, 401]
[-325, 223, 400]
[-325, 223, 399]
[-325, 223, 398]
[-325, 223, 396]
[-325, 223, 395]
[-326, 224, 394]
[-326, 224, 393]
[-326, 224, 392]
[-326, 224, 391]
[-327, 225, 390]
[-327, 225, 389]
[-327, 225, 387]
[-327, 225, 386]
[-327, 225, 385]
[-327, 225, 384]
[-328, 226, 383]
[-328, 226, 382]
[-328, 226, 381]
[-328, 226, 380]
[-328, 226, 379]
[-328, 226, 377]
[-329, 227, 376]
[-329, 227, 375]
[-329, 227, 374]
[-329, 227, 373]
[-329, 227, 372]
[-329, 227, 371]
[-329, 227, 370]
[-329, 227, 368]
[-329, 227, 367]
[-329, 227, 366]
[-330, 228, 365]
[-330, 228, 364]
[-330, 228, 363]
[-330, 228, 362]
[-330, 228, 361]
[-330, 228, 360]
[-330, 228, 359]
[-330, 228, 357]
[-330, 228, 356]
[-330, 228, 355]
[-330, 228, 354]
[-330, 228, 353]
[-330, 228, 352]
