# Curve Parameters
# y_end: 230
# loops: 1
# A (south bulge): 80
# B (lateral wiggle): 10
# samples: 350
#
# Analysis Results
# max_grade: 0.996147
# length_3d: 279.59
# length_2d: 239.66
# min_horiz_step: 0.179128
# status: OK
#
# Coordinates (x, y, z)
#==================================================

[-199, 98, 410]
[-199, 98, 411]
[-199, 98, 411]
[-199, 98, 412]
[-199, 98, 413]
[-199, 98, 414]
[-199, 98, 414]
[-199, 98, 415]
[-199, 98, 416]
[-199, 98, 416]
[-199, 98, 417]
[-199, 98, 418]
[-199, 98, 418]
[-200, 99, 419]
[-200, 99, 420]
[-200, 99, 420]
[-200, 99, 421]
[-200, 99, 422]
[-200, 99, 422]
[-200, 99, 423]
[-200, 99, 424]
[-200, 99, 424]
[-200, 100, 425]
[-200, 100, 426]
[-201, 100, 426]
[-201, 100, 427]
[-201, 100, 428]
[-201, 100, 428]
[-201, 100, 429]
[-201, 101, 430]
[-201, 101, 430]
[-202, 101, 431]
[-202, 101, 431]
[-202, 101, 432]
[-202, 102, 433]
[-202, 102, 433]
[-202, 102, 434]
[-202, 102, 434]
[-203, 102, 435]
[-203, 103, 436]
[-203, 103, 436]
[-203, 103, 437]
[-203, 103, 437]
[-203, 104, 438]
[-204, 104, 438]
[-204, 104, 439]
[-204, 104, 439]
[-204, 105, 440]
[-204, 105, 441]
[-205, 105, 441]
[-205, 105, 442]
[-205, 106, 442]
[-205, 106, 443]
[-205, 106, 443]
[-206, 107, 444]
[-206, 107, 444]
[-206, 107, 445]
[-206, 107, 445]
[-207, 108, 446]
[-207, 108, 446]
[-207, 108, 447]
[-207, 109, 447]
[-207, 109, 448]
[-208, 109, 448]
[-208, 110, 448]
[-208, 110, 449]
[-208, 110, 449]
[-209, 111, 450]
[-209, 111, 450]
[-209, 111, 451]
[-209, 112, 451]
[-210, 112, 451]
[-210, 113, 452]
[-210, 113, 452]
[-210, 113, 453]
[-211, 114, 453]
[-211, 114, 454]
[-211, 114, 454]
[-212, 115, 454]
[-212, 115, 455]
[-212, 116, 455]
[-212, 116, 455]
[-213, 116, 456]
[-213, 117, 456]
[-213, 117, 456]
[-214, 118, 457]
[-214, 118, 457]
[-214, 119, 457]
[-215, 119, 458]
[-215, 119, 458]
[-215, 120, 458]
[-216, 120, 459]
[-216, 121, 459]
[-216, 121, 459]
[-217, 122, 460]
[-217, 122, 460]
[-218, 122, 460]
[-218, 123, 460]
[-218, 123, 461]
[-219, 124, 461]
[-219, 124, 461]
[-220, 125, 461]
[-220, 125, 462]
[-220, 126, 462]
[-221, 126, 462]
[-221, 127, 462]
[-222, 127, 462]
[-222, 128, 463]
[-223, 128, 463]
[-223, 129, 463]
[-223, 129, 463]
[-224, 130, 463]
[-224, 130, 464]
[-225, 131, 464]
[-225, 131, 464]
[-226, 132, 464]
[-226, 132, 464]
[-227, 133, 464]
[-227, 133, 464]
[-228, 134, 465]
[-228, 134, 465]
[-229, 135, 465]
[-229, 135, 465]
[-230, 136, 465]
[-230, 136, 465]
[-231, 137, 465]
[-232, 137, 465]
[-232, 138, 465]
[-233, 138, 465]
[-233, 139, 465]
[-234, 139, 466]
[-234, 140, 466]
[-235, 140, 466]
[-236, 141, 466]
[-236, 141, 466]
[-237, 142, 466]
[-238, 143, 466]
[-238, 143, 466]
[-239, 144, 466]
[-239, 144, 466]
[-240, 145, 466]
[-241, 145, 466]
[-241, 146, 466]
[-242, 146, 466]
[-243, 147, 466]
[-243, 147, 465]
[-244, 148, 465]
[-245, 149, 465]
[-245, 149, 465]
[-246, 150, 465]
[-247, 150, 465]
[-247, 151, 465]
[-248, 151, 465]
[-249, 152, 465]
[-250, 152, 465]
[-250, 153, 465]
[-251, 154, 464]
[-252, 154, 464]
[-252, 155, 464]
[-253, 155, 464]
[-254, 156, 464]
[-255, 156, 464]
[-255, 157, 464]
[-256, 157, 463]
[-257, 158, 463]
[-257, 159, 463]
[-258, 159, 463]
[-259, 160, 463]
[-260, 160, 462]
[-260, 161, 462]
[-261, 161, 462]
[-262, 162, 462]
[-263, 163, 462]
[-263, 163, 461]
[-264, 164, 461]
[-265, 164, 461]
[-266, 165, 461]
[-266, 165, 460]
[-267, 166, 460]
[-268, 167, 460]
[-269, 167, 460]
[-269, 168, 459]
[-270, 168, 459]
[-271, 169, 459]
[-272, 169, 458]
[-272, 170, 458]
[-273, 171, 458]
[-274, 171, 457]
[-274, 172, 457]
[-275, 172, 457]
[-276, 173, 456]
[-277, 173, 456]
[-277, 174, 456]
[-278, 174, 455]
[-279, 175, 455]
[-279, 176, 455]
[-280, 176, 454]
[-281, 177, 454]
[-282, 177, 453]
[-282, 178, 453]
[-283, 178, 453]
[-284, 179, 452]
[-284, 179, 452]
[-285, 180, 451]
[-286, 181, 451]
[-286, 181, 450]
[-287, 182, 450]
[-288, 182, 450]
[-288, 183, 449]
[-289, 183, 449]
[-290, 184, 448]
[-290, 184, 448]
[-291, 185, 447]
[-291, 185, 447]
[-292, 186, 446]
[-293, 187, 446]
[-293, 187, 445]
[-294, 188, 445]
[-295, 188, 444]
[-295, 189, 444]
[-296, 189, 443]
[-296, 190, 443]
[-297, 190, 442]
[-297, 191, 442]
[-298, 191, 441]
[-299, 192, 441]
[-299, 192, 440]
[-300, 193, 440]
[-300, 193, 439]
[-301, 194, 438]
[-301, 194, 438]
[-302, 195, 437]
[-302, 195, 437]
[-303, 196, 436]
[-303, 196, 436]
[-304, 197, 435]
[-304, 197, 434]
[-305, 198, 434]
[-305, 198, 433]
[-306, 199, 433]
[-306, 199, 432]
[-306, 200, 431]
[-307, 200, 431]
[-307, 201, 430]
[-308, 201, 429]
[-308, 202, 429]
[-309, 202, 428]
[-309, 203, 428]
[-309, 203, 427]
[-310, 204, 426]
[-310, 204, 426]
[-311, 205, 425]
[-311, 205, 424]
[-311, 206, 424]
[-312, 206, 423]
[-312, 206, 422]
[-313, 207, 422]
[-313, 207, 421]
[-313, 208, 420]
[-314, 208, 420]
[-314, 209, 419]
[-314, 209, 418]
[-315, 209, 417]
[-315, 210, 417]
[-315, 210, 416]
[-316, 211, 415]
[-316, 211, 415]
[-316, 212, 414]
[-317, 212, 413]
[-317, 212, 413]
[-317, 213, 412]
[-317, 213, 411]
[-318, 214, 410]
[-318, 214, 410]
[-318, 214, 409]
[-319, 215, 408]
[-319, 215, 407]
[-319, 215, 407]
[-319, 216, 406]
[-320, 216, 405]
[-320, 217, 404]
[-320, 217, 404]
[-320, 217, 403]
[-321, 218, 402]
[-321, 218, 401]
[-321, 218, 401]
[-321, 219, 400]
[-322, 219, 399]
[-322, 219, 398]
[-322, 220, 398]
[-322, 220, 397]
[-322, 220, 396]
[-323, 221, 395]
[-323, 221, 395]
[-323, 221, 394]
[-323, 221, 393]
[-324, 222, 392]
[-324, 222, 392]
[-324, 222, 391]
[-324, 223, 390]
[-324, 223, 389]
[-325, 223, 388]
[-325, 223, 388]
[-325, 224, 387]
[-325, 224, 386]
[-325, 224, 385]
[-326, 224, 385]
[-326, 225, 384]
[-326, 225, 383]
[-326, 225, 382]
[-326, 225, 382]
[-326, 226, 381]
[-327, 226, 380]
[-327, 226, 379]
[-327, 226, 378]
[-327, 226, 378]
[-327, 227, 377]
[-327, 227, 376]
[-327, 227, 375]
[-328, 227, 375]
[-328, 227, 374]
[-328, 228, 373]
[-328, 228, 372]
[-328, 228, 371]
[-328, 228, 371]
[-328, 228, 370]
[-329, 228, 369]
[-329, 228, 368]
[-329, 229, 368]
[-329, 229, 367]
[-329, 229, 366]
[-329, 229, 365]
[-329, 229, 365]
[-329, 229, 364]
[-329, 229, 363]
[-329, 229, 362]
[-329, 229, 362]
[-330, 230, 361]
[-330, 230, 360]
[-330, 230, 359]
[-330, 230, 359]
[-330, 230, 358]
[-330, 230, 357]
[-330, 230, 356]
[-330, 230, 356]
[-330, 230, 355]
[-330, 230, 354]
[-330, 230, 353]
[-330, 230, 353]
[-330, 230, 352]
