# Curve Parameters
# y_end: 254
# loops: 1
# A (south bulge): 140
# B (lateral wiggle): 20
# samples: 350
#
# Analysis Results
# max_grade: 0.925908
# length_3d: 394.93
# length_2d: 352.40
# min_horiz_step: 0.249812
# status: OK
#
# Coordinates (x, y, z)
#==================================================

[-199, 98, 410]
[-199, 98, 411]
[-199, 98, 413]
[-199, 98, 414]
[-199, 98, 415]
[-199, 98, 416]
[-199, 98, 418]
[-199, 98, 419]
[-199, 98, 420]
[-199, 98, 421]
[-199, 98, 422]
[-199, 98, 424]
[-199, 99, 425]
[-199, 99, 426]
[-200, 99, 427]
[-200, 99, 429]
[-200, 99, 430]
[-200, 99, 431]
[-200, 99, 432]
[-200, 99, 433]
[-200, 99, 435]
[-200, 100, 436]
[-200, 100, 437]
[-200, 100, 438]
[-200, 100, 439]
[-200, 100, 440]
[-201, 100, 442]
[-201, 101, 443]
[-201, 101, 444]
[-201, 101, 445]
[-201, 101, 446]
[-201, 101, 447]
[-201, 102, 448]
[-201, 102, 450]
[-201, 102, 451]
[-202, 102, 452]
[-202, 103, 453]
[-202, 103, 454]
[-202, 103, 455]
[-202, 103, 456]
[-202, 104, 457]
[-202, 104, 458]
[-202, 104, 459]
[-202, 105, 460]
[-203, 105, 461]
[-203, 105, 463]
[-203, 105, 464]
[-203, 106, 465]
[-203, 106, 466]
[-203, 106, 467]
[-203, 107, 468]
[-203, 107, 469]
[-204, 107, 470]
[-204, 108, 471]
[-204, 108, 472]
[-204, 108, 473]
[-204, 109, 474]
[-204, 109, 475]
[-204, 109, 476]
[-204, 110, 476]
[-205, 110, 477]
[-205, 111, 478]
[-205, 111, 479]
[-205, 111, 480]
[-205, 112, 481]
[-205, 112, 482]
[-205, 113, 483]
[-206, 113, 484]
[-206, 113, 485]
[-206, 114, 486]
[-206, 114, 486]
[-206, 115, 487]
[-206, 115, 488]
[-207, 116, 489]
[-207, 116, 490]
[-207, 117, 491]
[-207, 117, 491]
[-207, 117, 492]
[-207, 118, 493]
[-208, 118, 494]
[-208, 119, 495]
[-208, 119, 495]
[-208, 120, 496]
[-208, 120, 497]
[-209, 121, 498]
[-209, 121, 498]
[-209, 122, 499]
[-209, 122, 500]
[-210, 123, 500]
[-210, 123, 501]
[-210, 124, 502]
[-210, 124, 503]
[-211, 125, 503]
[-211, 125, 504]
[-211, 126, 504]
[-212, 126, 505]
[-212, 127, 506]
[-212, 127, 506]
[-212, 128, 507]
[-213, 129, 508]
[-213, 129, 508]
[-213, 130, 509]
[-214, 130, 509]
[-214, 131, 510]
[-215, 131, 510]
[-215, 132, 511]
[-215, 132, 511]
[-216, 133, 512]
[-216, 134, 512]
[-217, 134, 513]
[-217, 135, 513]
[-217, 135, 514]
[-218, 136, 514]
[-218, 136, 515]
[-219, 137, 515]
[-219, 138, 516]
[-220, 138, 516]
[-220, 139, 516]
[-221, 139, 517]
[-221, 140, 517]
[-222, 141, 518]
[-222, 141, 518]
[-223, 142, 518]
[-224, 142, 519]
[-224, 143, 519]
[-225, 144, 519]
[-225, 144, 520]
[-226, 145, 520]
[-227, 146, 520]
[-227, 146, 521]
[-228, 147, 521]
[-228, 147, 521]
[-229, 148, 521]
[-230, 149, 521]
[-230, 149, 522]
[-231, 150, 522]
[-232, 151, 522]
[-233, 151, 522]
[-233, 152, 522]
[-234, 153, 523]
[-235, 153, 523]
[-236, 154, 523]
[-236, 154, 523]
[-237, 155, 523]
[-238, 156, 523]
[-239, 156, 523]
[-239, 157, 523]
[-240, 158, 524]
[-241, 158, 524]
[-242, 159, 524]
[-243, 160, 524]
[-243, 160, 524]
[-244, 161, 524]
[-245, 162, 524]
[-246, 162, 524]
[-247, 163, 524]
[-248, 164, 524]
[-249, 164, 524]
[-250, 165, 524]
[-250, 166, 523]
[-251, 166, 523]
[-252, 167, 523]
[-253, 168, 523]
[-254, 168, 523]
[-255, 169, 523]
[-256, 170, 523]
[-257, 170, 523]
[-258, 171, 523]
[-259, 172, 522]
[-259, 172, 522]
[-260, 173, 522]
[-261, 174, 522]
[-262, 174, 522]
[-263, 175, 521]
[-264, 176, 521]
[-265, 176, 521]
[-266, 177, 521]
[-267, 178, 520]
[-268, 178, 520]
[-269, 179, 520]
[-270, 180, 519]
[-270, 180, 519]
[-271, 181, 519]
[-272, 182, 518]
[-273, 182, 518]
[-274, 183, 518]
[-275, 184, 517]
[-276, 184, 517]
[-277, 185, 517]
[-278, 186, 516]
[-279, 186, 516]
[-279, 187, 515]
[-280, 188, 515]
[-281, 188, 514]
[-282, 189, 514]
[-283, 190, 514]
[-284, 190, 513]
[-285, 191, 513]
[-286, 192, 512]
[-286, 192, 512]
[-287, 193, 511]
[-288, 194, 510]
[-289, 194, 510]
[-290, 195, 509]
[-290, 196, 509]
[-291, 196, 508]
[-292, 197, 508]
[-293, 198, 507]
[-293, 198, 506]
[-294, 199, 506]
[-295, 199, 505]
[-296, 200, 505]
[-296, 201, 504]
[-297, 201, 503]
[-298, 202, 503]
[-299, 203, 502]
[-299, 203, 501]
[-300, 204, 500]
[-301, 205, 500]
[-301, 205, 499]
[-302, 206, 498]
[-302, 206, 498]
[-303, 207, 497]
[-304, 208, 496]
[-304, 208, 495]
[-305, 209, 495]
[-305, 210, 494]
[-306, 210, 493]
[-307, 211, 492]
[-307, 211, 491]
[-308, 212, 491]
[-308, 213, 490]
[-309, 213, 489]
[-309, 214, 488]
[-310, 214, 487]
[-310, 215, 486]
[-311, 216, 485]
[-311, 216, 485]
[-312, 217, 484]
[-312, 217, 483]
[-312, 218, 482]
[-313, 218, 481]
[-313, 219, 480]
[-314, 220, 479]
[-314, 220, 478]
[-314, 221, 477]
[-315, 221, 476]
[-315, 222, 475]
[-316, 222, 474]
[-316, 223, 473]
[-316, 223, 472]
[-317, 224, 471]
[-317, 225, 470]
[-317, 225, 469]
[-317, 226, 468]
[-318, 226, 467]
[-318, 227, 466]
[-318, 227, 465]
[-319, 228, 464]
[-319, 228, 463]
[-319, 229, 462]
[-319, 229, 461]
[-320, 230, 460]
[-320, 230, 459]
[-320, 231, 458]
[-320, 231, 457]
[-321, 232, 455]
[-321, 232, 454]
[-321, 233, 453]
[-321, 233, 452]
[-321, 234, 451]
[-322, 234, 450]
[-322, 235, 449]
[-322, 235, 448]
[-322, 235, 446]
[-322, 236, 445]
[-322, 236, 444]
[-323, 237, 443]
[-323, 237, 442]
[-323, 238, 441]
[-323, 238, 439]
[-323, 239, 438]
[-323, 239, 437]
[-324, 239, 436]
[-324, 240, 435]
[-324, 240, 433]
[-324, 241, 432]
[-324, 241, 431]
[-324, 241, 430]
[-324, 242, 429]
[-325, 242, 427]
[-325, 243, 426]
[-325, 243, 425]
[-325, 243, 424]
[-325, 244, 422]
[-325, 244, 421]
[-325, 244, 420]
[-325, 245, 419]
[-326, 245, 417]
[-326, 245, 416]
[-326, 246, 415]
[-326, 246, 414]
[-326, 246, 412]
[-326, 247, 411]
[-326, 247, 410]
[-326, 247, 409]
[-327, 247, 407]
[-327, 248, 406]
[-327, 248, 405]
[-327, 248, 403]
[-327, 249, 402]
[-327, 249, 401]
[-327, 249, 400]
[-327, 249, 398]
[-327, 250, 397]
[-328, 250, 396]
[-328, 250, 394]
[-328, 250, 393]
[-328, 251, 392]
[-328, 251, 391]
[-328, 251, 389]
[-328, 251, 388]
[-328, 251, 387]
[-328, 252, 385]
[-329, 252, 384]
[-329, 252, 383]
[-329, 252, 382]
[-329, 252, 380]
[-329, 252, 379]
[-329, 253, 378]
[-329, 253, 376]
[-329, 253, 375]
[-329, 253, 374]
[-329, 253, 372]
[-329, 253, 371]
[-329, 253, 370]
[-330, 253, 369]
[-330, 253, 367]
[-330, 254, 366]
[-330, 254, 365]
[-330, 254, 363]
[-330, 254, 362]
[-330, 254, 361]
[-330, 254, 360]
[-330, 254, 358]
[-330, 254, 357]
[-330, 254, 356]
[-330, 254, 355]
[-330, 254, 353]
[-330, 254, 352]
