# Curve Parameters
# y_end: 222
# loops: 1
# A (south bulge): 140
# B (lateral wiggle): 10
# samples: 350
#
# Analysis Results
# max_grade: 0.780298
# length_3d: 373.07
# length_2d: 343.72
# min_horiz_step: 0.247671
# status: OK
#
# Coordinates (x, y, z)
#==================================================

[-199, 98, 410]
[-199, 98, 411]
[-199, 98, 413]
[-199, 98, 414]
[-199, 98, 415]
[-199, 98, 416]
[-199, 98, 418]
[-199, 98, 419]
[-199, 98, 420]
[-199, 98, 421]
[-199, 98, 422]
[-199, 98, 424]
[-199, 98, 425]
[-200, 99, 426]
[-200, 99, 427]
[-200, 99, 429]
[-200, 99, 430]
[-200, 99, 431]
[-200, 99, 432]
[-200, 99, 433]
[-200, 99, 435]
[-200, 99, 436]
[-200, 99, 437]
[-200, 100, 438]
[-201, 100, 439]
[-201, 100, 440]
[-201, 100, 442]
[-201, 100, 443]
[-201, 100, 444]
[-201, 100, 445]
[-201, 101, 446]
[-202, 101, 447]
[-202, 101, 448]
[-202, 101, 450]
[-202, 101, 451]
[-202, 101, 452]
[-202, 102, 453]
[-202, 102, 454]
[-203, 102, 455]
[-203, 102, 456]
[-203, 103, 457]
[-203, 103, 458]
[-203, 103, 459]
[-203, 103, 460]
[-204, 103, 461]
[-204, 104, 463]
[-204, 104, 464]
[-204, 104, 465]
[-204, 104, 466]
[-205, 105, 467]
[-205, 105, 468]
[-205, 105, 469]
[-205, 105, 470]
[-205, 106, 471]
[-206, 106, 472]
[-206, 106, 473]
[-206, 107, 474]
[-206, 107, 475]
[-207, 107, 476]
[-207, 107, 476]
[-207, 108, 477]
[-207, 108, 478]
[-207, 108, 479]
[-208, 109, 480]
[-208, 109, 481]
[-208, 109, 482]
[-208, 110, 483]
[-209, 110, 484]
[-209, 110, 485]
[-209, 111, 486]
[-209, 111, 486]
[-210, 111, 487]
[-210, 112, 488]
[-210, 112, 489]
[-210, 112, 490]
[-211, 113, 491]
[-211, 113, 491]
[-211, 113, 492]
[-212, 114, 493]
[-212, 114, 494]
[-212, 115, 495]
[-212, 115, 495]
[-213, 115, 496]
[-213, 116, 497]
[-213, 116, 498]
[-214, 116, 498]
[-214, 117, 499]
[-214, 117, 500]
[-215, 118, 500]
[-215, 118, 501]
[-215, 118, 502]
[-216, 119, 503]
[-216, 119, 503]
[-216, 120, 504]
[-217, 120, 504]
[-217, 121, 505]
[-218, 121, 506]
[-218, 121, 506]
[-218, 122, 507]
[-219, 122, 508]
[-219, 123, 508]
[-220, 123, 509]
[-220, 124, 509]
[-220, 124, 510]
[-221, 124, 510]
[-221, 125, 511]
[-222, 125, 511]
[-222, 126, 512]
[-223, 126, 512]
[-223, 127, 513]
[-223, 127, 513]
[-224, 128, 514]
[-224, 128, 514]
[-225, 129, 515]
[-225, 129, 515]
[-226, 130, 516]
[-226, 130, 516]
[-227, 130, 516]
[-227, 131, 517]
[-228, 131, 517]
[-228, 132, 518]
[-229, 132, 518]
[-229, 133, 518]
[-230, 133, 519]
[-230, 134, 519]
[-231, 134, 519]
[-232, 135, 520]
[-232, 135, 520]
[-233, 136, 520]
[-233, 136, 521]
[-234, 137, 521]
[-234, 137, 521]
[-235, 138, 521]
[-236, 138, 521]
[-236, 139, 522]
[-237, 139, 522]
[-238, 140, 522]
[-238, 140, 522]
[-239, 141, 522]
[-239, 141, 523]
[-240, 142, 523]
[-241, 142, 523]
[-241, 143, 523]
[-242, 143, 523]
[-243, 144, 523]
[-243, 144, 523]
[-244, 145, 523]
[-245, 145, 524]
[-245, 146, 524]
[-246, 147, 524]
[-247, 147, 524]
[-247, 148, 524]
[-248, 148, 524]
[-249, 149, 524]
[-250, 149, 524]
[-250, 150, 524]
[-251, 150, 524]
[-252, 151, 524]
[-252, 151, 524]
[-253, 152, 523]
[-254, 152, 523]
[-255, 153, 523]
[-255, 153, 523]
[-256, 154, 523]
[-257, 154, 523]
[-257, 155, 523]
[-258, 155, 523]
[-259, 156, 523]
[-260, 157, 522]
[-260, 157, 522]
[-261, 158, 522]
[-262, 158, 522]
[-263, 159, 522]
[-263, 159, 521]
[-264, 160, 521]
[-265, 160, 521]
[-266, 161, 521]
[-266, 161, 520]
[-267, 162, 520]
[-268, 162, 520]
[-269, 163, 519]
[-269, 163, 519]
[-270, 164, 519]
[-271, 165, 518]
[-272, 165, 518]
[-272, 166, 518]
[-273, 166, 517]
[-274, 167, 517]
[-274, 167, 517]
[-275, 168, 516]
[-276, 168, 516]
[-277, 169, 515]
[-277, 169, 515]
[-278, 170, 514]
[-279, 170, 514]
[-279, 171, 514]
[-280, 171, 513]
[-281, 172, 513]
[-282, 172, 512]
[-282, 173, 512]
[-283, 173, 511]
[-284, 174, 510]
[-284, 175, 510]
[-285, 175, 509]
[-286, 176, 509]
[-286, 176, 508]
[-287, 177, 508]
[-288, 177, 507]
[-288, 178, 506]
[-289, 178, 506]
[-290, 179, 505]
[-290, 179, 505]
[-291, 180, 504]
[-291, 180, 503]
[-292, 181, 503]
[-293, 181, 502]
[-293, 182, 501]
[-294, 182, 500]
[-295, 183, 500]
[-295, 183, 499]
[-296, 184, 498]
[-296, 184, 498]
[-297, 185, 497]
[-297, 185, 496]
[-298, 186, 495]
[-299, 186, 495]
[-299, 187, 494]
[-300, 187, 493]
[-300, 188, 492]
[-301, 188, 491]
[-301, 189, 491]
[-302, 189, 490]
[-302, 190, 489]
[-303, 190, 488]
[-303, 190, 487]
[-304, 191, 486]
[-304, 191, 485]
[-305, 192, 485]
[-305, 192, 484]
[-306, 193, 483]
[-306, 193, 482]
[-306, 194, 481]
[-307, 194, 480]
[-307, 195, 479]
[-308, 195, 478]
[-308, 196, 477]
[-309, 196, 476]
[-309, 196, 475]
[-309, 197, 474]
[-310, 197, 473]
[-310, 198, 472]
[-311, 198, 471]
[-311, 199, 470]
[-311, 199, 469]
[-312, 199, 468]
[-312, 200, 467]
[-313, 200, 466]
[-313, 201, 465]
[-313, 201, 464]
[-314, 202, 463]
[-314, 202, 462]
[-314, 202, 461]
[-315, 203, 460]
[-315, 203, 459]
[-315, 204, 458]
[-316, 204, 457]
[-316, 204, 455]
[-316, 205, 454]
[-317, 205, 453]
[-317, 205, 452]
[-317, 206, 451]
[-317, 206, 450]
[-318, 207, 449]
[-318, 207, 448]
[-318, 207, 446]
[-319, 208, 445]
[-319, 208, 444]
[-319, 208, 443]
[-319, 209, 442]
[-320, 209, 441]
[-320, 209, 439]
[-320, 210, 438]
[-320, 210, 437]
[-321, 210, 436]
[-321, 211, 435]
[-321, 211, 433]
[-321, 211, 432]
[-322, 212, 431]
[-322, 212, 430]
[-322, 212, 429]
[-322, 213, 427]
[-322, 213, 426]
[-323, 213, 425]
[-323, 213, 424]
[-323, 214, 422]
[-323, 214, 421]
[-324, 214, 420]
[-324, 215, 419]
[-324, 215, 417]
[-324, 215, 416]
[-324, 215, 415]
[-325, 216, 414]
[-325, 216, 412]
[-325, 216, 411]
[-325, 216, 410]
[-325, 217, 409]
[-326, 217, 407]
[-326, 217, 406]
[-326, 217, 405]
[-326, 217, 403]
[-326, 218, 402]
[-326, 218, 401]
[-327, 218, 400]
[-327, 218, 398]
[-327, 219, 397]
[-327, 219, 396]
[-327, 219, 394]
[-327, 219, 393]
[-327, 219, 392]
[-328, 219, 391]
[-328, 220, 389]
[-328, 220, 388]
[-328, 220, 387]
[-328, 220, 385]
[-328, 220, 384]
[-328, 220, 383]
[-329, 220, 382]
[-329, 221, 380]
[-329, 221, 379]
[-329, 221, 378]
[-329, 221, 376]
[-329, 221, 375]
[-329, 221, 374]
[-329, 221, 372]
[-329, 221, 371]
[-329, 221, 370]
[-329, 221, 369]
[-330, 222, 367]
[-330, 222, 366]
[-330, 222, 365]
[-330, 222, 363]
[-330, 222, 362]
[-330, 222, 361]
[-330, 222, 360]
[-330, 222, 358]
[-330, 222, 357]
[-330, 222, 356]
[-330, 222, 355]
[-330, 222, 353]
[-330, 222, 352]
