# Curve Parameters
# y_end: 244
# loops: 1
# A (south bulge): 140
# B (lateral wiggle): 80
# samples: 350
#
# Analysis Results
# max_grade: 0.989922
# length_3d: 458.82
# length_2d: 428.63
# min_horiz_step: 0.209470
# status: OK
#
# Coordinates (x, y, z)
#==================================================

[-199, 98, 410]
[-199, 98, 411]
[-199, 98, 413]
[-199, 98, 414]
[-199, 98, 415]
[-199, 98, 416]
[-199, 98, 418]
[-199, 98, 419]
[-199, 98, 420]
[-199, 98, 421]
[-199, 98, 422]
[-199, 98, 424]
[-199, 99, 425]
[-199, 99, 426]
[-199, 99, 427]
[-199, 99, 429]
[-199, 99, 430]
[-199, 99, 431]
[-199, 99, 432]
[-199, 99, 433]
[-199, 99, 435]
[-199, 100, 436]
[-199, 100, 437]
[-199, 100, 438]
[-199, 100, 439]
[-199, 100, 440]
[-199, 100, 442]
[-199, 100, 443]
[-199, 101, 444]
[-199, 101, 445]
[-199, 101, 446]
[-199, 101, 447]
[-199, 101, 448]
[-198, 102, 450]
[-198, 102, 451]
[-198, 102, 452]
[-198, 102, 453]
[-198, 103, 454]
[-198, 103, 455]
[-197, 103, 456]
[-197, 103, 457]
[-197, 104, 458]
[-197, 104, 459]
[-197, 104, 460]
[-196, 104, 461]
[-196, 105, 463]
[-196, 105, 464]
[-195, 105, 465]
[-195, 106, 466]
[-195, 106, 467]
[-194, 106, 468]
[-194, 106, 469]
[-194, 107, 470]
[-193, 107, 471]
[-193, 107, 472]
[-193, 108, 473]
[-192, 108, 474]
[-192, 108, 475]
[-191, 109, 476]
[-191, 109, 476]
[-191, 109, 477]
[-190, 110, 478]
[-190, 110, 479]
[-189, 111, 480]
[-189, 111, 481]
[-188, 111, 482]
[-188, 112, 483]
[-188, 112, 484]
[-187, 112, 485]
[-187, 113, 486]
[-186, 113, 486]
[-186, 114, 487]
[-185, 114, 488]
[-185, 114, 489]
[-184, 115, 490]
[-184, 115, 491]
[-184, 116, 491]
[-183, 116, 492]
[-183, 117, 493]
[-182, 117, 494]
[-182, 117, 495]
[-182, 118, 495]
[-181, 118, 496]
[-181, 119, 497]
[-181, 119, 498]
[-180, 120, 498]
[-180, 120, 499]
[-180, 121, 500]
[-179, 121, 500]
[-179, 122, 501]
[-179, 122, 502]
[-178, 123, 503]
[-178, 123, 503]
[-178, 124, 504]
[-178, 124, 504]
[-178, 125, 505]
[-178, 125, 506]
[-177, 126, 506]
[-177, 126, 507]
[-177, 127, 508]
[-177, 127, 508]
[-177, 128, 509]
[-177, 128, 509]
[-177, 129, 510]
[-177, 129, 510]
[-178, 130, 511]
[-178, 130, 511]
[-178, 131, 512]
[-178, 131, 512]
[-178, 132, 513]
[-179, 132, 513]
[-179, 133, 514]
[-179, 133, 514]
[-180, 134, 515]
[-180, 135, 515]
[-180, 135, 516]
[-181, 136, 516]
[-181, 136, 516]
[-182, 137, 517]
[-182, 137, 517]
[-183, 138, 518]
[-184, 138, 518]
[-184, 139, 518]
[-185, 140, 519]
[-186, 140, 519]
[-187, 141, 519]
[-188, 141, 520]
[-188, 142, 520]
[-189, 143, 520]
[-190, 143, 521]
[-191, 144, 521]
[-192, 144, 521]
[-193, 145, 521]
[-194, 145, 521]
[-196, 146, 522]
[-197, 147, 522]
[-198, 147, 522]
[-199, 148, 522]
[-200, 148, 522]
[-202, 149, 523]
[-203, 150, 523]
[-204, 150, 523]
[-206, 151, 523]
[-207, 151, 523]
[-209, 152, 523]
[-210, 153, 523]
[-212, 153, 523]
[-213, 154, 524]
[-215, 154, 524]
[-217, 155, 524]
[-218, 156, 524]
[-220, 156, 524]
[-222, 157, 524]
[-223, 158, 524]
[-225, 158, 524]
[-227, 159, 524]
[-229, 159, 524]
[-231, 160, 524]
[-232, 161, 524]
[-234, 161, 523]
[-236, 162, 523]
[-238, 163, 523]
[-240, 163, 523]
[-242, 164, 523]
[-244, 164, 523]
[-246, 165, 523]
[-248, 166, 523]
[-250, 166, 523]
[-252, 167, 522]
[-254, 168, 522]
[-256, 168, 522]
[-257, 169, 522]
[-259, 169, 522]
[-261, 170, 521]
[-263, 171, 521]
[-266, 171, 521]
[-268, 172, 521]
[-270, 173, 520]
[-272, 173, 520]
[-273, 174, 520]
[-275, 174, 519]
[-277, 175, 519]
[-279, 176, 519]
[-281, 176, 518]
[-283, 177, 518]
[-285, 178, 518]
[-287, 178, 517]
[-289, 179, 517]
[-291, 179, 517]
[-293, 180, 516]
[-295, 181, 516]
[-297, 181, 515]
[-298, 182, 515]
[-300, 183, 514]
[-302, 183, 514]
[-304, 184, 514]
[-306, 184, 513]
[-307, 185, 513]
[-309, 186, 512]
[-311, 186, 512]
[-312, 187, 511]
[-314, 188, 510]
[-316, 188, 510]
[-317, 189, 509]
[-319, 189, 509]
[-320, 190, 508]
[-322, 191, 508]
[-323, 191, 507]
[-325, 192, 506]
[-326, 192, 506]
[-327, 193, 505]
[-329, 194, 505]
[-330, 194, 504]
[-331, 195, 503]
[-332, 195, 503]
[-333, 196, 502]
[-335, 197, 501]
[-336, 197, 500]
[-337, 198, 500]
[-338, 198, 499]
[-339, 199, 498]
[-340, 199, 498]
[-341, 200, 497]
[-341, 201, 496]
[-342, 201, 495]
[-343, 202, 495]
[-344, 202, 494]
[-345, 203, 493]
[-345, 204, 492]
[-346, 204, 491]
[-347, 205, 491]
[-347, 205, 490]
[-348, 206, 489]
[-348, 206, 488]
[-349, 207, 487]
[-349, 207, 486]
[-349, 208, 485]
[-350, 209, 485]
[-350, 209, 484]
[-350, 210, 483]
[-351, 210, 482]
[-351, 211, 481]
[-351, 211, 480]
[-351, 212, 479]
[-351, 212, 478]
[-352, 213, 477]
[-352, 213, 476]
[-352, 214, 475]
[-352, 214, 474]
[-352, 215, 473]
[-352, 215, 472]
[-352, 216, 471]
[-352, 216, 470]
[-351, 217, 469]
[-351, 217, 468]
[-351, 218, 467]
[-351, 218, 466]
[-351, 219, 465]
[-351, 219, 464]
[-350, 220, 463]
[-350, 220, 462]
[-350, 221, 461]
[-349, 221, 460]
[-349, 222, 459]
[-349, 222, 458]
[-348, 223, 457]
[-348, 223, 455]
[-348, 224, 454]
[-347, 224, 453]
[-347, 225, 452]
[-347, 225, 451]
[-346, 225, 450]
[-346, 226, 449]
[-345, 226, 448]
[-345, 227, 446]
[-345, 227, 445]
[-344, 228, 444]
[-344, 228, 443]
[-343, 228, 442]
[-343, 229, 441]
[-342, 229, 439]
[-342, 230, 438]
[-341, 230, 437]
[-341, 230, 436]
[-341, 231, 435]
[-340, 231, 433]
[-340, 231, 432]
[-339, 232, 431]
[-339, 232, 430]
[-338, 233, 429]
[-338, 233, 427]
[-338, 233, 426]
[-337, 234, 425]
[-337, 234, 424]
[-336, 234, 422]
[-336, 235, 421]
[-336, 235, 420]
[-335, 235, 419]
[-335, 236, 417]
[-335, 236, 416]
[-334, 236, 415]
[-334, 236, 414]
[-334, 237, 412]
[-333, 237, 411]
[-333, 237, 410]
[-333, 238, 409]
[-332, 238, 407]
[-332, 238, 406]
[-332, 238, 405]
[-332, 239, 403]
[-332, 239, 402]
[-331, 239, 401]
[-331, 239, 400]
[-331, 240, 398]
[-331, 240, 397]
[-331, 240, 396]
[-331, 240, 394]
[-330, 241, 393]
[-330, 241, 392]
[-330, 241, 391]
[-330, 241, 389]
[-330, 241, 388]
[-330, 242, 387]
[-330, 242, 385]
[-330, 242, 384]
[-330, 242, 383]
[-330, 242, 382]
[-330, 242, 380]
[-330, 242, 379]
[-330, 243, 378]
[-330, 243, 376]
[-330, 243, 375]
[-330, 243, 374]
[-330, 243, 372]
[-330, 243, 371]
[-330, 243, 370]
[-330, 243, 369]
[-330, 243, 367]
[-330, 244, 366]
[-330, 244, 365]
[-330, 244, 363]
[-330, 244, 362]
[-330, 244, 361]
[-330, 244, 360]
[-330, 244, 358]
[-330, 244, 357]
[-330, 244, 356]
[-330, 244, 355]
[-330, 244, 353]
[-330, 244, 352]
