# Curve Parameters
# y_end: 254
# loops: 1
# A (south bulge): 140
# B (lateral wiggle): 30
# samples: 350
#
# Analysis Results
# max_grade: 0.926746
# length_3d: 403.00
# length_2d: 362.28
# min_horiz_step: 0.243295
# status: OK
#
# Coordinates (x, y, z)
#==================================================

[-199, 98, 410]
[-199, 98, 411]
[-199, 98, 413]
[-199, 98, 414]
[-199, 98, 415]
[-199, 98, 416]
[-199, 98, 418]
[-199, 98, 419]
[-199, 98, 420]
[-199, 98, 421]
[-199, 98, 422]
[-199, 98, 424]
[-199, 99, 425]
[-199, 99, 426]
[-199, 99, 427]
[-200, 99, 429]
[-200, 99, 430]
[-200, 99, 431]
[-200, 99, 432]
[-200, 99, 433]
[-200, 99, 435]
[-200, 100, 436]
[-200, 100, 437]
[-200, 100, 438]
[-200, 100, 439]
[-200, 100, 440]
[-200, 100, 442]
[-200, 101, 443]
[-200, 101, 444]
[-201, 101, 445]
[-201, 101, 446]
[-201, 101, 447]
[-201, 102, 448]
[-201, 102, 450]
[-201, 102, 451]
[-201, 102, 452]
[-201, 103, 453]
[-201, 103, 454]
[-201, 103, 455]
[-201, 103, 456]
[-201, 104, 457]
[-201, 104, 458]
[-201, 104, 459]
[-201, 105, 460]
[-202, 105, 461]
[-202, 105, 463]
[-202, 105, 464]
[-202, 106, 465]
[-202, 106, 466]
[-202, 106, 467]
[-202, 107, 468]
[-202, 107, 469]
[-202, 107, 470]
[-202, 108, 471]
[-202, 108, 472]
[-202, 108, 473]
[-202, 109, 474]
[-202, 109, 475]
[-202, 109, 476]
[-202, 110, 476]
[-202, 110, 477]
[-202, 111, 478]
[-202, 111, 479]
[-202, 111, 480]
[-202, 112, 481]
[-203, 112, 482]
[-203, 113, 483]
[-203, 113, 484]
[-203, 113, 485]
[-203, 114, 486]
[-203, 114, 486]
[-203, 115, 487]
[-203, 115, 488]
[-203, 116, 489]
[-203, 116, 490]
[-203, 117, 491]
[-203, 117, 491]
[-203, 117, 492]
[-203, 118, 493]
[-203, 118, 494]
[-204, 119, 495]
[-204, 119, 495]
[-204, 120, 496]
[-204, 120, 497]
[-204, 121, 498]
[-204, 121, 498]
[-204, 122, 499]
[-204, 122, 500]
[-205, 123, 500]
[-205, 123, 501]
[-205, 124, 502]
[-205, 124, 503]
[-205, 125, 503]
[-205, 125, 504]
[-206, 126, 504]
[-206, 126, 505]
[-206, 127, 506]
[-206, 127, 506]
[-207, 128, 507]
[-207, 129, 508]
[-207, 129, 508]
[-207, 130, 509]
[-208, 130, 509]
[-208, 131, 510]
[-208, 131, 510]
[-209, 132, 511]
[-209, 132, 511]
[-209, 133, 512]
[-210, 134, 512]
[-210, 134, 513]
[-211, 135, 513]
[-211, 135, 514]
[-211, 136, 514]
[-212, 136, 515]
[-212, 137, 515]
[-213, 138, 516]
[-213, 138, 516]
[-214, 139, 516]
[-214, 139, 517]
[-215, 140, 517]
[-215, 141, 518]
[-216, 141, 518]
[-217, 142, 518]
[-217, 142, 519]
[-218, 143, 519]
[-218, 144, 519]
[-219, 144, 520]
[-220, 145, 520]
[-220, 146, 520]
[-221, 146, 521]
[-222, 147, 521]
[-222, 147, 521]
[-223, 148, 521]
[-224, 149, 521]
[-225, 149, 522]
[-225, 150, 522]
[-226, 151, 522]
[-227, 151, 522]
[-228, 152, 522]
[-229, 153, 523]
[-230, 153, 523]
[-230, 154, 523]
[-231, 154, 523]
[-232, 155, 523]
[-233, 156, 523]
[-234, 156, 523]
[-235, 157, 523]
[-236, 158, 524]
[-237, 158, 524]
[-238, 159, 524]
[-239, 160, 524]
[-240, 160, 524]
[-241, 161, 524]
[-242, 162, 524]
[-243, 162, 524]
[-244, 163, 524]
[-245, 164, 524]
[-246, 164, 524]
[-247, 165, 524]
[-248, 166, 523]
[-249, 166, 523]
[-250, 167, 523]
[-251, 168, 523]
[-252, 168, 523]
[-253, 169, 523]
[-254, 170, 523]
[-255, 170, 523]
[-256, 171, 523]
[-257, 172, 522]
[-258, 172, 522]
[-260, 173, 522]
[-261, 174, 522]
[-262, 174, 522]
[-263, 175, 521]
[-264, 176, 521]
[-265, 176, 521]
[-266, 177, 521]
[-267, 178, 520]
[-268, 178, 520]
[-269, 179, 520]
[-271, 180, 519]
[-272, 180, 519]
[-273, 181, 519]
[-274, 182, 518]
[-275, 182, 518]
[-276, 183, 518]
[-277, 184, 517]
[-278, 184, 517]
[-279, 185, 517]
[-280, 186, 516]
[-281, 186, 516]
[-282, 187, 515]
[-283, 188, 515]
[-284, 188, 514]
[-285, 189, 514]
[-286, 190, 514]
[-287, 190, 513]
[-288, 191, 513]
[-289, 192, 512]
[-290, 192, 512]
[-291, 193, 511]
[-292, 194, 510]
[-293, 194, 510]
[-294, 195, 509]
[-295, 196, 509]
[-296, 196, 508]
[-297, 197, 508]
[-298, 198, 507]
[-299, 198, 506]
[-299, 199, 506]
[-300, 199, 505]
[-301, 200, 505]
[-302, 201, 504]
[-303, 201, 503]
[-304, 202, 503]
[-304, 203, 502]
[-305, 203, 501]
[-306, 204, 500]
[-307, 205, 500]
[-307, 205, 499]
[-308, 206, 498]
[-309, 206, 498]
[-309, 207, 497]
[-310, 208, 496]
[-311, 208, 495]
[-311, 209, 495]
[-312, 210, 494]
[-312, 210, 493]
[-313, 211, 492]
[-314, 211, 491]
[-314, 212, 491]
[-315, 213, 490]
[-315, 213, 489]
[-316, 214, 488]
[-316, 214, 487]
[-317, 215, 486]
[-317, 216, 485]
[-318, 216, 485]
[-318, 217, 484]
[-318, 217, 483]
[-319, 218, 482]
[-319, 218, 481]
[-320, 219, 480]
[-320, 220, 479]
[-320, 220, 478]
[-321, 221, 477]
[-321, 221, 476]
[-321, 222, 475]
[-322, 222, 474]
[-322, 223, 473]
[-322, 223, 472]
[-322, 224, 471]
[-323, 225, 470]
[-323, 225, 469]
[-323, 226, 468]
[-323, 226, 467]
[-324, 227, 466]
[-324, 227, 465]
[-324, 228, 464]
[-324, 228, 463]
[-324, 229, 462]
[-324, 229, 461]
[-325, 230, 460]
[-325, 230, 459]
[-325, 231, 458]
[-325, 231, 457]
[-325, 232, 455]
[-325, 232, 454]
[-325, 233, 453]
[-325, 233, 452]
[-326, 234, 451]
[-326, 234, 450]
[-326, 235, 449]
[-326, 235, 448]
[-326, 235, 446]
[-326, 236, 445]
[-326, 236, 444]
[-326, 237, 443]
[-326, 237, 442]
[-326, 238, 441]
[-326, 238, 439]
[-326, 239, 438]
[-326, 239, 437]
[-326, 239, 436]
[-326, 240, 435]
[-327, 240, 433]
[-327, 241, 432]
[-327, 241, 431]
[-327, 241, 430]
[-327, 242, 429]
[-327, 242, 427]
[-327, 243, 426]
[-327, 243, 425]
[-327, 243, 424]
[-327, 244, 422]
[-327, 244, 421]
[-327, 244, 420]
[-327, 245, 419]
[-327, 245, 417]
[-327, 245, 416]
[-327, 246, 415]
[-327, 246, 414]
[-327, 246, 412]
[-327, 247, 411]
[-327, 247, 410]
[-327, 247, 409]
[-328, 247, 407]
[-328, 248, 406]
[-328, 248, 405]
[-328, 248, 403]
[-328, 249, 402]
[-328, 249, 401]
[-328, 249, 400]
[-328, 249, 398]
[-328, 250, 397]
[-328, 250, 396]
[-328, 250, 394]
[-328, 250, 393]
[-328, 251, 392]
[-328, 251, 391]
[-328, 251, 389]
[-329, 251, 388]
[-329, 251, 387]
[-329, 252, 385]
[-329, 252, 384]
[-329, 252, 383]
[-329, 252, 382]
[-329, 252, 380]
[-329, 252, 379]
[-329, 253, 378]
[-329, 253, 376]
[-329, 253, 375]
[-329, 253, 374]
[-329, 253, 372]
[-329, 253, 371]
[-330, 253, 370]
[-330, 253, 369]
[-330, 253, 367]
[-330, 254, 366]
[-330, 254, 365]
[-330, 254, 363]
[-330, 254, 362]
[-330, 254, 361]
[-330, 254, 360]
[-330, 254, 358]
[-330, 254, 357]
[-330, 254, 356]
[-330, 254, 355]
[-330, 254, 353]
[-330, 254, 352]
