# Curve Parameters
# y_end: 246
# loops: 1
# A (south bulge): 120
# B (lateral wiggle): 30
# samples: 350
#
# Analysis Results
# max_grade: 0.989058
# length_3d: 365.57
# length_2d: 326.08
# min_horiz_step: 0.210616
# status: OK
#
# Coordinates (x, y, z)
#==================================================

[-199, 98, 410]
[-199, 98, 411]
[-199, 98, 412]
[-199, 98, 413]
[-199, 98, 414]
[-199, 98, 415]
[-199, 98, 416]
[-199, 98, 417]
[-199, 98, 419]
[-199, 98, 420]
[-199, 98, 421]
[-199, 98, 422]
[-199, 99, 423]
[-199, 99, 424]
[-199, 99, 425]
[-200, 99, 426]
[-200, 99, 427]
[-200, 99, 428]
[-200, 99, 429]
[-200, 99, 430]
[-200, 99, 431]
[-200, 100, 432]
[-200, 100, 433]
[-200, 100, 434]
[-200, 100, 435]
[-200, 100, 436]
[-200, 100, 437]
[-200, 101, 438]
[-200, 101, 439]
[-201, 101, 440]
[-201, 101, 441]
[-201, 101, 442]
[-201, 102, 443]
[-201, 102, 444]
[-201, 102, 445]
[-201, 102, 446]
[-201, 102, 446]
[-201, 103, 447]
[-201, 103, 448]
[-201, 103, 449]
[-201, 103, 450]
[-201, 104, 451]
[-201, 104, 452]
[-201, 104, 453]
[-202, 104, 454]
[-202, 105, 455]
[-202, 105, 456]
[-202, 105, 456]
[-202, 106, 457]
[-202, 106, 458]
[-202, 106, 459]
[-202, 107, 460]
[-202, 107, 461]
[-202, 107, 461]
[-202, 108, 462]
[-202, 108, 463]
[-202, 108, 464]
[-202, 109, 465]
[-202, 109, 466]
[-202, 109, 466]
[-202, 110, 467]
[-202, 110, 468]
[-202, 110, 469]
[-202, 111, 469]
[-202, 111, 470]
[-203, 111, 471]
[-203, 112, 472]
[-203, 112, 472]
[-203, 113, 473]
[-203, 113, 474]
[-203, 113, 475]
[-203, 114, 475]
[-203, 114, 476]
[-203, 115, 477]
[-203, 115, 477]
[-203, 116, 478]
[-203, 116, 479]
[-203, 116, 479]
[-203, 117, 480]
[-203, 117, 481]
[-204, 118, 481]
[-204, 118, 482]
[-204, 119, 483]
[-204, 119, 483]
[-204, 120, 484]
[-204, 120, 484]
[-204, 121, 485]
[-204, 121, 486]
[-205, 121, 486]
[-205, 122, 487]
[-205, 122, 487]
[-205, 123, 488]
[-205, 123, 488]
[-205, 124, 489]
[-206, 124, 489]
[-206, 125, 490]
[-206, 125, 491]
[-206, 126, 491]
[-207, 126, 492]
[-207, 127, 492]
[-207, 127, 492]
[-207, 128, 493]
[-208, 129, 493]
[-208, 129, 494]
[-208, 130, 494]
[-209, 130, 495]
[-209, 131, 495]
[-209, 131, 496]
[-210, 132, 496]
[-210, 132, 496]
[-211, 133, 497]
[-211, 133, 497]
[-211, 134, 497]
[-212, 134, 498]
[-212, 135, 498]
[-213, 136, 498]
[-213, 136, 499]
[-214, 137, 499]
[-214, 137, 499]
[-215, 138, 500]
[-215, 138, 500]
[-216, 139, 500]
[-217, 140, 501]
[-217, 140, 501]
[-218, 141, 501]
[-218, 141, 501]
[-219, 142, 502]
[-220, 143, 502]
[-220, 143, 502]
[-221, 144, 502]
[-222, 144, 502]
[-222, 145, 503]
[-223, 146, 503]
[-224, 146, 503]
[-225, 147, 503]
[-225, 147, 503]
[-226, 148, 503]
[-227, 149, 503]
[-228, 149, 504]
[-229, 150, 504]
[-230, 150, 504]
[-230, 151, 504]
[-231, 152, 504]
[-232, 152, 504]
[-233, 153, 504]
[-234, 153, 504]
[-235, 154, 504]
[-236, 155, 504]
[-237, 155, 504]
[-238, 156, 504]
[-239, 157, 504]
[-240, 157, 504]
[-241, 158, 504]
[-242, 158, 504]
[-243, 159, 504]
[-244, 160, 504]
[-245, 160, 504]
[-246, 161, 504]
[-247, 162, 504]
[-248, 162, 504]
[-249, 163, 504]
[-250, 163, 503]
[-251, 164, 503]
[-252, 165, 503]
[-253, 165, 503]
[-254, 166, 503]
[-255, 167, 503]
[-256, 167, 503]
[-257, 168, 502]
[-258, 169, 502]
[-260, 169, 502]
[-261, 170, 502]
[-262, 170, 502]
[-263, 171, 501]
[-264, 172, 501]
[-265, 172, 501]
[-266, 173, 501]
[-267, 174, 500]
[-268, 174, 500]
[-269, 175, 500]
[-271, 175, 499]
[-272, 176, 499]
[-273, 177, 499]
[-274, 177, 499]
[-275, 178, 498]
[-276, 179, 498]
[-277, 179, 497]
[-278, 180, 497]
[-279, 181, 497]
[-280, 181, 496]
[-281, 182, 496]
[-282, 182, 496]
[-283, 183, 495]
[-284, 184, 495]
[-285, 184, 494]
[-286, 185, 494]
[-287, 186, 493]
[-288, 186, 493]
[-289, 187, 493]
[-290, 187, 492]
[-291, 188, 492]
[-292, 189, 491]
[-293, 189, 491]
[-294, 190, 490]
[-295, 191, 490]
[-296, 191, 489]
[-297, 192, 488]
[-298, 192, 488]
[-299, 193, 487]
[-299, 194, 487]
[-300, 194, 486]
[-301, 195, 486]
[-302, 195, 485]
[-303, 196, 484]
[-304, 197, 484]
[-304, 197, 483]
[-305, 198, 483]
[-306, 198, 482]
[-307, 199, 481]
[-307, 200, 481]
[-308, 200, 480]
[-309, 201, 479]
[-309, 201, 479]
[-310, 202, 478]
[-311, 203, 477]
[-311, 203, 477]
[-312, 204, 476]
[-312, 204, 475]
[-313, 205, 474]
[-314, 206, 474]
[-314, 206, 473]
[-315, 207, 472]
[-315, 207, 471]
[-316, 208, 471]
[-316, 208, 470]
[-317, 209, 469]
[-317, 210, 468]
[-318, 210, 468]
[-318, 211, 467]
[-318, 211, 466]
[-319, 212, 465]
[-319, 212, 464]
[-320, 213, 464]
[-320, 213, 463]
[-320, 214, 462]
[-321, 214, 461]
[-321, 215, 460]
[-321, 215, 459]
[-322, 216, 458]
[-322, 217, 458]
[-322, 217, 457]
[-322, 218, 456]
[-323, 218, 455]
[-323, 219, 454]
[-323, 219, 453]
[-323, 220, 452]
[-324, 220, 451]
[-324, 221, 450]
[-324, 221, 449]
[-324, 222, 449]
[-324, 222, 448]
[-324, 223, 447]
[-325, 223, 446]
[-325, 223, 445]
[-325, 224, 444]
[-325, 224, 443]
[-325, 225, 442]
[-325, 225, 441]
[-325, 226, 440]
[-325, 226, 439]
[-326, 227, 438]
[-326, 227, 437]
[-326, 228, 436]
[-326, 228, 435]
[-326, 228, 434]
[-326, 229, 433]
[-326, 229, 432]
[-326, 230, 431]
[-326, 230, 430]
[-326, 231, 429]
[-326, 231, 428]
[-326, 231, 427]
[-326, 232, 426]
[-326, 232, 425]
[-326, 233, 424]
[-327, 233, 423]
[-327, 233, 421]
[-327, 234, 420]
[-327, 234, 419]
[-327, 234, 418]
[-327, 235, 417]
[-327, 235, 416]
[-327, 235, 415]
[-327, 236, 414]
[-327, 236, 413]
[-327, 236, 412]
[-327, 237, 411]
[-327, 237, 410]
[-327, 237, 409]
[-327, 238, 407]
[-327, 238, 406]
[-327, 238, 405]
[-327, 239, 404]
[-327, 239, 403]
[-327, 239, 402]
[-327, 240, 401]
[-328, 240, 400]
[-328, 240, 399]
[-328, 240, 398]
[-328, 241, 396]
[-328, 241, 395]
[-328, 241, 394]
[-328, 241, 393]
[-328, 242, 392]
[-328, 242, 391]
[-328, 242, 390]
[-328, 242, 389]
[-328, 242, 387]
[-328, 243, 386]
[-328, 243, 385]
[-328, 243, 384]
[-329, 243, 383]
[-329, 243, 382]
[-329, 244, 381]
[-329, 244, 380]
[-329, 244, 379]
[-329, 244, 377]
[-329, 244, 376]
[-329, 244, 375]
[-329, 245, 374]
[-329, 245, 373]
[-329, 245, 372]
[-329, 245, 371]
[-329, 245, 370]
[-329, 245, 368]
[-330, 245, 367]
[-330, 245, 366]
[-330, 245, 365]
[-330, 246, 364]
[-330, 246, 363]
[-330, 246, 362]
[-330, 246, 361]
[-330, 246, 360]
[-330, 246, 359]
[-330, 246, 357]
[-330, 246, 356]
[-330, 246, 355]
[-330, 246, 354]
[-330, 246, 353]
[-330, 246, 352]
