# Curve Parameters
# y_end: 240
# loops: 1
# A (south bulge): 140
# B (lateral wiggle): 60
# samples: 350
#
# Analysis Results
# max_grade: 0.912740
# length_3d: 429.48
# length_2d: 398.86
# min_horiz_step: 0.220531
# status: OK
#
# Coordinates (x, y, z)
#==================================================

[-199, 98, 410]
[-199, 98, 411]
[-199, 98, 413]
[-199, 98, 414]
[-199, 98, 415]
[-199, 98, 416]
[-199, 98, 418]
[-199, 98, 419]
[-199, 98, 420]
[-199, 98, 421]
[-199, 98, 422]
[-199, 98, 424]
[-199, 98, 425]
[-199, 99, 426]
[-199, 99, 427]
[-199, 99, 429]
[-199, 99, 430]
[-199, 99, 431]
[-200, 99, 432]
[-200, 99, 433]
[-200, 99, 435]
[-200, 99, 436]
[-200, 100, 437]
[-200, 100, 438]
[-200, 100, 439]
[-200, 100, 440]
[-200, 100, 442]
[-200, 100, 443]
[-200, 101, 444]
[-200, 101, 445]
[-200, 101, 446]
[-200, 101, 447]
[-199, 101, 448]
[-199, 102, 450]
[-199, 102, 451]
[-199, 102, 452]
[-199, 102, 453]
[-199, 102, 454]
[-199, 103, 455]
[-199, 103, 456]
[-199, 103, 457]
[-199, 103, 458]
[-199, 104, 459]
[-198, 104, 460]
[-198, 104, 461]
[-198, 104, 463]
[-198, 105, 464]
[-198, 105, 465]
[-198, 105, 466]
[-198, 106, 467]
[-197, 106, 468]
[-197, 106, 469]
[-197, 107, 470]
[-197, 107, 471]
[-197, 107, 472]
[-196, 107, 473]
[-196, 108, 474]
[-196, 108, 475]
[-196, 108, 476]
[-196, 109, 476]
[-195, 109, 477]
[-195, 109, 478]
[-195, 110, 479]
[-195, 110, 480]
[-194, 111, 481]
[-194, 111, 482]
[-194, 111, 483]
[-194, 112, 484]
[-193, 112, 485]
[-193, 112, 486]
[-193, 113, 486]
[-193, 113, 487]
[-192, 114, 488]
[-192, 114, 489]
[-192, 114, 490]
[-192, 115, 491]
[-191, 115, 491]
[-191, 116, 492]
[-191, 116, 493]
[-191, 117, 494]
[-191, 117, 495]
[-190, 117, 495]
[-190, 118, 496]
[-190, 118, 497]
[-190, 119, 498]
[-190, 119, 498]
[-190, 120, 499]
[-189, 120, 500]
[-189, 121, 500]
[-189, 121, 501]
[-189, 121, 502]
[-189, 122, 503]
[-189, 122, 503]
[-189, 123, 504]
[-189, 123, 504]
[-189, 124, 505]
[-189, 124, 506]
[-189, 125, 506]
[-189, 125, 507]
[-189, 126, 508]
[-189, 126, 508]
[-189, 127, 509]
[-189, 127, 509]
[-190, 128, 510]
[-190, 128, 510]
[-190, 129, 511]
[-190, 129, 511]
[-190, 130, 512]
[-191, 130, 512]
[-191, 131, 513]
[-191, 131, 513]
[-192, 132, 514]
[-192, 132, 514]
[-192, 133, 515]
[-193, 134, 515]
[-193, 134, 516]
[-194, 135, 516]
[-194, 135, 516]
[-195, 136, 517]
[-195, 136, 517]
[-196, 137, 518]
[-197, 137, 518]
[-197, 138, 518]
[-198, 138, 519]
[-199, 139, 519]
[-199, 140, 519]
[-200, 140, 520]
[-201, 141, 520]
[-202, 141, 520]
[-203, 142, 521]
[-203, 142, 521]
[-204, 143, 521]
[-205, 144, 521]
[-206, 144, 521]
[-207, 145, 522]
[-208, 145, 522]
[-209, 146, 522]
[-210, 146, 522]
[-211, 147, 522]
[-213, 148, 523]
[-214, 148, 523]
[-215, 149, 523]
[-216, 149, 523]
[-217, 150, 523]
[-218, 151, 523]
[-220, 151, 523]
[-221, 152, 523]
[-222, 152, 524]
[-224, 153, 524]
[-225, 154, 524]
[-226, 154, 524]
[-228, 155, 524]
[-229, 155, 524]
[-231, 156, 524]
[-232, 157, 524]
[-234, 157, 524]
[-235, 158, 524]
[-237, 158, 524]
[-238, 159, 524]
[-240, 160, 523]
[-241, 160, 523]
[-243, 161, 523]
[-244, 161, 523]
[-246, 162, 523]
[-247, 163, 523]
[-249, 163, 523]
[-251, 164, 523]
[-252, 164, 523]
[-254, 165, 522]
[-255, 166, 522]
[-257, 166, 522]
[-259, 167, 522]
[-260, 167, 522]
[-262, 168, 521]
[-264, 169, 521]
[-265, 169, 521]
[-267, 170, 521]
[-269, 171, 520]
[-270, 171, 520]
[-272, 172, 520]
[-274, 172, 519]
[-275, 173, 519]
[-277, 174, 519]
[-278, 174, 518]
[-280, 175, 518]
[-282, 175, 518]
[-283, 176, 517]
[-285, 177, 517]
[-286, 177, 517]
[-288, 178, 516]
[-289, 178, 516]
[-291, 179, 515]
[-292, 180, 515]
[-294, 180, 514]
[-295, 181, 514]
[-297, 181, 514]
[-298, 182, 513]
[-300, 183, 513]
[-301, 183, 512]
[-303, 184, 512]
[-304, 184, 511]
[-305, 185, 510]
[-307, 186, 510]
[-308, 186, 509]
[-309, 187, 509]
[-311, 187, 508]
[-312, 188, 508]
[-313, 189, 507]
[-314, 189, 506]
[-315, 190, 506]
[-316, 190, 505]
[-318, 191, 505]
[-319, 192, 504]
[-320, 192, 503]
[-321, 193, 503]
[-322, 193, 502]
[-323, 194, 501]
[-324, 194, 500]
[-325, 195, 500]
[-326, 196, 499]
[-326, 196, 498]
[-327, 197, 498]
[-328, 197, 497]
[-329, 198, 496]
[-330, 198, 495]
[-330, 199, 495]
[-331, 200, 494]
[-332, 200, 493]
[-332, 201, 492]
[-333, 201, 491]
[-334, 202, 491]
[-334, 202, 490]
[-335, 203, 489]
[-335, 203, 488]
[-336, 204, 487]
[-336, 204, 486]
[-337, 205, 485]
[-337, 206, 485]
[-337, 206, 484]
[-338, 207, 483]
[-338, 207, 482]
[-338, 208, 481]
[-339, 208, 480]
[-339, 209, 479]
[-339, 209, 478]
[-339, 210, 477]
[-339, 210, 476]
[-340, 211, 475]
[-340, 211, 474]
[-340, 212, 473]
[-340, 212, 472]
[-340, 213, 471]
[-340, 213, 470]
[-340, 214, 469]
[-340, 214, 468]
[-340, 215, 467]
[-340, 215, 466]
[-340, 216, 465]
[-340, 216, 464]
[-340, 217, 463]
[-340, 217, 462]
[-340, 217, 461]
[-340, 218, 460]
[-339, 218, 459]
[-339, 219, 458]
[-339, 219, 457]
[-339, 220, 455]
[-339, 220, 454]
[-339, 221, 453]
[-338, 221, 452]
[-338, 221, 451]
[-338, 222, 450]
[-338, 222, 449]
[-338, 223, 448]
[-337, 223, 446]
[-337, 224, 445]
[-337, 224, 444]
[-337, 224, 443]
[-336, 225, 442]
[-336, 225, 441]
[-336, 226, 439]
[-336, 226, 438]
[-335, 226, 437]
[-335, 227, 436]
[-335, 227, 435]
[-335, 227, 433]
[-334, 228, 432]
[-334, 228, 431]
[-334, 229, 430]
[-334, 229, 429]
[-333, 229, 427]
[-333, 230, 426]
[-333, 230, 425]
[-333, 230, 424]
[-333, 231, 422]
[-332, 231, 421]
[-332, 231, 420]
[-332, 231, 419]
[-332, 232, 417]
[-332, 232, 416]
[-331, 232, 415]
[-331, 233, 414]
[-331, 233, 412]
[-331, 233, 411]
[-331, 234, 410]
[-331, 234, 409]
[-331, 234, 407]
[-330, 234, 406]
[-330, 235, 405]
[-330, 235, 403]
[-330, 235, 402]
[-330, 235, 401]
[-330, 236, 400]
[-330, 236, 398]
[-330, 236, 397]
[-330, 236, 396]
[-330, 236, 394]
[-330, 237, 393]
[-329, 237, 392]
[-329, 237, 391]
[-329, 237, 389]
[-329, 237, 388]
[-329, 238, 387]
[-329, 238, 385]
[-329, 238, 384]
[-329, 238, 383]
[-329, 238, 382]
[-329, 238, 380]
[-329, 239, 379]
[-329, 239, 378]
[-329, 239, 376]
[-329, 239, 375]
[-330, 239, 374]
[-330, 239, 372]
[-330, 239, 371]
[-330, 239, 370]
[-330, 239, 369]
[-330, 240, 367]
[-330, 240, 366]
[-330, 240, 365]
[-330, 240, 363]
[-330, 240, 362]
[-330, 240, 361]
[-330, 240, 360]
[-330, 240, 358]
[-330, 240, 357]
[-330, 240, 356]
[-330, 240, 355]
[-330, 240, 353]
[-330, 240, 352]
