# Curve Parameters
# y_end: 232
# loops: 1
# A (south bulge): 140
# B (lateral wiggle): 10
# samples: 350
#
# Analysis Results
# max_grade: 0.843225
# length_3d: 377.60
# length_2d: 343.72
# min_horiz_step: 0.247671
# status: OK
#
# Coordinates (x, y, z)
#==================================================

[-199, 98, 410]
[-199, 98, 411]
[-199, 98, 413]
[-199, 98, 414]
[-199, 98, 415]
[-199, 98, 416]
[-199, 98, 418]
[-199, 98, 419]
[-199, 98, 420]
[-199, 98, 421]
[-199, 98, 422]
[-199, 98, 424]
[-199, 98, 425]
[-200, 99, 426]
[-200, 99, 427]
[-200, 99, 429]
[-200, 99, 430]
[-200, 99, 431]
[-200, 99, 432]
[-200, 99, 433]
[-200, 99, 435]
[-200, 99, 436]
[-200, 100, 437]
[-200, 100, 438]
[-201, 100, 439]
[-201, 100, 440]
[-201, 100, 442]
[-201, 100, 443]
[-201, 100, 444]
[-201, 101, 445]
[-201, 101, 446]
[-202, 101, 447]
[-202, 101, 448]
[-202, 101, 450]
[-202, 102, 451]
[-202, 102, 452]
[-202, 102, 453]
[-202, 102, 454]
[-203, 102, 455]
[-203, 103, 456]
[-203, 103, 457]
[-203, 103, 458]
[-203, 103, 459]
[-203, 104, 460]
[-204, 104, 461]
[-204, 104, 463]
[-204, 104, 464]
[-204, 105, 465]
[-204, 105, 466]
[-205, 105, 467]
[-205, 105, 468]
[-205, 106, 469]
[-205, 106, 470]
[-205, 106, 471]
[-206, 107, 472]
[-206, 107, 473]
[-206, 107, 474]
[-206, 108, 475]
[-207, 108, 476]
[-207, 108, 476]
[-207, 109, 477]
[-207, 109, 478]
[-207, 109, 479]
[-208, 110, 480]
[-208, 110, 481]
[-208, 110, 482]
[-208, 111, 483]
[-209, 111, 484]
[-209, 111, 485]
[-209, 112, 486]
[-209, 112, 486]
[-210, 112, 487]
[-210, 113, 488]
[-210, 113, 489]
[-210, 114, 490]
[-211, 114, 491]
[-211, 114, 491]
[-211, 115, 492]
[-212, 115, 493]
[-212, 115, 494]
[-212, 116, 495]
[-212, 116, 495]
[-213, 117, 496]
[-213, 117, 497]
[-213, 118, 498]
[-214, 118, 498]
[-214, 118, 499]
[-214, 119, 500]
[-215, 119, 500]
[-215, 120, 501]
[-215, 120, 502]
[-216, 121, 503]
[-216, 121, 503]
[-216, 121, 504]
[-217, 122, 504]
[-217, 122, 505]
[-218, 123, 506]
[-218, 123, 506]
[-218, 124, 507]
[-219, 124, 508]
[-219, 125, 508]
[-220, 125, 509]
[-220, 126, 509]
[-220, 126, 510]
[-221, 127, 510]
[-221, 127, 511]
[-222, 128, 511]
[-222, 128, 512]
[-223, 129, 512]
[-223, 129, 513]
[-223, 130, 513]
[-224, 130, 514]
[-224, 131, 514]
[-225, 131, 515]
[-225, 132, 515]
[-226, 132, 516]
[-226, 133, 516]
[-227, 133, 516]
[-227, 134, 517]
[-228, 134, 517]
[-228, 135, 518]
[-229, 135, 518]
[-229, 136, 518]
[-230, 136, 519]
[-230, 137, 519]
[-231, 137, 519]
[-232, 138, 520]
[-232, 138, 520]
[-233, 139, 520]
[-233, 139, 521]
[-234, 140, 521]
[-234, 140, 521]
[-235, 141, 521]
[-236, 142, 521]
[-236, 142, 522]
[-237, 143, 522]
[-238, 143, 522]
[-238, 144, 522]
[-239, 144, 522]
[-239, 145, 523]
[-240, 145, 523]
[-241, 146, 523]
[-241, 146, 523]
[-242, 147, 523]
[-243, 148, 523]
[-243, 148, 523]
[-244, 149, 523]
[-245, 149, 524]
[-245, 150, 524]
[-246, 150, 524]
[-247, 151, 524]
[-247, 152, 524]
[-248, 152, 524]
[-249, 153, 524]
[-250, 153, 524]
[-250, 154, 524]
[-251, 154, 524]
[-252, 155, 524]
[-252, 156, 524]
[-253, 156, 523]
[-254, 157, 523]
[-255, 157, 523]
[-255, 158, 523]
[-256, 158, 523]
[-257, 159, 523]
[-257, 160, 523]
[-258, 160, 523]
[-259, 161, 523]
[-260, 161, 522]
[-260, 162, 522]
[-261, 162, 522]
[-262, 163, 522]
[-263, 164, 522]
[-263, 164, 521]
[-264, 165, 521]
[-265, 165, 521]
[-266, 166, 521]
[-266, 166, 520]
[-267, 167, 520]
[-268, 168, 520]
[-269, 168, 519]
[-269, 169, 519]
[-270, 169, 519]
[-271, 170, 518]
[-272, 170, 518]
[-272, 171, 518]
[-273, 172, 517]
[-274, 172, 517]
[-274, 173, 517]
[-275, 173, 516]
[-276, 174, 516]
[-277, 174, 515]
[-277, 175, 515]
[-278, 176, 514]
[-279, 176, 514]
[-279, 177, 514]
[-280, 177, 513]
[-281, 178, 513]
[-282, 178, 512]
[-282, 179, 512]
[-283, 180, 511]
[-284, 180, 510]
[-284, 181, 510]
[-285, 181, 509]
[-286, 182, 509]
[-286, 182, 508]
[-287, 183, 508]
[-288, 184, 507]
[-288, 184, 506]
[-289, 185, 506]
[-290, 185, 505]
[-290, 186, 505]
[-291, 186, 504]
[-291, 187, 503]
[-292, 187, 503]
[-293, 188, 502]
[-293, 188, 501]
[-294, 189, 500]
[-295, 190, 500]
[-295, 190, 499]
[-296, 191, 498]
[-296, 191, 498]
[-297, 192, 497]
[-297, 192, 496]
[-298, 193, 495]
[-299, 193, 495]
[-299, 194, 494]
[-300, 194, 493]
[-300, 195, 492]
[-301, 195, 491]
[-301, 196, 491]
[-302, 196, 490]
[-302, 197, 489]
[-303, 197, 488]
[-303, 198, 487]
[-304, 198, 486]
[-304, 199, 485]
[-305, 199, 485]
[-305, 200, 484]
[-306, 200, 483]
[-306, 201, 482]
[-306, 201, 481]
[-307, 202, 480]
[-307, 202, 479]
[-308, 203, 478]
[-308, 203, 477]
[-309, 204, 476]
[-309, 204, 475]
[-309, 205, 474]
[-310, 205, 473]
[-310, 206, 472]
[-311, 206, 471]
[-311, 207, 470]
[-311, 207, 469]
[-312, 208, 468]
[-312, 208, 467]
[-313, 209, 466]
[-313, 209, 465]
[-313, 209, 464]
[-314, 210, 463]
[-314, 210, 462]
[-314, 211, 461]
[-315, 211, 460]
[-315, 212, 459]
[-315, 212, 458]
[-316, 212, 457]
[-316, 213, 455]
[-316, 213, 454]
[-317, 214, 453]
[-317, 214, 452]
[-317, 215, 451]
[-317, 215, 450]
[-318, 215, 449]
[-318, 216, 448]
[-318, 216, 446]
[-319, 216, 445]
[-319, 217, 444]
[-319, 217, 443]
[-319, 218, 442]
[-320, 218, 441]
[-320, 218, 439]
[-320, 219, 438]
[-320, 219, 437]
[-321, 219, 436]
[-321, 220, 435]
[-321, 220, 433]
[-321, 220, 432]
[-322, 221, 431]
[-322, 221, 430]
[-322, 221, 429]
[-322, 222, 427]
[-322, 222, 426]
[-323, 222, 425]
[-323, 223, 424]
[-323, 223, 422]
[-323, 223, 421]
[-324, 224, 420]
[-324, 224, 419]
[-324, 224, 417]
[-324, 225, 416]
[-324, 225, 415]
[-325, 225, 414]
[-325, 225, 412]
[-325, 226, 411]
[-325, 226, 410]
[-325, 226, 409]
[-326, 226, 407]
[-326, 227, 406]
[-326, 227, 405]
[-326, 227, 403]
[-326, 227, 402]
[-326, 228, 401]
[-327, 228, 400]
[-327, 228, 398]
[-327, 228, 397]
[-327, 228, 396]
[-327, 229, 394]
[-327, 229, 393]
[-327, 229, 392]
[-328, 229, 391]
[-328, 229, 389]
[-328, 230, 388]
[-328, 230, 387]
[-328, 230, 385]
[-328, 230, 384]
[-328, 230, 383]
[-329, 230, 382]
[-329, 230, 380]
[-329, 231, 379]
[-329, 231, 378]
[-329, 231, 376]
[-329, 231, 375]
[-329, 231, 374]
[-329, 231, 372]
[-329, 231, 371]
[-329, 231, 370]
[-329, 231, 369]
[-330, 232, 367]
[-330, 232, 366]
[-330, 232, 365]
[-330, 232, 363]
[-330, 232, 362]
[-330, 232, 361]
[-330, 232, 360]
[-330, 232, 358]
[-330, 232, 357]
[-330, 232, 356]
[-330, 232, 355]
[-330, 232, 353]
[-330, 232, 352]
