# Curve Parameters
# y_end: 222
# loops: 0
# A (south bulge): 40
# B (lateral wiggle): 40
# samples: 350
#
# Analysis Results
# max_grade: 0.946565
# length_3d: 218.27
# length_2d: 176.04
# min_horiz_step: 0.124768
# status: OK
#
# Coordinates (x, y, z)
#==================================================

[-199, 98, 410]
[-199, 98, 410]
[-199, 98, 411]
[-199, 98, 411]
[-199, 98, 411]
[-199, 98, 412]
[-199, 98, 412]
[-199, 98, 412]
[-199, 98, 413]
[-199, 98, 413]
[-199, 98, 413]
[-199, 98, 414]
[-199, 98, 414]
[-200, 99, 414]
[-200, 99, 415]
[-200, 99, 415]
[-200, 99, 415]
[-200, 99, 416]
[-200, 99, 416]
[-200, 99, 416]
[-200, 99, 417]
[-200, 99, 417]
[-200, 99, 417]
[-201, 100, 418]
[-201, 100, 418]
[-201, 100, 418]
[-201, 100, 418]
[-201, 100, 419]
[-201, 100, 419]
[-202, 100, 419]
[-202, 101, 419]
[-202, 101, 420]
[-202, 101, 420]
[-202, 101, 420]
[-202, 101, 421]
[-203, 101, 421]
[-203, 102, 421]
[-203, 102, 421]
[-203, 102, 422]
[-204, 102, 422]
[-204, 103, 422]
[-204, 103, 422]
[-204, 103, 422]
[-204, 103, 423]
[-205, 103, 423]
[-205, 104, 423]
[-205, 104, 423]
[-205, 104, 424]
[-206, 104, 424]
[-206, 105, 424]
[-206, 105, 424]
[-207, 105, 424]
[-207, 105, 425]
[-207, 106, 425]
[-207, 106, 425]
[-208, 106, 425]
[-208, 107, 425]
[-208, 107, 425]
[-209, 107, 426]
[-209, 107, 426]
[-209, 108, 426]
[-210, 108, 426]
[-210, 108, 426]
[-210, 109, 427]
[-211, 109, 427]
[-211, 109, 427]
[-211, 110, 427]
[-212, 110, 427]
[-212, 110, 427]
[-212, 111, 427]
[-213, 111, 428]
[-213, 111, 428]
[-213, 112, 428]
[-214, 112, 428]
[-214, 112, 428]
[-215, 113, 428]
[-215, 113, 428]
[-215, 113, 428]
[-216, 114, 428]
[-216, 114, 429]
[-216, 115, 429]
[-217, 115, 429]
[-217, 115, 429]
[-218, 116, 429]
[-218, 116, 429]
[-219, 116, 429]
[-219, 117, 429]
[-219, 117, 429]
[-220, 118, 429]
[-220, 118, 429]
[-221, 118, 429]
[-221, 119, 429]
[-222, 119, 430]
[-222, 120, 430]
[-222, 120, 430]
[-223, 121, 430]
[-223, 121, 430]
[-224, 121, 430]
[-224, 122, 430]
[-225, 122, 430]
[-225, 123, 430]
[-226, 123, 430]
[-226, 124, 430]
[-226, 124, 430]
[-227, 124, 430]
[-227, 125, 430]
[-228, 125, 430]
[-228, 126, 430]
[-229, 126, 430]
[-229, 127, 430]
[-230, 127, 430]
[-230, 128, 430]
[-231, 128, 430]
[-231, 129, 430]
[-232, 129, 430]
[-232, 130, 430]
[-233, 130, 430]
[-233, 130, 430]
[-234, 131, 430]
[-234, 131, 429]
[-235, 132, 429]
[-235, 132, 429]
[-236, 133, 429]
[-236, 133, 429]
[-237, 134, 429]
[-237, 134, 429]
[-238, 135, 429]
[-238, 135, 429]
[-239, 136, 429]
[-239, 136, 429]
[-240, 137, 429]
[-241, 137, 429]
[-241, 138, 428]
[-242, 138, 428]
[-242, 139, 428]
[-243, 139, 428]
[-243, 140, 428]
[-244, 140, 428]
[-244, 141, 428]
[-245, 141, 428]
[-245, 142, 428]
[-246, 142, 427]
[-246, 143, 427]
[-247, 143, 427]
[-248, 144, 427]
[-248, 144, 427]
[-249, 145, 427]
[-249, 145, 427]
[-250, 146, 426]
[-250, 147, 426]
[-251, 147, 426]
[-251, 148, 426]
[-252, 148, 426]
[-252, 149, 426]
[-253, 149, 425]
[-254, 150, 425]
[-254, 150, 425]
[-255, 151, 425]
[-255, 151, 425]
[-256, 152, 424]
[-256, 152, 424]
[-257, 153, 424]
[-257, 153, 424]
[-258, 154, 424]
[-259, 154, 423]
[-259, 155, 423]
[-260, 155, 423]
[-260, 156, 423]
[-261, 157, 423]
[-261, 157, 422]
[-262, 158, 422]
[-263, 158, 422]
[-263, 159, 422]
[-264, 159, 421]
[-264, 160, 421]
[-265, 160, 421]
[-265, 161, 421]
[-266, 161, 420]
[-266, 162, 420]
[-267, 162, 420]
[-268, 163, 420]
[-268, 163, 419]
[-269, 164, 419]
[-269, 165, 419]
[-270, 165, 418]
[-270, 166, 418]
[-271, 166, 418]
[-272, 167, 418]
[-272, 167, 417]
[-273, 168, 417]
[-273, 168, 417]
[-274, 169, 416]
[-274, 169, 416]
[-275, 170, 416]
[-275, 170, 416]
[-276, 171, 415]
[-277, 171, 415]
[-277, 172, 415]
[-278, 172, 414]
[-278, 173, 414]
[-279, 173, 414]
[-279, 174, 413]
[-280, 175, 413]
[-280, 175, 413]
[-281, 176, 412]
[-281, 176, 412]
[-282, 177, 412]
[-283, 177, 411]
[-283, 178, 411]
[-284, 178, 411]
[-284, 179, 410]
[-285, 179, 410]
[-285, 180, 410]
[-286, 180, 409]
[-286, 181, 409]
[-287, 181, 408]
[-287, 182, 408]
[-288, 182, 408]
[-288, 183, 407]
[-289, 183, 407]
[-290, 184, 407]
[-290, 184, 406]
[-291, 185, 406]
[-291, 185, 405]
[-292, 186, 405]
[-292, 186, 405]
[-293, 187, 404]
[-293, 187, 404]
[-294, 188, 404]
[-294, 188, 403]
[-295, 189, 403]
[-295, 189, 402]
[-296, 190, 402]
[-296, 190, 402]
[-297, 190, 401]
[-297, 191, 401]
[-298, 191, 400]
[-298, 192, 400]
[-299, 192, 400]
[-299, 193, 399]
[-300, 193, 399]
[-300, 194, 398]
[-301, 194, 398]
[-301, 195, 397]
[-302, 195, 397]
[-302, 196, 397]
[-303, 196, 396]
[-303, 196, 396]
[-303, 197, 395]
[-304, 197, 395]
[-304, 198, 394]
[-305, 198, 394]
[-305, 199, 394]
[-306, 199, 393]
[-306, 199, 393]
[-307, 200, 392]
[-307, 200, 392]
[-307, 201, 391]
[-308, 201, 391]
[-308, 202, 391]
[-309, 202, 390]
[-309, 202, 390]
[-310, 203, 389]
[-310, 203, 389]
[-310, 204, 388]
[-311, 204, 388]
[-311, 204, 387]
[-312, 205, 387]
[-312, 205, 387]
[-313, 205, 386]
[-313, 206, 386]
[-313, 206, 385]
[-314, 207, 385]
[-314, 207, 384]
[-314, 207, 384]
[-315, 208, 383]
[-315, 208, 383]
[-316, 208, 383]
[-316, 209, 382]
[-316, 209, 382]
[-317, 209, 381]
[-317, 210, 381]
[-317, 210, 380]
[-318, 210, 380]
[-318, 211, 379]
[-318, 211, 379]
[-319, 211, 378]
[-319, 212, 378]
[-319, 212, 378]
[-320, 212, 377]
[-320, 213, 377]
[-320, 213, 376]
[-321, 213, 376]
[-321, 213, 375]
[-321, 214, 375]
[-322, 214, 374]
[-322, 214, 374]
[-322, 215, 374]
[-322, 215, 373]
[-323, 215, 373]
[-323, 215, 372]
[-323, 216, 372]
[-324, 216, 371]
[-324, 216, 371]
[-324, 216, 370]
[-324, 217, 370]
[-325, 217, 370]
[-325, 217, 369]
[-325, 217, 369]
[-325, 217, 368]
[-325, 218, 368]
[-326, 218, 367]
[-326, 218, 367]
[-326, 218, 366]
[-326, 219, 366]
[-327, 219, 366]
[-327, 219, 365]
[-327, 219, 365]
[-327, 219, 364]
[-327, 219, 364]
[-327, 220, 363]
[-328, 220, 363]
[-328, 220, 363]
[-328, 220, 362]
[-328, 220, 362]
[-328, 220, 361]
[-328, 220, 361]
[-329, 221, 361]
[-329, 221, 360]
[-329, 221, 360]
[-329, 221, 359]
[-329, 221, 359]
[-329, 221, 358]
[-329, 221, 358]
[-329, 221, 358]
[-329, 221, 357]
[-329, 221, 357]
[-330, 222, 357]
[-330, 222, 356]
[-330, 222, 356]
[-330, 222, 355]
[-330, 222, 355]
[-330, 222, 355]
[-330, 222, 354]
[-330, 222, 354]
[-330, 222, 353]
[-330, 222, 353]
[-330, 222, 353]
[-330, 222, 352]
[-330, 222, 352]
