# Curve Parameters
# y_end: 226
# loops: 0
# A (south bulge): 80
# B (lateral wiggle): 10
# samples: 350
#
# Analysis Results
# max_grade: 0.977098
# length_3d: 273.50
# length_2d: 234.07
# min_horiz_step: 0.201207
# status: OK
#
# Coordinates (x, y, z)
#==================================================

[-199, 98, 410]
[-199, 98, 411]
[-199, 98, 411]
[-199, 98, 412]
[-199, 98, 413]
[-199, 98, 414]
[-199, 98, 414]
[-199, 98, 415]
[-199, 98, 416]
[-199, 98, 416]
[-199, 98, 417]
[-199, 98, 418]
[-199, 98, 418]
[-200, 99, 419]
[-200, 99, 420]
[-200, 99, 420]
[-200, 99, 421]
[-200, 99, 422]
[-200, 99, 422]
[-200, 99, 423]
[-200, 99, 424]
[-200, 99, 424]
[-200, 99, 425]
[-201, 100, 426]
[-201, 100, 426]
[-201, 100, 427]
[-201, 100, 428]
[-201, 100, 428]
[-201, 100, 429]
[-202, 101, 430]
[-202, 101, 430]
[-202, 101, 431]
[-202, 101, 431]
[-202, 101, 432]
[-202, 101, 433]
[-203, 102, 433]
[-203, 102, 434]
[-203, 102, 434]
[-203, 102, 435]
[-204, 102, 436]
[-204, 103, 436]
[-204, 103, 437]
[-204, 103, 437]
[-204, 103, 438]
[-205, 104, 438]
[-205, 104, 439]
[-205, 104, 439]
[-205, 104, 440]
[-206, 105, 441]
[-206, 105, 441]
[-206, 105, 442]
[-207, 105, 442]
[-207, 106, 443]
[-207, 106, 443]
[-207, 106, 444]
[-208, 107, 444]
[-208, 107, 445]
[-208, 107, 445]
[-209, 107, 446]
[-209, 108, 446]
[-209, 108, 447]
[-210, 108, 447]
[-210, 109, 448]
[-210, 109, 448]
[-211, 109, 448]
[-211, 110, 449]
[-211, 110, 449]
[-212, 110, 450]
[-212, 111, 450]
[-212, 111, 451]
[-213, 111, 451]
[-213, 112, 451]
[-213, 112, 452]
[-214, 112, 452]
[-214, 113, 453]
[-215, 113, 453]
[-215, 114, 454]
[-215, 114, 454]
[-216, 114, 454]
[-216, 115, 455]
[-216, 115, 455]
[-217, 115, 455]
[-217, 116, 456]
[-218, 116, 456]
[-218, 117, 456]
[-219, 117, 457]
[-219, 117, 457]
[-219, 118, 457]
[-220, 118, 458]
[-220, 119, 458]
[-221, 119, 458]
[-221, 120, 459]
[-222, 120, 459]
[-222, 120, 459]
[-222, 121, 460]
[-223, 121, 460]
[-223, 122, 460]
[-224, 122, 460]
[-224, 123, 461]
[-225, 123, 461]
[-225, 124, 461]
[-226, 124, 461]
[-226, 124, 462]
[-226, 125, 462]
[-227, 125, 462]
[-227, 126, 462]
[-228, 126, 462]
[-228, 127, 463]
[-229, 127, 463]
[-229, 128, 463]
[-230, 128, 463]
[-230, 129, 463]
[-231, 129, 464]
[-231, 130, 464]
[-232, 130, 464]
[-232, 131, 464]
[-233, 131, 464]
[-233, 132, 464]
[-234, 132, 464]
[-234, 132, 465]
[-235, 133, 465]
[-235, 133, 465]
[-236, 134, 465]
[-236, 134, 465]
[-237, 135, 465]
[-237, 135, 465]
[-238, 136, 465]
[-238, 137, 465]
[-239, 137, 465]
[-239, 138, 465]
[-240, 138, 466]
[-241, 139, 466]
[-241, 139, 466]
[-242, 140, 466]
[-242, 140, 466]
[-243, 141, 466]
[-243, 141, 466]
[-244, 142, 466]
[-244, 142, 466]
[-245, 143, 466]
[-245, 143, 466]
[-246, 144, 466]
[-246, 144, 466]
[-247, 145, 466]
[-248, 145, 466]
[-248, 146, 465]
[-249, 146, 465]
[-249, 147, 465]
[-250, 148, 465]
[-250, 148, 465]
[-251, 149, 465]
[-251, 149, 465]
[-252, 150, 465]
[-252, 150, 465]
[-253, 151, 465]
[-254, 151, 465]
[-254, 152, 464]
[-255, 152, 464]
[-255, 153, 464]
[-256, 153, 464]
[-256, 154, 464]
[-257, 155, 464]
[-257, 155, 464]
[-258, 156, 463]
[-259, 156, 463]
[-259, 157, 463]
[-260, 157, 463]
[-260, 158, 463]
[-261, 158, 462]
[-261, 159, 462]
[-262, 160, 462]
[-263, 160, 462]
[-263, 161, 462]
[-264, 161, 461]
[-264, 162, 461]
[-265, 162, 461]
[-265, 163, 461]
[-266, 163, 460]
[-266, 164, 460]
[-267, 164, 460]
[-268, 165, 460]
[-268, 166, 459]
[-269, 166, 459]
[-269, 167, 459]
[-270, 167, 458]
[-270, 168, 458]
[-271, 168, 458]
[-272, 169, 457]
[-272, 169, 457]
[-273, 170, 457]
[-273, 171, 456]
[-274, 171, 456]
[-274, 172, 456]
[-275, 172, 455]
[-275, 173, 455]
[-276, 173, 455]
[-277, 174, 454]
[-277, 174, 454]
[-278, 175, 453]
[-278, 175, 453]
[-279, 176, 453]
[-279, 176, 452]
[-280, 177, 452]
[-280, 178, 451]
[-281, 178, 451]
[-281, 179, 450]
[-282, 179, 450]
[-283, 180, 450]
[-283, 180, 449]
[-284, 181, 449]
[-284, 181, 448]
[-285, 182, 448]
[-285, 182, 447]
[-286, 183, 447]
[-286, 183, 446]
[-287, 184, 446]
[-287, 184, 445]
[-288, 185, 445]
[-288, 185, 444]
[-289, 186, 444]
[-290, 186, 443]
[-290, 187, 443]
[-291, 187, 442]
[-291, 188, 442]
[-292, 189, 441]
[-292, 189, 441]
[-293, 190, 440]
[-293, 190, 440]
[-294, 191, 439]
[-294, 191, 438]
[-295, 192, 438]
[-295, 192, 437]
[-296, 192, 437]
[-296, 193, 436]
[-297, 193, 436]
[-297, 194, 435]
[-298, 194, 434]
[-298, 195, 434]
[-299, 195, 433]
[-299, 196, 433]
[-300, 196, 432]
[-300, 197, 431]
[-301, 197, 431]
[-301, 198, 430]
[-302, 198, 429]
[-302, 199, 429]
[-303, 199, 428]
[-303, 200, 428]
[-303, 200, 427]
[-304, 200, 426]
[-304, 201, 426]
[-305, 201, 425]
[-305, 202, 424]
[-306, 202, 424]
[-306, 203, 423]
[-307, 203, 422]
[-307, 204, 422]
[-307, 204, 421]
[-308, 204, 420]
[-308, 205, 420]
[-309, 205, 419]
[-309, 206, 418]
[-310, 206, 417]
[-310, 207, 417]
[-310, 207, 416]
[-311, 207, 415]
[-311, 208, 415]
[-312, 208, 414]
[-312, 209, 413]
[-313, 209, 413]
[-313, 209, 412]
[-313, 210, 411]
[-314, 210, 410]
[-314, 210, 410]
[-314, 211, 409]
[-315, 211, 408]
[-315, 212, 407]
[-316, 212, 407]
[-316, 212, 406]
[-316, 213, 405]
[-317, 213, 404]
[-317, 213, 404]
[-317, 214, 403]
[-318, 214, 402]
[-318, 214, 401]
[-318, 215, 401]
[-319, 215, 400]
[-319, 215, 399]
[-319, 216, 398]
[-320, 216, 398]
[-320, 216, 397]
[-320, 217, 396]
[-321, 217, 395]
[-321, 217, 395]
[-321, 217, 394]
[-322, 218, 393]
[-322, 218, 392]
[-322, 218, 392]
[-322, 219, 391]
[-323, 219, 390]
[-323, 219, 389]
[-323, 219, 388]
[-324, 220, 388]
[-324, 220, 387]
[-324, 220, 386]
[-324, 220, 385]
[-325, 221, 385]
[-325, 221, 384]
[-325, 221, 383]
[-325, 221, 382]
[-325, 222, 382]
[-326, 222, 381]
[-326, 222, 380]
[-326, 222, 379]
[-326, 222, 378]
[-327, 223, 378]
[-327, 223, 377]
[-327, 223, 376]
[-327, 223, 375]
[-327, 223, 375]
[-327, 223, 374]
[-328, 224, 373]
[-328, 224, 372]
[-328, 224, 371]
[-328, 224, 371]
[-328, 224, 370]
[-328, 224, 369]
[-329, 225, 368]
[-329, 225, 368]
[-329, 225, 367]
[-329, 225, 366]
[-329, 225, 365]
[-329, 225, 365]
[-329, 225, 364]
[-329, 225, 363]
[-329, 225, 362]
[-329, 225, 362]
[-330, 226, 361]
[-330, 226, 360]
[-330, 226, 359]
[-330, 226, 359]
[-330, 226, 358]
[-330, 226, 357]
[-330, 226, 356]
[-330, 226, 356]
[-330, 226, 355]
[-330, 226, 354]
[-330, 226, 353]
[-330, 226, 353]
[-330, 226, 352]
