# Curve Parameters
# y_end: 230
# loops: 1
# A (south bulge): 120
# B (lateral wiggle): 30
# samples: 350
#
# Analysis Results
# max_grade: 0.882133
# length_3d: 358.04
# length_2d: 326.08
# min_horiz_step: 0.210616
# status: OK
#
# Coordinates (x, y, z)
#==================================================

[-199, 98, 410]
[-199, 98, 411]
[-199, 98, 412]
[-199, 98, 413]
[-199, 98, 414]
[-199, 98, 415]
[-199, 98, 416]
[-199, 98, 417]
[-199, 98, 419]
[-199, 98, 420]
[-199, 98, 421]
[-199, 98, 422]
[-199, 98, 423]
[-199, 99, 424]
[-199, 99, 425]
[-200, 99, 426]
[-200, 99, 427]
[-200, 99, 428]
[-200, 99, 429]
[-200, 99, 430]
[-200, 99, 431]
[-200, 99, 432]
[-200, 100, 433]
[-200, 100, 434]
[-200, 100, 435]
[-200, 100, 436]
[-200, 100, 437]
[-200, 100, 438]
[-200, 100, 439]
[-201, 101, 440]
[-201, 101, 441]
[-201, 101, 442]
[-201, 101, 443]
[-201, 101, 444]
[-201, 102, 445]
[-201, 102, 446]
[-201, 102, 446]
[-201, 102, 447]
[-201, 102, 448]
[-201, 103, 449]
[-201, 103, 450]
[-201, 103, 451]
[-201, 103, 452]
[-201, 104, 453]
[-202, 104, 454]
[-202, 104, 455]
[-202, 104, 456]
[-202, 105, 456]
[-202, 105, 457]
[-202, 105, 458]
[-202, 105, 459]
[-202, 106, 460]
[-202, 106, 461]
[-202, 106, 461]
[-202, 107, 462]
[-202, 107, 463]
[-202, 107, 464]
[-202, 107, 465]
[-202, 108, 466]
[-202, 108, 466]
[-202, 108, 467]
[-202, 109, 468]
[-202, 109, 469]
[-202, 109, 469]
[-202, 110, 470]
[-203, 110, 471]
[-203, 110, 472]
[-203, 111, 472]
[-203, 111, 473]
[-203, 111, 474]
[-203, 112, 475]
[-203, 112, 475]
[-203, 113, 476]
[-203, 113, 477]
[-203, 113, 477]
[-203, 114, 478]
[-203, 114, 479]
[-203, 114, 479]
[-203, 115, 480]
[-203, 115, 481]
[-204, 116, 481]
[-204, 116, 482]
[-204, 116, 483]
[-204, 117, 483]
[-204, 117, 484]
[-204, 118, 484]
[-204, 118, 485]
[-204, 119, 486]
[-205, 119, 486]
[-205, 119, 487]
[-205, 120, 487]
[-205, 120, 488]
[-205, 121, 488]
[-205, 121, 489]
[-206, 122, 489]
[-206, 122, 490]
[-206, 122, 491]
[-206, 123, 491]
[-207, 123, 492]
[-207, 124, 492]
[-207, 124, 492]
[-207, 125, 493]
[-208, 125, 493]
[-208, 126, 494]
[-208, 126, 494]
[-209, 127, 495]
[-209, 127, 495]
[-209, 128, 496]
[-210, 128, 496]
[-210, 129, 496]
[-211, 129, 497]
[-211, 130, 497]
[-211, 130, 497]
[-212, 131, 498]
[-212, 131, 498]
[-213, 132, 498]
[-213, 132, 499]
[-214, 133, 499]
[-214, 133, 499]
[-215, 134, 500]
[-215, 134, 500]
[-216, 135, 500]
[-217, 135, 501]
[-217, 136, 501]
[-218, 136, 501]
[-218, 137, 501]
[-219, 137, 502]
[-220, 138, 502]
[-220, 138, 502]
[-221, 139, 502]
[-222, 139, 502]
[-222, 140, 503]
[-223, 140, 503]
[-224, 141, 503]
[-225, 141, 503]
[-225, 142, 503]
[-226, 143, 503]
[-227, 143, 503]
[-228, 144, 504]
[-229, 144, 504]
[-230, 145, 504]
[-230, 145, 504]
[-231, 146, 504]
[-232, 146, 504]
[-233, 147, 504]
[-234, 147, 504]
[-235, 148, 504]
[-236, 149, 504]
[-237, 149, 504]
[-238, 150, 504]
[-239, 150, 504]
[-240, 151, 504]
[-241, 151, 504]
[-242, 152, 504]
[-243, 152, 504]
[-244, 153, 504]
[-245, 154, 504]
[-246, 154, 504]
[-247, 155, 504]
[-248, 155, 504]
[-249, 156, 504]
[-250, 156, 503]
[-251, 157, 503]
[-252, 157, 503]
[-253, 158, 503]
[-254, 159, 503]
[-255, 159, 503]
[-256, 160, 503]
[-257, 160, 502]
[-258, 161, 502]
[-260, 161, 502]
[-261, 162, 502]
[-262, 163, 502]
[-263, 163, 501]
[-264, 164, 501]
[-265, 164, 501]
[-266, 165, 501]
[-267, 165, 500]
[-268, 166, 500]
[-269, 167, 500]
[-271, 167, 499]
[-272, 168, 499]
[-273, 168, 499]
[-274, 169, 499]
[-275, 169, 498]
[-276, 170, 498]
[-277, 171, 497]
[-278, 171, 497]
[-279, 172, 497]
[-280, 172, 496]
[-281, 173, 496]
[-282, 173, 496]
[-283, 174, 495]
[-284, 174, 495]
[-285, 175, 494]
[-286, 176, 494]
[-287, 176, 493]
[-288, 177, 493]
[-289, 177, 493]
[-290, 178, 492]
[-291, 178, 492]
[-292, 179, 491]
[-293, 179, 491]
[-294, 180, 490]
[-295, 181, 490]
[-296, 181, 489]
[-297, 182, 488]
[-298, 182, 488]
[-299, 183, 487]
[-299, 183, 487]
[-300, 184, 486]
[-301, 184, 486]
[-302, 185, 485]
[-303, 185, 484]
[-304, 186, 484]
[-304, 187, 483]
[-305, 187, 483]
[-306, 188, 482]
[-307, 188, 481]
[-307, 189, 481]
[-308, 189, 480]
[-309, 190, 479]
[-309, 190, 479]
[-310, 191, 478]
[-311, 191, 477]
[-311, 192, 477]
[-312, 192, 476]
[-312, 193, 475]
[-313, 193, 474]
[-314, 194, 474]
[-314, 194, 473]
[-315, 195, 472]
[-315, 195, 471]
[-316, 196, 471]
[-316, 196, 470]
[-317, 197, 469]
[-317, 197, 468]
[-318, 198, 468]
[-318, 198, 467]
[-318, 199, 466]
[-319, 199, 465]
[-319, 200, 464]
[-320, 200, 464]
[-320, 201, 463]
[-320, 201, 462]
[-321, 202, 461]
[-321, 202, 460]
[-321, 203, 459]
[-322, 203, 458]
[-322, 204, 458]
[-322, 204, 457]
[-322, 205, 456]
[-323, 205, 455]
[-323, 206, 454]
[-323, 206, 453]
[-323, 206, 452]
[-324, 207, 451]
[-324, 207, 450]
[-324, 208, 449]
[-324, 208, 449]
[-324, 209, 448]
[-324, 209, 447]
[-325, 209, 446]
[-325, 210, 445]
[-325, 210, 444]
[-325, 211, 443]
[-325, 211, 442]
[-325, 212, 441]
[-325, 212, 440]
[-325, 212, 439]
[-326, 213, 438]
[-326, 213, 437]
[-326, 214, 436]
[-326, 214, 435]
[-326, 214, 434]
[-326, 215, 433]
[-326, 215, 432]
[-326, 215, 431]
[-326, 216, 430]
[-326, 216, 429]
[-326, 217, 428]
[-326, 217, 427]
[-326, 217, 426]
[-326, 218, 425]
[-326, 218, 424]
[-327, 218, 423]
[-327, 219, 421]
[-327, 219, 420]
[-327, 219, 419]
[-327, 220, 418]
[-327, 220, 417]
[-327, 220, 416]
[-327, 221, 415]
[-327, 221, 414]
[-327, 221, 413]
[-327, 221, 412]
[-327, 222, 411]
[-327, 222, 410]
[-327, 222, 409]
[-327, 223, 407]
[-327, 223, 406]
[-327, 223, 405]
[-327, 223, 404]
[-327, 224, 403]
[-327, 224, 402]
[-327, 224, 401]
[-328, 224, 400]
[-328, 225, 399]
[-328, 225, 398]
[-328, 225, 396]
[-328, 225, 395]
[-328, 226, 394]
[-328, 226, 393]
[-328, 226, 392]
[-328, 226, 391]
[-328, 226, 390]
[-328, 227, 389]
[-328, 227, 387]
[-328, 227, 386]
[-328, 227, 385]
[-328, 227, 384]
[-329, 228, 383]
[-329, 228, 382]
[-329, 228, 381]
[-329, 228, 380]
[-329, 228, 379]
[-329, 228, 377]
[-329, 228, 376]
[-329, 229, 375]
[-329, 229, 374]
[-329, 229, 373]
[-329, 229, 372]
[-329, 229, 371]
[-329, 229, 370]
[-329, 229, 368]
[-330, 229, 367]
[-330, 229, 366]
[-330, 230, 365]
[-330, 230, 364]
[-330, 230, 363]
[-330, 230, 362]
[-330, 230, 361]
[-330, 230, 360]
[-330, 230, 359]
[-330, 230, 357]
[-330, 230, 356]
[-330, 230, 355]
[-330, 230, 354]
[-330, 230, 353]
[-330, 230, 352]
