# Curve Parameters
# y_end: 238
# loops: 1
# A (south bulge): 140
# B (lateral wiggle): 30
# samples: 350
#
# Analysis Results
# max_grade: 0.831695
# length_3d: 395.60
# length_2d: 362.28
# min_horiz_step: 0.243295
# status: OK
#
# Coordinates (x, y, z)
#==================================================

[-199, 98, 410]
[-199, 98, 411]
[-199, 98, 413]
[-199, 98, 414]
[-199, 98, 415]
[-199, 98, 416]
[-199, 98, 418]
[-199, 98, 419]
[-199, 98, 420]
[-199, 98, 421]
[-199, 98, 422]
[-199, 98, 424]
[-199, 98, 425]
[-199, 99, 426]
[-199, 99, 427]
[-200, 99, 429]
[-200, 99, 430]
[-200, 99, 431]
[-200, 99, 432]
[-200, 99, 433]
[-200, 99, 435]
[-200, 99, 436]
[-200, 100, 437]
[-200, 100, 438]
[-200, 100, 439]
[-200, 100, 440]
[-200, 100, 442]
[-200, 100, 443]
[-200, 101, 444]
[-201, 101, 445]
[-201, 101, 446]
[-201, 101, 447]
[-201, 101, 448]
[-201, 102, 450]
[-201, 102, 451]
[-201, 102, 452]
[-201, 102, 453]
[-201, 102, 454]
[-201, 103, 455]
[-201, 103, 456]
[-201, 103, 457]
[-201, 103, 458]
[-201, 104, 459]
[-201, 104, 460]
[-202, 104, 461]
[-202, 104, 463]
[-202, 105, 464]
[-202, 105, 465]
[-202, 105, 466]
[-202, 106, 467]
[-202, 106, 468]
[-202, 106, 469]
[-202, 106, 470]
[-202, 107, 471]
[-202, 107, 472]
[-202, 107, 473]
[-202, 108, 474]
[-202, 108, 475]
[-202, 108, 476]
[-202, 109, 476]
[-202, 109, 477]
[-202, 109, 478]
[-202, 110, 479]
[-202, 110, 480]
[-202, 110, 481]
[-203, 111, 482]
[-203, 111, 483]
[-203, 111, 484]
[-203, 112, 485]
[-203, 112, 486]
[-203, 113, 486]
[-203, 113, 487]
[-203, 113, 488]
[-203, 114, 489]
[-203, 114, 490]
[-203, 115, 491]
[-203, 115, 491]
[-203, 115, 492]
[-203, 116, 493]
[-203, 116, 494]
[-204, 117, 495]
[-204, 117, 495]
[-204, 118, 496]
[-204, 118, 497]
[-204, 118, 498]
[-204, 119, 498]
[-204, 119, 499]
[-204, 120, 500]
[-205, 120, 500]
[-205, 121, 501]
[-205, 121, 502]
[-205, 122, 503]
[-205, 122, 503]
[-205, 123, 504]
[-206, 123, 504]
[-206, 123, 505]
[-206, 124, 506]
[-206, 124, 506]
[-207, 125, 507]
[-207, 125, 508]
[-207, 126, 508]
[-207, 126, 509]
[-208, 127, 509]
[-208, 127, 510]
[-208, 128, 510]
[-209, 128, 511]
[-209, 129, 511]
[-209, 129, 512]
[-210, 130, 512]
[-210, 130, 513]
[-211, 131, 513]
[-211, 131, 514]
[-211, 132, 514]
[-212, 133, 515]
[-212, 133, 515]
[-213, 134, 516]
[-213, 134, 516]
[-214, 135, 516]
[-214, 135, 517]
[-215, 136, 517]
[-215, 136, 518]
[-216, 137, 518]
[-217, 137, 518]
[-217, 138, 519]
[-218, 138, 519]
[-218, 139, 519]
[-219, 140, 520]
[-220, 140, 520]
[-220, 141, 520]
[-221, 141, 521]
[-222, 142, 521]
[-222, 142, 521]
[-223, 143, 521]
[-224, 143, 521]
[-225, 144, 522]
[-225, 145, 522]
[-226, 145, 522]
[-227, 146, 522]
[-228, 146, 522]
[-229, 147, 523]
[-230, 148, 523]
[-230, 148, 523]
[-231, 149, 523]
[-232, 149, 523]
[-233, 150, 523]
[-234, 150, 523]
[-235, 151, 523]
[-236, 152, 524]
[-237, 152, 524]
[-238, 153, 524]
[-239, 153, 524]
[-240, 154, 524]
[-241, 155, 524]
[-242, 155, 524]
[-243, 156, 524]
[-244, 156, 524]
[-245, 157, 524]
[-246, 158, 524]
[-247, 158, 524]
[-248, 159, 523]
[-249, 159, 523]
[-250, 160, 523]
[-251, 160, 523]
[-252, 161, 523]
[-253, 162, 523]
[-254, 162, 523]
[-255, 163, 523]
[-256, 163, 523]
[-257, 164, 522]
[-258, 165, 522]
[-260, 165, 522]
[-261, 166, 522]
[-262, 166, 522]
[-263, 167, 521]
[-264, 168, 521]
[-265, 168, 521]
[-266, 169, 521]
[-267, 170, 520]
[-268, 170, 520]
[-269, 171, 520]
[-271, 171, 519]
[-272, 172, 519]
[-273, 173, 519]
[-274, 173, 518]
[-275, 174, 518]
[-276, 174, 518]
[-277, 175, 517]
[-278, 176, 517]
[-279, 176, 517]
[-280, 177, 516]
[-281, 177, 516]
[-282, 178, 515]
[-283, 178, 515]
[-284, 179, 514]
[-285, 180, 514]
[-286, 180, 514]
[-287, 181, 513]
[-288, 181, 513]
[-289, 182, 512]
[-290, 183, 512]
[-291, 183, 511]
[-292, 184, 510]
[-293, 184, 510]
[-294, 185, 509]
[-295, 186, 509]
[-296, 186, 508]
[-297, 187, 508]
[-298, 187, 507]
[-299, 188, 506]
[-299, 188, 506]
[-300, 189, 505]
[-301, 190, 505]
[-302, 190, 504]
[-303, 191, 503]
[-304, 191, 503]
[-304, 192, 502]
[-305, 193, 501]
[-306, 193, 500]
[-307, 194, 500]
[-307, 194, 499]
[-308, 195, 498]
[-309, 195, 498]
[-309, 196, 497]
[-310, 196, 496]
[-311, 197, 495]
[-311, 198, 495]
[-312, 198, 494]
[-312, 199, 493]
[-313, 199, 492]
[-314, 200, 491]
[-314, 200, 491]
[-315, 201, 490]
[-315, 201, 489]
[-316, 202, 488]
[-316, 202, 487]
[-317, 203, 486]
[-317, 203, 485]
[-318, 204, 485]
[-318, 205, 484]
[-318, 205, 483]
[-319, 206, 482]
[-319, 206, 481]
[-320, 207, 480]
[-320, 207, 479]
[-320, 208, 478]
[-321, 208, 477]
[-321, 209, 476]
[-321, 209, 475]
[-322, 210, 474]
[-322, 210, 473]
[-322, 211, 472]
[-322, 211, 471]
[-323, 212, 470]
[-323, 212, 469]
[-323, 213, 468]
[-323, 213, 467]
[-324, 213, 466]
[-324, 214, 465]
[-324, 214, 464]
[-324, 215, 463]
[-324, 215, 462]
[-324, 216, 461]
[-325, 216, 460]
[-325, 217, 459]
[-325, 217, 458]
[-325, 218, 457]
[-325, 218, 455]
[-325, 218, 454]
[-325, 219, 453]
[-325, 219, 452]
[-326, 220, 451]
[-326, 220, 450]
[-326, 221, 449]
[-326, 221, 448]
[-326, 221, 446]
[-326, 222, 445]
[-326, 222, 444]
[-326, 223, 443]
[-326, 223, 442]
[-326, 223, 441]
[-326, 224, 439]
[-326, 224, 438]
[-326, 225, 437]
[-326, 225, 436]
[-326, 225, 435]
[-327, 226, 433]
[-327, 226, 432]
[-327, 226, 431]
[-327, 227, 430]
[-327, 227, 429]
[-327, 227, 427]
[-327, 228, 426]
[-327, 228, 425]
[-327, 228, 424]
[-327, 229, 422]
[-327, 229, 421]
[-327, 229, 420]
[-327, 230, 419]
[-327, 230, 417]
[-327, 230, 416]
[-327, 230, 415]
[-327, 231, 414]
[-327, 231, 412]
[-327, 231, 411]
[-327, 232, 410]
[-327, 232, 409]
[-328, 232, 407]
[-328, 232, 406]
[-328, 233, 405]
[-328, 233, 403]
[-328, 233, 402]
[-328, 233, 401]
[-328, 234, 400]
[-328, 234, 398]
[-328, 234, 397]
[-328, 234, 396]
[-328, 234, 394]
[-328, 235, 393]
[-328, 235, 392]
[-328, 235, 391]
[-328, 235, 389]
[-329, 235, 388]
[-329, 236, 387]
[-329, 236, 385]
[-329, 236, 384]
[-329, 236, 383]
[-329, 236, 382]
[-329, 236, 380]
[-329, 237, 379]
[-329, 237, 378]
[-329, 237, 376]
[-329, 237, 375]
[-329, 237, 374]
[-329, 237, 372]
[-329, 237, 371]
[-330, 237, 370]
[-330, 237, 369]
[-330, 238, 367]
[-330, 238, 366]
[-330, 238, 365]
[-330, 238, 363]
[-330, 238, 362]
[-330, 238, 361]
[-330, 238, 360]
[-330, 238, 358]
[-330, 238, 357]
[-330, 238, 356]
[-330, 238, 355]
[-330, 238, 353]
[-330, 238, 352]
