# Curve Parameters
# y_end: 234
# loops: 1
# A (south bulge): 140
# B (lateral wiggle): 30
# samples: 350
#
# Analysis Results
# max_grade: 0.807932
# length_3d: 393.84
# length_2d: 362.28
# min_horiz_step: 0.243295
# status: OK
#
# Coordinates (x, y, z)
#==================================================

[-199, 98, 410]
[-199, 98, 411]
[-199, 98, 413]
[-199, 98, 414]
[-199, 98, 415]
[-199, 98, 416]
[-199, 98, 418]
[-199, 98, 419]
[-199, 98, 420]
[-199, 98, 421]
[-199, 98, 422]
[-199, 98, 424]
[-199, 98, 425]
[-199, 99, 426]
[-199, 99, 427]
[-200, 99, 429]
[-200, 99, 430]
[-200, 99, 431]
[-200, 99, 432]
[-200, 99, 433]
[-200, 99, 435]
[-200, 99, 436]
[-200, 100, 437]
[-200, 100, 438]
[-200, 100, 439]
[-200, 100, 440]
[-200, 100, 442]
[-200, 100, 443]
[-200, 100, 444]
[-201, 101, 445]
[-201, 101, 446]
[-201, 101, 447]
[-201, 101, 448]
[-201, 101, 450]
[-201, 102, 451]
[-201, 102, 452]
[-201, 102, 453]
[-201, 102, 454]
[-201, 102, 455]
[-201, 103, 456]
[-201, 103, 457]
[-201, 103, 458]
[-201, 103, 459]
[-201, 104, 460]
[-202, 104, 461]
[-202, 104, 463]
[-202, 104, 464]
[-202, 105, 465]
[-202, 105, 466]
[-202, 105, 467]
[-202, 106, 468]
[-202, 106, 469]
[-202, 106, 470]
[-202, 106, 471]
[-202, 107, 472]
[-202, 107, 473]
[-202, 107, 474]
[-202, 108, 475]
[-202, 108, 476]
[-202, 108, 476]
[-202, 109, 477]
[-202, 109, 478]
[-202, 109, 479]
[-202, 110, 480]
[-202, 110, 481]
[-203, 110, 482]
[-203, 111, 483]
[-203, 111, 484]
[-203, 111, 485]
[-203, 112, 486]
[-203, 112, 486]
[-203, 113, 487]
[-203, 113, 488]
[-203, 113, 489]
[-203, 114, 490]
[-203, 114, 491]
[-203, 115, 491]
[-203, 115, 492]
[-203, 115, 493]
[-203, 116, 494]
[-204, 116, 495]
[-204, 117, 495]
[-204, 117, 496]
[-204, 117, 497]
[-204, 118, 498]
[-204, 118, 498]
[-204, 119, 499]
[-204, 119, 500]
[-205, 120, 500]
[-205, 120, 501]
[-205, 120, 502]
[-205, 121, 503]
[-205, 121, 503]
[-205, 122, 504]
[-206, 122, 504]
[-206, 123, 505]
[-206, 123, 506]
[-206, 124, 506]
[-207, 124, 507]
[-207, 125, 508]
[-207, 125, 508]
[-207, 126, 509]
[-208, 126, 509]
[-208, 127, 510]
[-208, 127, 510]
[-209, 128, 511]
[-209, 128, 511]
[-209, 129, 512]
[-210, 129, 512]
[-210, 130, 513]
[-211, 130, 513]
[-211, 131, 514]
[-211, 131, 514]
[-212, 132, 515]
[-212, 132, 515]
[-213, 133, 516]
[-213, 133, 516]
[-214, 134, 516]
[-214, 134, 517]
[-215, 135, 517]
[-215, 135, 518]
[-216, 136, 518]
[-217, 136, 518]
[-217, 137, 519]
[-218, 137, 519]
[-218, 138, 519]
[-219, 138, 520]
[-220, 139, 520]
[-220, 139, 520]
[-221, 140, 521]
[-222, 141, 521]
[-222, 141, 521]
[-223, 142, 521]
[-224, 142, 521]
[-225, 143, 522]
[-225, 143, 522]
[-226, 144, 522]
[-227, 144, 522]
[-228, 145, 522]
[-229, 146, 523]
[-230, 146, 523]
[-230, 147, 523]
[-231, 147, 523]
[-232, 148, 523]
[-233, 148, 523]
[-234, 149, 523]
[-235, 149, 523]
[-236, 150, 524]
[-237, 151, 524]
[-238, 151, 524]
[-239, 152, 524]
[-240, 152, 524]
[-241, 153, 524]
[-242, 153, 524]
[-243, 154, 524]
[-244, 155, 524]
[-245, 155, 524]
[-246, 156, 524]
[-247, 156, 524]
[-248, 157, 523]
[-249, 158, 523]
[-250, 158, 523]
[-251, 159, 523]
[-252, 159, 523]
[-253, 160, 523]
[-254, 160, 523]
[-255, 161, 523]
[-256, 162, 523]
[-257, 162, 522]
[-258, 163, 522]
[-260, 163, 522]
[-261, 164, 522]
[-262, 165, 522]
[-263, 165, 521]
[-264, 166, 521]
[-265, 166, 521]
[-266, 167, 521]
[-267, 167, 520]
[-268, 168, 520]
[-269, 169, 520]
[-271, 169, 519]
[-272, 170, 519]
[-273, 170, 519]
[-274, 171, 518]
[-275, 172, 518]
[-276, 172, 518]
[-277, 173, 517]
[-278, 173, 517]
[-279, 174, 517]
[-280, 174, 516]
[-281, 175, 516]
[-282, 176, 515]
[-283, 176, 515]
[-284, 177, 514]
[-285, 177, 514]
[-286, 178, 514]
[-287, 179, 513]
[-288, 179, 513]
[-289, 180, 512]
[-290, 180, 512]
[-291, 181, 511]
[-292, 181, 510]
[-293, 182, 510]
[-294, 183, 509]
[-295, 183, 509]
[-296, 184, 508]
[-297, 184, 508]
[-298, 185, 507]
[-299, 185, 506]
[-299, 186, 506]
[-300, 186, 505]
[-301, 187, 505]
[-302, 188, 504]
[-303, 188, 503]
[-304, 189, 503]
[-304, 189, 502]
[-305, 190, 501]
[-306, 190, 500]
[-307, 191, 500]
[-307, 191, 499]
[-308, 192, 498]
[-309, 193, 498]
[-309, 193, 497]
[-310, 194, 496]
[-311, 194, 495]
[-311, 195, 495]
[-312, 195, 494]
[-312, 196, 493]
[-313, 196, 492]
[-314, 197, 491]
[-314, 197, 491]
[-315, 198, 490]
[-315, 198, 489]
[-316, 199, 488]
[-316, 199, 487]
[-317, 200, 486]
[-317, 200, 485]
[-318, 201, 485]
[-318, 201, 484]
[-318, 202, 483]
[-319, 202, 482]
[-319, 203, 481]
[-320, 203, 480]
[-320, 204, 479]
[-320, 204, 478]
[-321, 205, 477]
[-321, 205, 476]
[-321, 206, 475]
[-322, 206, 474]
[-322, 207, 473]
[-322, 207, 472]
[-322, 208, 471]
[-323, 208, 470]
[-323, 209, 469]
[-323, 209, 468]
[-323, 210, 467]
[-324, 210, 466]
[-324, 211, 465]
[-324, 211, 464]
[-324, 212, 463]
[-324, 212, 462]
[-324, 212, 461]
[-325, 213, 460]
[-325, 213, 459]
[-325, 214, 458]
[-325, 214, 457]
[-325, 215, 455]
[-325, 215, 454]
[-325, 215, 453]
[-325, 216, 452]
[-326, 216, 451]
[-326, 217, 450]
[-326, 217, 449]
[-326, 217, 448]
[-326, 218, 446]
[-326, 218, 445]
[-326, 219, 444]
[-326, 219, 443]
[-326, 219, 442]
[-326, 220, 441]
[-326, 220, 439]
[-326, 221, 438]
[-326, 221, 437]
[-326, 221, 436]
[-326, 222, 435]
[-327, 222, 433]
[-327, 222, 432]
[-327, 223, 431]
[-327, 223, 430]
[-327, 223, 429]
[-327, 224, 427]
[-327, 224, 426]
[-327, 224, 425]
[-327, 225, 424]
[-327, 225, 422]
[-327, 225, 421]
[-327, 226, 420]
[-327, 226, 419]
[-327, 226, 417]
[-327, 226, 416]
[-327, 227, 415]
[-327, 227, 414]
[-327, 227, 412]
[-327, 228, 411]
[-327, 228, 410]
[-327, 228, 409]
[-328, 228, 407]
[-328, 229, 406]
[-328, 229, 405]
[-328, 229, 403]
[-328, 229, 402]
[-328, 230, 401]
[-328, 230, 400]
[-328, 230, 398]
[-328, 230, 397]
[-328, 230, 396]
[-328, 231, 394]
[-328, 231, 393]
[-328, 231, 392]
[-328, 231, 391]
[-328, 231, 389]
[-329, 232, 388]
[-329, 232, 387]
[-329, 232, 385]
[-329, 232, 384]
[-329, 232, 383]
[-329, 232, 382]
[-329, 232, 380]
[-329, 233, 379]
[-329, 233, 378]
[-329, 233, 376]
[-329, 233, 375]
[-329, 233, 374]
[-329, 233, 372]
[-329, 233, 371]
[-330, 233, 370]
[-330, 233, 369]
[-330, 234, 367]
[-330, 234, 366]
[-330, 234, 365]
[-330, 234, 363]
[-330, 234, 362]
[-330, 234, 361]
[-330, 234, 360]
[-330, 234, 358]
[-330, 234, 357]
[-330, 234, 356]
[-330, 234, 355]
[-330, 234, 353]
[-330, 234, 352]
