# Curve Parameters
# y_end: 222
# loops: 1
# A (south bulge): 120
# B (lateral wiggle): 10
# samples: 350
#
# Analysis Results
# max_grade: 0.811962
# length_3d: 339.21
# length_2d: 308.06
# min_horiz_step: 0.230196
# status: OK
#
# Coordinates (x, y, z)
#==================================================

[-199, 98, 410]
[-199, 98, 411]
[-199, 98, 412]
[-199, 98, 413]
[-199, 98, 414]
[-199, 98, 415]
[-199, 98, 416]
[-199, 98, 417]
[-199, 98, 419]
[-199, 98, 420]
[-199, 98, 421]
[-199, 98, 422]
[-199, 98, 423]
[-200, 99, 424]
[-200, 99, 425]
[-200, 99, 426]
[-200, 99, 427]
[-200, 99, 428]
[-200, 99, 429]
[-200, 99, 430]
[-200, 99, 431]
[-200, 99, 432]
[-200, 99, 433]
[-200, 100, 434]
[-201, 100, 435]
[-201, 100, 436]
[-201, 100, 437]
[-201, 100, 438]
[-201, 100, 439]
[-201, 100, 440]
[-201, 101, 441]
[-202, 101, 442]
[-202, 101, 443]
[-202, 101, 444]
[-202, 101, 445]
[-202, 101, 446]
[-202, 102, 446]
[-202, 102, 447]
[-203, 102, 448]
[-203, 102, 449]
[-203, 103, 450]
[-203, 103, 451]
[-203, 103, 452]
[-203, 103, 453]
[-204, 103, 454]
[-204, 104, 455]
[-204, 104, 456]
[-204, 104, 456]
[-204, 104, 457]
[-205, 105, 458]
[-205, 105, 459]
[-205, 105, 460]
[-205, 105, 461]
[-205, 106, 461]
[-206, 106, 462]
[-206, 106, 463]
[-206, 107, 464]
[-206, 107, 465]
[-207, 107, 466]
[-207, 107, 466]
[-207, 108, 467]
[-207, 108, 468]
[-207, 108, 469]
[-208, 109, 469]
[-208, 109, 470]
[-208, 109, 471]
[-208, 110, 472]
[-209, 110, 472]
[-209, 110, 473]
[-209, 111, 474]
[-209, 111, 475]
[-210, 111, 475]
[-210, 112, 476]
[-210, 112, 477]
[-210, 112, 477]
[-211, 113, 478]
[-211, 113, 479]
[-211, 113, 479]
[-212, 114, 480]
[-212, 114, 481]
[-212, 115, 481]
[-212, 115, 482]
[-213, 115, 483]
[-213, 116, 483]
[-213, 116, 484]
[-214, 116, 484]
[-214, 117, 485]
[-214, 117, 486]
[-215, 118, 486]
[-215, 118, 487]
[-215, 118, 487]
[-216, 119, 488]
[-216, 119, 488]
[-216, 120, 489]
[-217, 120, 489]
[-217, 121, 490]
[-218, 121, 491]
[-218, 121, 491]
[-218, 122, 492]
[-219, 122, 492]
[-219, 123, 492]
[-220, 123, 493]
[-220, 124, 493]
[-220, 124, 494]
[-221, 124, 494]
[-221, 125, 495]
[-222, 125, 495]
[-222, 126, 496]
[-223, 126, 496]
[-223, 127, 496]
[-223, 127, 497]
[-224, 128, 497]
[-224, 128, 497]
[-225, 129, 498]
[-225, 129, 498]
[-226, 130, 498]
[-226, 130, 499]
[-227, 130, 499]
[-227, 131, 499]
[-228, 131, 500]
[-228, 132, 500]
[-229, 132, 500]
[-229, 133, 501]
[-230, 133, 501]
[-230, 134, 501]
[-231, 134, 501]
[-232, 135, 502]
[-232, 135, 502]
[-233, 136, 502]
[-233, 136, 502]
[-234, 137, 502]
[-234, 137, 503]
[-235, 138, 503]
[-236, 138, 503]
[-236, 139, 503]
[-237, 139, 503]
[-238, 140, 503]
[-238, 140, 503]
[-239, 141, 504]
[-239, 141, 504]
[-240, 142, 504]
[-241, 142, 504]
[-241, 143, 504]
[-242, 143, 504]
[-243, 144, 504]
[-243, 144, 504]
[-244, 145, 504]
[-245, 145, 504]
[-245, 146, 504]
[-246, 147, 504]
[-247, 147, 504]
[-247, 148, 504]
[-248, 148, 504]
[-249, 149, 504]
[-250, 149, 504]
[-250, 150, 504]
[-251, 150, 504]
[-252, 151, 504]
[-252, 151, 504]
[-253, 152, 504]
[-254, 152, 504]
[-255, 153, 503]
[-255, 153, 503]
[-256, 154, 503]
[-257, 154, 503]
[-257, 155, 503]
[-258, 155, 503]
[-259, 156, 503]
[-260, 157, 502]
[-260, 157, 502]
[-261, 158, 502]
[-262, 158, 502]
[-263, 159, 502]
[-263, 159, 501]
[-264, 160, 501]
[-265, 160, 501]
[-266, 161, 501]
[-266, 161, 500]
[-267, 162, 500]
[-268, 162, 500]
[-269, 163, 499]
[-269, 163, 499]
[-270, 164, 499]
[-271, 165, 499]
[-272, 165, 498]
[-272, 166, 498]
[-273, 166, 497]
[-274, 167, 497]
[-274, 167, 497]
[-275, 168, 496]
[-276, 168, 496]
[-277, 169, 496]
[-277, 169, 495]
[-278, 170, 495]
[-279, 170, 494]
[-279, 171, 494]
[-280, 171, 493]
[-281, 172, 493]
[-282, 172, 493]
[-282, 173, 492]
[-283, 173, 492]
[-284, 174, 491]
[-284, 175, 491]
[-285, 175, 490]
[-286, 176, 490]
[-286, 176, 489]
[-287, 177, 488]
[-288, 177, 488]
[-288, 178, 487]
[-289, 178, 487]
[-290, 179, 486]
[-290, 179, 486]
[-291, 180, 485]
[-291, 180, 484]
[-292, 181, 484]
[-293, 181, 483]
[-293, 182, 483]
[-294, 182, 482]
[-295, 183, 481]
[-295, 183, 481]
[-296, 184, 480]
[-296, 184, 479]
[-297, 185, 479]
[-297, 185, 478]
[-298, 186, 477]
[-299, 186, 477]
[-299, 187, 476]
[-300, 187, 475]
[-300, 188, 474]
[-301, 188, 474]
[-301, 189, 473]
[-302, 189, 472]
[-302, 190, 471]
[-303, 190, 471]
[-303, 190, 470]
[-304, 191, 469]
[-304, 191, 468]
[-305, 192, 468]
[-305, 192, 467]
[-306, 193, 466]
[-306, 193, 465]
[-306, 194, 464]
[-307, 194, 464]
[-307, 195, 463]
[-308, 195, 462]
[-308, 196, 461]
[-309, 196, 460]
[-309, 196, 459]
[-309, 197, 458]
[-310, 197, 458]
[-310, 198, 457]
[-311, 198, 456]
[-311, 199, 455]
[-311, 199, 454]
[-312, 199, 453]
[-312, 200, 452]
[-313, 200, 451]
[-313, 201, 450]
[-313, 201, 449]
[-314, 202, 449]
[-314, 202, 448]
[-314, 202, 447]
[-315, 203, 446]
[-315, 203, 445]
[-315, 204, 444]
[-316, 204, 443]
[-316, 204, 442]
[-316, 205, 441]
[-317, 205, 440]
[-317, 205, 439]
[-317, 206, 438]
[-317, 206, 437]
[-318, 207, 436]
[-318, 207, 435]
[-318, 207, 434]
[-319, 208, 433]
[-319, 208, 432]
[-319, 208, 431]
[-319, 209, 430]
[-320, 209, 429]
[-320, 209, 428]
[-320, 210, 427]
[-320, 210, 426]
[-321, 210, 425]
[-321, 211, 424]
[-321, 211, 423]
[-321, 211, 421]
[-322, 212, 420]
[-322, 212, 419]
[-322, 212, 418]
[-322, 213, 417]
[-322, 213, 416]
[-323, 213, 415]
[-323, 213, 414]
[-323, 214, 413]
[-323, 214, 412]
[-324, 214, 411]
[-324, 215, 410]
[-324, 215, 409]
[-324, 215, 407]
[-324, 215, 406]
[-325, 216, 405]
[-325, 216, 404]
[-325, 216, 403]
[-325, 216, 402]
[-325, 217, 401]
[-326, 217, 400]
[-326, 217, 399]
[-326, 217, 398]
[-326, 217, 396]
[-326, 218, 395]
[-326, 218, 394]
[-327, 218, 393]
[-327, 218, 392]
[-327, 219, 391]
[-327, 219, 390]
[-327, 219, 389]
[-327, 219, 387]
[-327, 219, 386]
[-328, 219, 385]
[-328, 220, 384]
[-328, 220, 383]
[-328, 220, 382]
[-328, 220, 381]
[-328, 220, 380]
[-328, 220, 379]
[-329, 220, 377]
[-329, 221, 376]
[-329, 221, 375]
[-329, 221, 374]
[-329, 221, 373]
[-329, 221, 372]
[-329, 221, 371]
[-329, 221, 370]
[-329, 221, 368]
[-329, 221, 367]
[-329, 221, 366]
[-330, 222, 365]
[-330, 222, 364]
[-330, 222, 363]
[-330, 222, 362]
[-330, 222, 361]
[-330, 222, 360]
[-330, 222, 359]
[-330, 222, 357]
[-330, 222, 356]
[-330, 222, 355]
[-330, 222, 354]
[-330, 222, 353]
[-330, 222, 352]
