# Curve Parameters
# y_end: 236
# loops: 1
# A (south bulge): 120
# B (lateral wiggle): 40
# samples: 350
#
# Analysis Results
# max_grade: 0.965422
# length_3d: 370.53
# length_2d: 337.06
# min_horiz_step: 0.199709
# status: OK
#
# Coordinates (x, y, z)
#==================================================

[-199, 98, 410]
[-199, 98, 411]
[-199, 98, 412]
[-199, 98, 413]
[-199, 98, 414]
[-199, 98, 415]
[-199, 98, 416]
[-199, 98, 417]
[-199, 98, 419]
[-199, 98, 420]
[-199, 98, 421]
[-199, 98, 422]
[-199, 98, 423]
[-199, 99, 424]
[-199, 99, 425]
[-200, 99, 426]
[-200, 99, 427]
[-200, 99, 428]
[-200, 99, 429]
[-200, 99, 430]
[-200, 99, 431]
[-200, 99, 432]
[-200, 100, 433]
[-200, 100, 434]
[-200, 100, 435]
[-200, 100, 436]
[-200, 100, 437]
[-200, 100, 438]
[-200, 101, 439]
[-200, 101, 440]
[-200, 101, 441]
[-200, 101, 442]
[-200, 101, 443]
[-200, 101, 444]
[-200, 102, 445]
[-200, 102, 446]
[-200, 102, 446]
[-200, 102, 447]
[-200, 103, 448]
[-200, 103, 449]
[-200, 103, 450]
[-200, 103, 451]
[-200, 104, 452]
[-200, 104, 453]
[-200, 104, 454]
[-200, 104, 455]
[-200, 105, 456]
[-200, 105, 456]
[-200, 105, 457]
[-200, 105, 458]
[-200, 106, 459]
[-200, 106, 460]
[-200, 106, 461]
[-200, 107, 461]
[-200, 107, 462]
[-200, 107, 463]
[-200, 108, 464]
[-200, 108, 465]
[-200, 108, 466]
[-200, 108, 466]
[-200, 109, 467]
[-200, 109, 468]
[-200, 110, 469]
[-200, 110, 469]
[-200, 110, 470]
[-200, 111, 471]
[-200, 111, 472]
[-200, 111, 472]
[-200, 112, 473]
[-200, 112, 474]
[-199, 112, 475]
[-199, 113, 475]
[-199, 113, 476]
[-199, 114, 477]
[-199, 114, 477]
[-199, 114, 478]
[-199, 115, 479]
[-199, 115, 479]
[-199, 116, 480]
[-199, 116, 481]
[-199, 116, 481]
[-199, 117, 482]
[-199, 117, 483]
[-199, 118, 483]
[-199, 118, 484]
[-199, 119, 484]
[-199, 119, 485]
[-199, 119, 486]
[-200, 120, 486]
[-200, 120, 487]
[-200, 121, 487]
[-200, 121, 488]
[-200, 122, 488]
[-200, 122, 489]
[-200, 123, 489]
[-200, 123, 490]
[-200, 124, 491]
[-201, 124, 491]
[-201, 125, 492]
[-201, 125, 492]
[-201, 125, 492]
[-201, 126, 493]
[-202, 126, 493]
[-202, 127, 494]
[-202, 127, 494]
[-202, 128, 495]
[-203, 128, 495]
[-203, 129, 496]
[-203, 129, 496]
[-204, 130, 496]
[-204, 130, 497]
[-205, 131, 497]
[-205, 132, 497]
[-205, 132, 498]
[-206, 133, 498]
[-206, 133, 498]
[-207, 134, 499]
[-207, 134, 499]
[-208, 135, 499]
[-208, 135, 500]
[-209, 136, 500]
[-210, 136, 500]
[-210, 137, 501]
[-211, 137, 501]
[-211, 138, 501]
[-212, 138, 501]
[-213, 139, 502]
[-213, 140, 502]
[-214, 140, 502]
[-215, 141, 502]
[-216, 141, 502]
[-216, 142, 503]
[-217, 142, 503]
[-218, 143, 503]
[-219, 143, 503]
[-220, 144, 503]
[-221, 145, 503]
[-221, 145, 503]
[-222, 146, 504]
[-223, 146, 504]
[-224, 147, 504]
[-225, 147, 504]
[-226, 148, 504]
[-227, 149, 504]
[-228, 149, 504]
[-229, 150, 504]
[-230, 150, 504]
[-231, 151, 504]
[-232, 151, 504]
[-233, 152, 504]
[-235, 153, 504]
[-236, 153, 504]
[-237, 154, 504]
[-238, 154, 504]
[-239, 155, 504]
[-240, 155, 504]
[-241, 156, 504]
[-243, 157, 504]
[-244, 157, 504]
[-245, 158, 504]
[-246, 158, 504]
[-247, 159, 503]
[-249, 160, 503]
[-250, 160, 503]
[-251, 161, 503]
[-252, 161, 503]
[-254, 162, 503]
[-255, 163, 503]
[-256, 163, 502]
[-257, 164, 502]
[-259, 164, 502]
[-260, 165, 502]
[-261, 166, 502]
[-263, 166, 501]
[-264, 167, 501]
[-265, 167, 501]
[-266, 168, 501]
[-268, 168, 500]
[-269, 169, 500]
[-270, 170, 500]
[-272, 170, 499]
[-273, 171, 499]
[-274, 171, 499]
[-275, 172, 499]
[-277, 173, 498]
[-278, 173, 498]
[-279, 174, 497]
[-280, 174, 497]
[-282, 175, 497]
[-283, 176, 496]
[-284, 176, 496]
[-285, 177, 496]
[-286, 177, 495]
[-288, 178, 495]
[-289, 179, 494]
[-290, 179, 494]
[-291, 180, 493]
[-292, 180, 493]
[-293, 181, 493]
[-294, 181, 492]
[-296, 182, 492]
[-297, 183, 491]
[-298, 183, 491]
[-299, 184, 490]
[-300, 184, 490]
[-301, 185, 489]
[-302, 185, 488]
[-303, 186, 488]
[-304, 187, 487]
[-305, 187, 487]
[-306, 188, 486]
[-307, 188, 486]
[-308, 189, 485]
[-308, 189, 484]
[-309, 190, 484]
[-310, 191, 483]
[-311, 191, 483]
[-312, 192, 482]
[-313, 192, 481]
[-313, 193, 481]
[-314, 193, 480]
[-315, 194, 479]
[-316, 194, 479]
[-316, 195, 478]
[-317, 196, 477]
[-318, 196, 477]
[-318, 197, 476]
[-319, 197, 475]
[-319, 198, 474]
[-320, 198, 474]
[-321, 199, 473]
[-321, 199, 472]
[-322, 200, 471]
[-322, 200, 471]
[-323, 201, 470]
[-323, 201, 469]
[-324, 202, 468]
[-324, 202, 468]
[-324, 203, 467]
[-325, 204, 466]
[-325, 204, 465]
[-326, 205, 464]
[-326, 205, 464]
[-326, 206, 463]
[-327, 206, 462]
[-327, 207, 461]
[-327, 207, 460]
[-327, 208, 459]
[-328, 208, 458]
[-328, 209, 458]
[-328, 209, 457]
[-328, 209, 456]
[-328, 210, 455]
[-329, 210, 454]
[-329, 211, 453]
[-329, 211, 452]
[-329, 212, 451]
[-329, 212, 450]
[-329, 213, 449]
[-329, 213, 449]
[-329, 214, 448]
[-329, 214, 447]
[-330, 215, 446]
[-330, 215, 445]
[-330, 215, 444]
[-330, 216, 443]
[-330, 216, 442]
[-330, 217, 441]
[-330, 217, 440]
[-330, 218, 439]
[-330, 218, 438]
[-330, 218, 437]
[-330, 219, 436]
[-330, 219, 435]
[-330, 220, 434]
[-330, 220, 433]
[-330, 220, 432]
[-330, 221, 431]
[-330, 221, 430]
[-330, 222, 429]
[-329, 222, 428]
[-329, 222, 427]
[-329, 223, 426]
[-329, 223, 425]
[-329, 223, 424]
[-329, 224, 423]
[-329, 224, 421]
[-329, 224, 420]
[-329, 225, 419]
[-329, 225, 418]
[-329, 226, 417]
[-329, 226, 416]
[-329, 226, 415]
[-329, 226, 414]
[-329, 227, 413]
[-329, 227, 412]
[-329, 227, 411]
[-329, 228, 410]
[-329, 228, 409]
[-329, 228, 407]
[-329, 229, 406]
[-329, 229, 405]
[-329, 229, 404]
[-329, 229, 403]
[-329, 230, 402]
[-329, 230, 401]
[-329, 230, 400]
[-329, 230, 399]
[-329, 231, 398]
[-329, 231, 396]
[-329, 231, 395]
[-329, 231, 394]
[-329, 232, 393]
[-329, 232, 392]
[-329, 232, 391]
[-329, 232, 390]
[-329, 233, 389]
[-329, 233, 387]
[-329, 233, 386]
[-329, 233, 385]
[-329, 233, 384]
[-329, 233, 383]
[-329, 234, 382]
[-329, 234, 381]
[-329, 234, 380]
[-329, 234, 379]
[-329, 234, 377]
[-329, 234, 376]
[-329, 235, 375]
[-329, 235, 374]
[-329, 235, 373]
[-329, 235, 372]
[-329, 235, 371]
[-329, 235, 370]
[-329, 235, 368]
[-330, 235, 367]
[-330, 235, 366]
[-330, 236, 365]
[-330, 236, 364]
[-330, 236, 363]
[-330, 236, 362]
[-330, 236, 361]
[-330, 236, 360]
[-330, 236, 359]
[-330, 236, 357]
[-330, 236, 356]
[-330, 236, 355]
[-330, 236, 354]
[-330, 236, 353]
[-330, 236, 352]
