# Curve Parameters
# y_end: 242
# loops: 1
# A (south bulge): 120
# B (lateral wiggle): 20
# samples: 350
#
# Analysis Results
# max_grade: 0.930977
# length_3d: 355.50
# length_2d: 316.42
# min_horiz_step: 0.222167
# status: OK
#
# Coordinates (x, y, z)
#==================================================

[-199, 98, 410]
[-199, 98, 411]
[-199, 98, 412]
[-199, 98, 413]
[-199, 98, 414]
[-199, 98, 415]
[-199, 98, 416]
[-199, 98, 417]
[-199, 98, 419]
[-199, 98, 420]
[-199, 98, 421]
[-199, 98, 422]
[-199, 98, 423]
[-199, 99, 424]
[-200, 99, 425]
[-200, 99, 426]
[-200, 99, 427]
[-200, 99, 428]
[-200, 99, 429]
[-200, 99, 430]
[-200, 99, 431]
[-200, 100, 432]
[-200, 100, 433]
[-200, 100, 434]
[-200, 100, 435]
[-200, 100, 436]
[-201, 100, 437]
[-201, 100, 438]
[-201, 101, 439]
[-201, 101, 440]
[-201, 101, 441]
[-201, 101, 442]
[-201, 101, 443]
[-201, 102, 444]
[-201, 102, 445]
[-202, 102, 446]
[-202, 102, 446]
[-202, 103, 447]
[-202, 103, 448]
[-202, 103, 449]
[-202, 103, 450]
[-202, 103, 451]
[-202, 104, 452]
[-202, 104, 453]
[-203, 104, 454]
[-203, 105, 455]
[-203, 105, 456]
[-203, 105, 456]
[-203, 105, 457]
[-203, 106, 458]
[-203, 106, 459]
[-203, 106, 460]
[-204, 107, 461]
[-204, 107, 461]
[-204, 107, 462]
[-204, 108, 463]
[-204, 108, 464]
[-204, 108, 465]
[-204, 109, 466]
[-204, 109, 466]
[-205, 109, 467]
[-205, 110, 468]
[-205, 110, 469]
[-205, 110, 469]
[-205, 111, 470]
[-205, 111, 471]
[-205, 112, 472]
[-206, 112, 472]
[-206, 112, 473]
[-206, 113, 474]
[-206, 113, 475]
[-206, 113, 475]
[-206, 114, 476]
[-207, 114, 477]
[-207, 115, 477]
[-207, 115, 478]
[-207, 116, 479]
[-207, 116, 479]
[-207, 116, 480]
[-208, 117, 481]
[-208, 117, 481]
[-208, 118, 482]
[-208, 118, 483]
[-208, 119, 483]
[-209, 119, 484]
[-209, 119, 484]
[-209, 120, 485]
[-209, 120, 486]
[-210, 121, 486]
[-210, 121, 487]
[-210, 122, 487]
[-210, 122, 488]
[-211, 123, 488]
[-211, 123, 489]
[-211, 124, 489]
[-212, 124, 490]
[-212, 125, 491]
[-212, 125, 491]
[-212, 126, 492]
[-213, 126, 492]
[-213, 127, 492]
[-213, 127, 493]
[-214, 128, 493]
[-214, 128, 494]
[-215, 129, 494]
[-215, 129, 495]
[-215, 130, 495]
[-216, 130, 496]
[-216, 131, 496]
[-217, 131, 496]
[-217, 132, 497]
[-217, 132, 497]
[-218, 133, 497]
[-218, 134, 498]
[-219, 134, 498]
[-219, 135, 498]
[-220, 135, 499]
[-220, 136, 499]
[-221, 136, 499]
[-221, 137, 500]
[-222, 137, 500]
[-222, 138, 500]
[-223, 138, 501]
[-224, 139, 501]
[-224, 140, 501]
[-225, 140, 501]
[-225, 141, 502]
[-226, 141, 502]
[-227, 142, 502]
[-227, 142, 502]
[-228, 143, 502]
[-228, 144, 503]
[-229, 144, 503]
[-230, 145, 503]
[-230, 145, 503]
[-231, 146, 503]
[-232, 147, 503]
[-233, 147, 503]
[-233, 148, 504]
[-234, 148, 504]
[-235, 149, 504]
[-236, 150, 504]
[-236, 150, 504]
[-237, 151, 504]
[-238, 151, 504]
[-239, 152, 504]
[-239, 153, 504]
[-240, 153, 504]
[-241, 154, 504]
[-242, 154, 504]
[-243, 155, 504]
[-243, 156, 504]
[-244, 156, 504]
[-245, 157, 504]
[-246, 157, 504]
[-247, 158, 504]
[-248, 159, 504]
[-249, 159, 504]
[-250, 160, 504]
[-250, 160, 504]
[-251, 161, 504]
[-252, 162, 503]
[-253, 162, 503]
[-254, 163, 503]
[-255, 164, 503]
[-256, 164, 503]
[-257, 165, 503]
[-258, 165, 503]
[-259, 166, 502]
[-259, 167, 502]
[-260, 167, 502]
[-261, 168, 502]
[-262, 168, 502]
[-263, 169, 501]
[-264, 170, 501]
[-265, 170, 501]
[-266, 171, 501]
[-267, 172, 500]
[-268, 172, 500]
[-269, 173, 500]
[-270, 173, 499]
[-270, 174, 499]
[-271, 175, 499]
[-272, 175, 499]
[-273, 176, 498]
[-274, 176, 498]
[-275, 177, 497]
[-276, 178, 497]
[-277, 178, 497]
[-278, 179, 496]
[-279, 180, 496]
[-279, 180, 496]
[-280, 181, 495]
[-281, 181, 495]
[-282, 182, 494]
[-283, 183, 494]
[-284, 183, 493]
[-285, 184, 493]
[-286, 184, 493]
[-286, 185, 492]
[-287, 186, 492]
[-288, 186, 491]
[-289, 187, 491]
[-290, 187, 490]
[-290, 188, 490]
[-291, 189, 489]
[-292, 189, 488]
[-293, 190, 488]
[-293, 190, 487]
[-294, 191, 487]
[-295, 192, 486]
[-296, 192, 486]
[-296, 193, 485]
[-297, 193, 484]
[-298, 194, 484]
[-299, 195, 483]
[-299, 195, 483]
[-300, 196, 482]
[-301, 196, 481]
[-301, 197, 481]
[-302, 198, 480]
[-302, 198, 479]
[-303, 199, 479]
[-304, 199, 478]
[-304, 200, 477]
[-305, 200, 477]
[-305, 201, 476]
[-306, 202, 475]
[-307, 202, 474]
[-307, 203, 474]
[-308, 203, 473]
[-308, 204, 472]
[-309, 204, 471]
[-309, 205, 471]
[-310, 205, 470]
[-310, 206, 469]
[-311, 206, 468]
[-311, 207, 468]
[-312, 208, 467]
[-312, 208, 466]
[-312, 209, 465]
[-313, 209, 464]
[-313, 210, 464]
[-314, 210, 463]
[-314, 211, 462]
[-314, 211, 461]
[-315, 212, 460]
[-315, 212, 459]
[-316, 213, 458]
[-316, 213, 458]
[-316, 214, 457]
[-317, 214, 456]
[-317, 215, 455]
[-317, 215, 454]
[-317, 216, 453]
[-318, 216, 452]
[-318, 217, 451]
[-318, 217, 450]
[-319, 218, 449]
[-319, 218, 449]
[-319, 219, 448]
[-319, 219, 447]
[-320, 220, 446]
[-320, 220, 445]
[-320, 221, 444]
[-320, 221, 443]
[-321, 221, 442]
[-321, 222, 441]
[-321, 222, 440]
[-321, 223, 439]
[-321, 223, 438]
[-322, 224, 437]
[-322, 224, 436]
[-322, 224, 435]
[-322, 225, 434]
[-322, 225, 433]
[-322, 226, 432]
[-323, 226, 431]
[-323, 227, 430]
[-323, 227, 429]
[-323, 227, 428]
[-323, 228, 427]
[-323, 228, 426]
[-324, 228, 425]
[-324, 229, 424]
[-324, 229, 423]
[-324, 230, 421]
[-324, 230, 420]
[-324, 230, 419]
[-324, 231, 418]
[-325, 231, 417]
[-325, 231, 416]
[-325, 232, 415]
[-325, 232, 414]
[-325, 232, 413]
[-325, 233, 412]
[-325, 233, 411]
[-325, 233, 410]
[-326, 234, 409]
[-326, 234, 407]
[-326, 234, 406]
[-326, 235, 405]
[-326, 235, 404]
[-326, 235, 403]
[-326, 235, 402]
[-326, 236, 401]
[-327, 236, 400]
[-327, 236, 399]
[-327, 237, 398]
[-327, 237, 396]
[-327, 237, 395]
[-327, 237, 394]
[-327, 237, 393]
[-327, 238, 392]
[-327, 238, 391]
[-328, 238, 390]
[-328, 238, 389]
[-328, 239, 387]
[-328, 239, 386]
[-328, 239, 385]
[-328, 239, 384]
[-328, 239, 383]
[-328, 240, 382]
[-328, 240, 381]
[-329, 240, 380]
[-329, 240, 379]
[-329, 240, 377]
[-329, 240, 376]
[-329, 240, 375]
[-329, 241, 374]
[-329, 241, 373]
[-329, 241, 372]
[-329, 241, 371]
[-329, 241, 370]
[-329, 241, 368]
[-329, 241, 367]
[-330, 241, 366]
[-330, 242, 365]
[-330, 242, 364]
[-330, 242, 363]
[-330, 242, 362]
[-330, 242, 361]
[-330, 242, 360]
[-330, 242, 359]
[-330, 242, 357]
[-330, 242, 356]
[-330, 242, 355]
[-330, 242, 354]
[-330, 242, 353]
[-330, 242, 352]
