# Curve Parameters
# y_end: 228
# loops: 1
# A (south bulge): 120
# B (lateral wiggle): 10
# samples: 350
#
# Analysis Results
# max_grade: 0.851250
# length_3d: 342.04
# length_2d: 308.06
# min_horiz_step: 0.230196
# status: OK
#
# Coordinates (x, y, z)
#==================================================

[-199, 98, 410]
[-199, 98, 411]
[-199, 98, 412]
[-199, 98, 413]
[-199, 98, 414]
[-199, 98, 415]
[-199, 98, 416]
[-199, 98, 417]
[-199, 98, 419]
[-199, 98, 420]
[-199, 98, 421]
[-199, 98, 422]
[-199, 98, 423]
[-200, 99, 424]
[-200, 99, 425]
[-200, 99, 426]
[-200, 99, 427]
[-200, 99, 428]
[-200, 99, 429]
[-200, 99, 430]
[-200, 99, 431]
[-200, 99, 432]
[-200, 99, 433]
[-200, 100, 434]
[-201, 100, 435]
[-201, 100, 436]
[-201, 100, 437]
[-201, 100, 438]
[-201, 100, 439]
[-201, 101, 440]
[-201, 101, 441]
[-202, 101, 442]
[-202, 101, 443]
[-202, 101, 444]
[-202, 101, 445]
[-202, 102, 446]
[-202, 102, 446]
[-202, 102, 447]
[-203, 102, 448]
[-203, 103, 449]
[-203, 103, 450]
[-203, 103, 451]
[-203, 103, 452]
[-203, 103, 453]
[-204, 104, 454]
[-204, 104, 455]
[-204, 104, 456]
[-204, 104, 456]
[-204, 105, 457]
[-205, 105, 458]
[-205, 105, 459]
[-205, 106, 460]
[-205, 106, 461]
[-205, 106, 461]
[-206, 106, 462]
[-206, 107, 463]
[-206, 107, 464]
[-206, 107, 465]
[-207, 108, 466]
[-207, 108, 466]
[-207, 108, 467]
[-207, 109, 468]
[-207, 109, 469]
[-208, 109, 469]
[-208, 110, 470]
[-208, 110, 471]
[-208, 110, 472]
[-209, 111, 472]
[-209, 111, 473]
[-209, 111, 474]
[-209, 112, 475]
[-210, 112, 475]
[-210, 112, 476]
[-210, 113, 477]
[-210, 113, 477]
[-211, 113, 478]
[-211, 114, 479]
[-211, 114, 479]
[-212, 115, 480]
[-212, 115, 481]
[-212, 115, 481]
[-212, 116, 482]
[-213, 116, 483]
[-213, 117, 483]
[-213, 117, 484]
[-214, 117, 484]
[-214, 118, 485]
[-214, 118, 486]
[-215, 119, 486]
[-215, 119, 487]
[-215, 119, 487]
[-216, 120, 488]
[-216, 120, 488]
[-216, 121, 489]
[-217, 121, 489]
[-217, 122, 490]
[-218, 122, 491]
[-218, 123, 491]
[-218, 123, 492]
[-219, 123, 492]
[-219, 124, 492]
[-220, 124, 493]
[-220, 125, 493]
[-220, 125, 494]
[-221, 126, 494]
[-221, 126, 495]
[-222, 127, 495]
[-222, 127, 496]
[-223, 128, 496]
[-223, 128, 496]
[-223, 129, 497]
[-224, 129, 497]
[-224, 130, 497]
[-225, 130, 498]
[-225, 131, 498]
[-226, 131, 498]
[-226, 132, 499]
[-227, 132, 499]
[-227, 133, 499]
[-228, 133, 500]
[-228, 134, 500]
[-229, 134, 500]
[-229, 135, 501]
[-230, 135, 501]
[-230, 136, 501]
[-231, 136, 501]
[-232, 137, 502]
[-232, 137, 502]
[-233, 138, 502]
[-233, 138, 502]
[-234, 139, 502]
[-234, 139, 503]
[-235, 140, 503]
[-236, 140, 503]
[-236, 141, 503]
[-237, 141, 503]
[-238, 142, 503]
[-238, 142, 503]
[-239, 143, 504]
[-239, 143, 504]
[-240, 144, 504]
[-241, 145, 504]
[-241, 145, 504]
[-242, 146, 504]
[-243, 146, 504]
[-243, 147, 504]
[-244, 147, 504]
[-245, 148, 504]
[-245, 148, 504]
[-246, 149, 504]
[-247, 149, 504]
[-247, 150, 504]
[-248, 150, 504]
[-249, 151, 504]
[-250, 152, 504]
[-250, 152, 504]
[-251, 153, 504]
[-252, 153, 504]
[-252, 154, 504]
[-253, 154, 504]
[-254, 155, 504]
[-255, 155, 503]
[-255, 156, 503]
[-256, 157, 503]
[-257, 157, 503]
[-257, 158, 503]
[-258, 158, 503]
[-259, 159, 503]
[-260, 159, 502]
[-260, 160, 502]
[-261, 160, 502]
[-262, 161, 502]
[-263, 162, 502]
[-263, 162, 501]
[-264, 163, 501]
[-265, 163, 501]
[-266, 164, 501]
[-266, 164, 500]
[-267, 165, 500]
[-268, 166, 500]
[-269, 166, 499]
[-269, 167, 499]
[-270, 167, 499]
[-271, 168, 499]
[-272, 168, 498]
[-272, 169, 498]
[-273, 169, 497]
[-274, 170, 497]
[-274, 171, 497]
[-275, 171, 496]
[-276, 172, 496]
[-277, 172, 496]
[-277, 173, 495]
[-278, 173, 495]
[-279, 174, 494]
[-279, 174, 494]
[-280, 175, 493]
[-281, 176, 493]
[-282, 176, 493]
[-282, 177, 492]
[-283, 177, 492]
[-284, 178, 491]
[-284, 178, 491]
[-285, 179, 490]
[-286, 179, 490]
[-286, 180, 489]
[-287, 180, 488]
[-288, 181, 488]
[-288, 181, 487]
[-289, 182, 487]
[-290, 183, 486]
[-290, 183, 486]
[-291, 184, 485]
[-291, 184, 484]
[-292, 185, 484]
[-293, 185, 483]
[-293, 186, 483]
[-294, 186, 482]
[-295, 187, 481]
[-295, 187, 481]
[-296, 188, 480]
[-296, 188, 479]
[-297, 189, 479]
[-297, 189, 478]
[-298, 190, 477]
[-299, 190, 477]
[-299, 191, 476]
[-300, 191, 475]
[-300, 192, 474]
[-301, 192, 474]
[-301, 193, 473]
[-302, 193, 472]
[-302, 194, 471]
[-303, 194, 471]
[-303, 195, 470]
[-304, 195, 469]
[-304, 196, 468]
[-305, 196, 468]
[-305, 197, 467]
[-306, 197, 466]
[-306, 198, 465]
[-306, 198, 464]
[-307, 199, 464]
[-307, 199, 463]
[-308, 200, 462]
[-308, 200, 461]
[-309, 201, 460]
[-309, 201, 459]
[-309, 202, 458]
[-310, 202, 458]
[-310, 203, 457]
[-311, 203, 456]
[-311, 203, 455]
[-311, 204, 454]
[-312, 204, 453]
[-312, 205, 452]
[-313, 205, 451]
[-313, 206, 450]
[-313, 206, 449]
[-314, 207, 449]
[-314, 207, 448]
[-314, 207, 447]
[-315, 208, 446]
[-315, 208, 445]
[-315, 209, 444]
[-316, 209, 443]
[-316, 209, 442]
[-316, 210, 441]
[-317, 210, 440]
[-317, 211, 439]
[-317, 211, 438]
[-317, 211, 437]
[-318, 212, 436]
[-318, 212, 435]
[-318, 213, 434]
[-319, 213, 433]
[-319, 213, 432]
[-319, 214, 431]
[-319, 214, 430]
[-320, 214, 429]
[-320, 215, 428]
[-320, 215, 427]
[-320, 215, 426]
[-321, 216, 425]
[-321, 216, 424]
[-321, 216, 423]
[-321, 217, 421]
[-322, 217, 420]
[-322, 217, 419]
[-322, 218, 418]
[-322, 218, 417]
[-322, 218, 416]
[-323, 219, 415]
[-323, 219, 414]
[-323, 219, 413]
[-323, 220, 412]
[-324, 220, 411]
[-324, 220, 410]
[-324, 220, 409]
[-324, 221, 407]
[-324, 221, 406]
[-325, 221, 405]
[-325, 222, 404]
[-325, 222, 403]
[-325, 222, 402]
[-325, 222, 401]
[-326, 223, 400]
[-326, 223, 399]
[-326, 223, 398]
[-326, 223, 396]
[-326, 223, 395]
[-326, 224, 394]
[-327, 224, 393]
[-327, 224, 392]
[-327, 224, 391]
[-327, 225, 390]
[-327, 225, 389]
[-327, 225, 387]
[-327, 225, 386]
[-328, 225, 385]
[-328, 225, 384]
[-328, 226, 383]
[-328, 226, 382]
[-328, 226, 381]
[-328, 226, 380]
[-328, 226, 379]
[-329, 226, 377]
[-329, 227, 376]
[-329, 227, 375]
[-329, 227, 374]
[-329, 227, 373]
[-329, 227, 372]
[-329, 227, 371]
[-329, 227, 370]
[-329, 227, 368]
[-329, 227, 367]
[-329, 227, 366]
[-330, 228, 365]
[-330, 228, 364]
[-330, 228, 363]
[-330, 228, 362]
[-330, 228, 361]
[-330, 228, 360]
[-330, 228, 359]
[-330, 228, 357]
[-330, 228, 356]
[-330, 228, 355]
[-330, 228, 354]
[-330, 228, 353]
[-330, 228, 352]
