# Curve Parameters
# y_end: 232
# loops: 1
# A (south bulge): 120
# B (lateral wiggle): 30
# samples: 350
#
# Analysis Results
# max_grade: 0.895499
# length_3d: 358.94
# length_2d: 326.08
# min_horiz_step: 0.210616
# status: OK
#
# Coordinates (x, y, z)
#==================================================

[-199, 98, 410]
[-199, 98, 411]
[-199, 98, 412]
[-199, 98, 413]
[-199, 98, 414]
[-199, 98, 415]
[-199, 98, 416]
[-199, 98, 417]
[-199, 98, 419]
[-199, 98, 420]
[-199, 98, 421]
[-199, 98, 422]
[-199, 98, 423]
[-199, 99, 424]
[-199, 99, 425]
[-200, 99, 426]
[-200, 99, 427]
[-200, 99, 428]
[-200, 99, 429]
[-200, 99, 430]
[-200, 99, 431]
[-200, 99, 432]
[-200, 100, 433]
[-200, 100, 434]
[-200, 100, 435]
[-200, 100, 436]
[-200, 100, 437]
[-200, 100, 438]
[-200, 100, 439]
[-201, 101, 440]
[-201, 101, 441]
[-201, 101, 442]
[-201, 101, 443]
[-201, 101, 444]
[-201, 102, 445]
[-201, 102, 446]
[-201, 102, 446]
[-201, 102, 447]
[-201, 102, 448]
[-201, 103, 449]
[-201, 103, 450]
[-201, 103, 451]
[-201, 103, 452]
[-201, 104, 453]
[-202, 104, 454]
[-202, 104, 455]
[-202, 104, 456]
[-202, 105, 456]
[-202, 105, 457]
[-202, 105, 458]
[-202, 105, 459]
[-202, 106, 460]
[-202, 106, 461]
[-202, 106, 461]
[-202, 107, 462]
[-202, 107, 463]
[-202, 107, 464]
[-202, 108, 465]
[-202, 108, 466]
[-202, 108, 466]
[-202, 109, 467]
[-202, 109, 468]
[-202, 109, 469]
[-202, 110, 469]
[-202, 110, 470]
[-203, 110, 471]
[-203, 111, 472]
[-203, 111, 472]
[-203, 111, 473]
[-203, 112, 474]
[-203, 112, 475]
[-203, 112, 475]
[-203, 113, 476]
[-203, 113, 477]
[-203, 114, 477]
[-203, 114, 478]
[-203, 114, 479]
[-203, 115, 479]
[-203, 115, 480]
[-203, 115, 481]
[-204, 116, 481]
[-204, 116, 482]
[-204, 117, 483]
[-204, 117, 483]
[-204, 118, 484]
[-204, 118, 484]
[-204, 118, 485]
[-204, 119, 486]
[-205, 119, 486]
[-205, 120, 487]
[-205, 120, 487]
[-205, 121, 488]
[-205, 121, 488]
[-205, 121, 489]
[-206, 122, 489]
[-206, 122, 490]
[-206, 123, 491]
[-206, 123, 491]
[-207, 124, 492]
[-207, 124, 492]
[-207, 125, 492]
[-207, 125, 493]
[-208, 126, 493]
[-208, 126, 494]
[-208, 127, 494]
[-209, 127, 495]
[-209, 128, 495]
[-209, 128, 496]
[-210, 129, 496]
[-210, 129, 496]
[-211, 130, 497]
[-211, 130, 497]
[-211, 131, 497]
[-212, 131, 498]
[-212, 132, 498]
[-213, 132, 498]
[-213, 133, 499]
[-214, 133, 499]
[-214, 134, 499]
[-215, 134, 500]
[-215, 135, 500]
[-216, 135, 500]
[-217, 136, 501]
[-217, 136, 501]
[-218, 137, 501]
[-218, 137, 501]
[-219, 138, 502]
[-220, 138, 502]
[-220, 139, 502]
[-221, 139, 502]
[-222, 140, 502]
[-222, 140, 503]
[-223, 141, 503]
[-224, 142, 503]
[-225, 142, 503]
[-225, 143, 503]
[-226, 143, 503]
[-227, 144, 503]
[-228, 144, 504]
[-229, 145, 504]
[-230, 145, 504]
[-230, 146, 504]
[-231, 146, 504]
[-232, 147, 504]
[-233, 148, 504]
[-234, 148, 504]
[-235, 149, 504]
[-236, 149, 504]
[-237, 150, 504]
[-238, 150, 504]
[-239, 151, 504]
[-240, 152, 504]
[-241, 152, 504]
[-242, 153, 504]
[-243, 153, 504]
[-244, 154, 504]
[-245, 154, 504]
[-246, 155, 504]
[-247, 156, 504]
[-248, 156, 504]
[-249, 157, 504]
[-250, 157, 503]
[-251, 158, 503]
[-252, 158, 503]
[-253, 159, 503]
[-254, 160, 503]
[-255, 160, 503]
[-256, 161, 503]
[-257, 161, 502]
[-258, 162, 502]
[-260, 162, 502]
[-261, 163, 502]
[-262, 164, 502]
[-263, 164, 501]
[-264, 165, 501]
[-265, 165, 501]
[-266, 166, 501]
[-267, 166, 500]
[-268, 167, 500]
[-269, 168, 500]
[-271, 168, 499]
[-272, 169, 499]
[-273, 169, 499]
[-274, 170, 499]
[-275, 170, 498]
[-276, 171, 498]
[-277, 172, 497]
[-278, 172, 497]
[-279, 173, 497]
[-280, 173, 496]
[-281, 174, 496]
[-282, 174, 496]
[-283, 175, 495]
[-284, 176, 495]
[-285, 176, 494]
[-286, 177, 494]
[-287, 177, 493]
[-288, 178, 493]
[-289, 178, 493]
[-290, 179, 492]
[-291, 180, 492]
[-292, 180, 491]
[-293, 181, 491]
[-294, 181, 490]
[-295, 182, 490]
[-296, 182, 489]
[-297, 183, 488]
[-298, 184, 488]
[-299, 184, 487]
[-299, 185, 487]
[-300, 185, 486]
[-301, 186, 486]
[-302, 186, 485]
[-303, 187, 484]
[-304, 187, 484]
[-304, 188, 483]
[-305, 188, 483]
[-306, 189, 482]
[-307, 190, 481]
[-307, 190, 481]
[-308, 191, 480]
[-309, 191, 479]
[-309, 192, 479]
[-310, 192, 478]
[-311, 193, 477]
[-311, 193, 477]
[-312, 194, 476]
[-312, 194, 475]
[-313, 195, 474]
[-314, 195, 474]
[-314, 196, 473]
[-315, 196, 472]
[-315, 197, 471]
[-316, 197, 471]
[-316, 198, 470]
[-317, 198, 469]
[-317, 199, 468]
[-318, 199, 468]
[-318, 200, 467]
[-318, 200, 466]
[-319, 201, 465]
[-319, 201, 464]
[-320, 202, 464]
[-320, 202, 463]
[-320, 203, 462]
[-321, 203, 461]
[-321, 204, 460]
[-321, 204, 459]
[-322, 205, 458]
[-322, 205, 458]
[-322, 206, 457]
[-322, 206, 456]
[-323, 207, 455]
[-323, 207, 454]
[-323, 208, 453]
[-323, 208, 452]
[-324, 209, 451]
[-324, 209, 450]
[-324, 209, 449]
[-324, 210, 449]
[-324, 210, 448]
[-324, 211, 447]
[-325, 211, 446]
[-325, 212, 445]
[-325, 212, 444]
[-325, 212, 443]
[-325, 213, 442]
[-325, 213, 441]
[-325, 214, 440]
[-325, 214, 439]
[-326, 215, 438]
[-326, 215, 437]
[-326, 215, 436]
[-326, 216, 435]
[-326, 216, 434]
[-326, 216, 433]
[-326, 217, 432]
[-326, 217, 431]
[-326, 218, 430]
[-326, 218, 429]
[-326, 218, 428]
[-326, 219, 427]
[-326, 219, 426]
[-326, 219, 425]
[-326, 220, 424]
[-327, 220, 423]
[-327, 220, 421]
[-327, 221, 420]
[-327, 221, 419]
[-327, 221, 418]
[-327, 222, 417]
[-327, 222, 416]
[-327, 222, 415]
[-327, 223, 414]
[-327, 223, 413]
[-327, 223, 412]
[-327, 224, 411]
[-327, 224, 410]
[-327, 224, 409]
[-327, 225, 407]
[-327, 225, 406]
[-327, 225, 405]
[-327, 225, 404]
[-327, 226, 403]
[-327, 226, 402]
[-327, 226, 401]
[-328, 226, 400]
[-328, 227, 399]
[-328, 227, 398]
[-328, 227, 396]
[-328, 227, 395]
[-328, 228, 394]
[-328, 228, 393]
[-328, 228, 392]
[-328, 228, 391]
[-328, 228, 390]
[-328, 229, 389]
[-328, 229, 387]
[-328, 229, 386]
[-328, 229, 385]
[-328, 229, 384]
[-329, 230, 383]
[-329, 230, 382]
[-329, 230, 381]
[-329, 230, 380]
[-329, 230, 379]
[-329, 230, 377]
[-329, 230, 376]
[-329, 231, 375]
[-329, 231, 374]
[-329, 231, 373]
[-329, 231, 372]
[-329, 231, 371]
[-329, 231, 370]
[-329, 231, 368]
[-330, 231, 367]
[-330, 231, 366]
[-330, 232, 365]
[-330, 232, 364]
[-330, 232, 363]
[-330, 232, 362]
[-330, 232, 361]
[-330, 232, 360]
[-330, 232, 359]
[-330, 232, 357]
[-330, 232, 356]
[-330, 232, 355]
[-330, 232, 354]
[-330, 232, 353]
[-330, 232, 352]
