# Curve Parameters
# y_end: 260
# loops: 1
# A (south bulge): 140
# B (lateral wiggle): 40
# samples: 350
#
# Analysis Results
# max_grade: 0.983238
# length_3d: 415.33
# length_2d: 373.34
# min_horiz_step: 0.235202
# status: OK
#
# Coordinates (x, y, z)
#==================================================

[-199, 98, 410]
[-199, 98, 411]
[-199, 98, 413]
[-199, 98, 414]
[-199, 98, 415]
[-199, 98, 416]
[-199, 98, 418]
[-199, 98, 419]
[-199, 98, 420]
[-199, 98, 421]
[-199, 98, 422]
[-199, 98, 424]
[-199, 99, 425]
[-199, 99, 426]
[-199, 99, 427]
[-200, 99, 429]
[-200, 99, 430]
[-200, 99, 431]
[-200, 99, 432]
[-200, 99, 433]
[-200, 100, 435]
[-200, 100, 436]
[-200, 100, 437]
[-200, 100, 438]
[-200, 100, 439]
[-200, 100, 440]
[-200, 101, 442]
[-200, 101, 443]
[-200, 101, 444]
[-200, 101, 445]
[-200, 101, 446]
[-200, 102, 447]
[-200, 102, 448]
[-200, 102, 450]
[-200, 102, 451]
[-200, 103, 452]
[-200, 103, 453]
[-200, 103, 454]
[-200, 103, 455]
[-200, 104, 456]
[-200, 104, 457]
[-200, 104, 458]
[-200, 104, 459]
[-200, 105, 460]
[-200, 105, 461]
[-200, 105, 463]
[-200, 106, 464]
[-200, 106, 465]
[-200, 106, 466]
[-200, 107, 467]
[-200, 107, 468]
[-200, 107, 469]
[-200, 108, 470]
[-200, 108, 471]
[-200, 108, 472]
[-200, 109, 473]
[-200, 109, 474]
[-200, 110, 475]
[-200, 110, 476]
[-200, 110, 476]
[-200, 111, 477]
[-200, 111, 478]
[-200, 112, 479]
[-200, 112, 480]
[-200, 112, 481]
[-200, 113, 482]
[-200, 113, 483]
[-200, 114, 484]
[-200, 114, 485]
[-200, 114, 486]
[-199, 115, 486]
[-199, 115, 487]
[-199, 116, 488]
[-199, 116, 489]
[-199, 117, 490]
[-199, 117, 491]
[-199, 118, 491]
[-199, 118, 492]
[-199, 119, 493]
[-199, 119, 494]
[-199, 120, 495]
[-199, 120, 495]
[-199, 121, 496]
[-199, 121, 497]
[-199, 122, 498]
[-199, 122, 498]
[-199, 123, 499]
[-199, 123, 500]
[-200, 124, 500]
[-200, 124, 501]
[-200, 125, 502]
[-200, 125, 503]
[-200, 126, 503]
[-200, 126, 504]
[-200, 127, 504]
[-200, 127, 505]
[-200, 128, 506]
[-201, 129, 506]
[-201, 129, 507]
[-201, 130, 508]
[-201, 130, 508]
[-201, 131, 509]
[-202, 131, 509]
[-202, 132, 510]
[-202, 133, 510]
[-202, 133, 511]
[-203, 134, 511]
[-203, 134, 512]
[-203, 135, 512]
[-204, 136, 513]
[-204, 136, 513]
[-205, 137, 514]
[-205, 137, 514]
[-205, 138, 515]
[-206, 139, 515]
[-206, 139, 516]
[-207, 140, 516]
[-207, 140, 516]
[-208, 141, 517]
[-208, 142, 517]
[-209, 142, 518]
[-210, 143, 518]
[-210, 144, 518]
[-211, 144, 519]
[-211, 145, 519]
[-212, 145, 519]
[-213, 146, 520]
[-213, 147, 520]
[-214, 147, 520]
[-215, 148, 521]
[-216, 149, 521]
[-216, 149, 521]
[-217, 150, 521]
[-218, 151, 521]
[-219, 151, 522]
[-220, 152, 522]
[-221, 153, 522]
[-221, 153, 522]
[-222, 154, 522]
[-223, 155, 523]
[-224, 155, 523]
[-225, 156, 523]
[-226, 157, 523]
[-227, 157, 523]
[-228, 158, 523]
[-229, 159, 523]
[-230, 159, 523]
[-231, 160, 524]
[-232, 161, 524]
[-233, 161, 524]
[-235, 162, 524]
[-236, 163, 524]
[-237, 163, 524]
[-238, 164, 524]
[-239, 165, 524]
[-240, 165, 524]
[-241, 166, 524]
[-243, 167, 524]
[-244, 168, 524]
[-245, 168, 523]
[-246, 169, 523]
[-247, 170, 523]
[-249, 170, 523]
[-250, 171, 523]
[-251, 172, 523]
[-252, 172, 523]
[-254, 173, 523]
[-255, 174, 523]
[-256, 174, 522]
[-257, 175, 522]
[-259, 176, 522]
[-260, 177, 522]
[-261, 177, 522]
[-263, 178, 521]
[-264, 179, 521]
[-265, 179, 521]
[-266, 180, 521]
[-268, 181, 520]
[-269, 181, 520]
[-270, 182, 520]
[-272, 183, 519]
[-273, 184, 519]
[-274, 184, 519]
[-275, 185, 518]
[-277, 186, 518]
[-278, 186, 518]
[-279, 187, 517]
[-280, 188, 517]
[-282, 188, 517]
[-283, 189, 516]
[-284, 190, 516]
[-285, 190, 515]
[-286, 191, 515]
[-288, 192, 514]
[-289, 193, 514]
[-290, 193, 514]
[-291, 194, 513]
[-292, 195, 513]
[-293, 195, 512]
[-294, 196, 512]
[-296, 197, 511]
[-297, 197, 510]
[-298, 198, 510]
[-299, 199, 509]
[-300, 199, 509]
[-301, 200, 508]
[-302, 201, 508]
[-303, 201, 507]
[-304, 202, 506]
[-305, 203, 506]
[-306, 203, 505]
[-307, 204, 505]
[-308, 205, 504]
[-308, 205, 503]
[-309, 206, 503]
[-310, 207, 502]
[-311, 207, 501]
[-312, 208, 500]
[-313, 209, 500]
[-313, 209, 499]
[-314, 210, 498]
[-315, 211, 498]
[-316, 211, 497]
[-316, 212, 496]
[-317, 213, 495]
[-318, 213, 495]
[-318, 214, 494]
[-319, 214, 493]
[-319, 215, 492]
[-320, 216, 491]
[-321, 216, 491]
[-321, 217, 490]
[-322, 218, 489]
[-322, 218, 488]
[-323, 219, 487]
[-323, 219, 486]
[-324, 220, 485]
[-324, 221, 485]
[-324, 221, 484]
[-325, 222, 483]
[-325, 222, 482]
[-326, 223, 481]
[-326, 224, 480]
[-326, 224, 479]
[-327, 225, 478]
[-327, 225, 477]
[-327, 226, 476]
[-327, 227, 475]
[-328, 227, 474]
[-328, 228, 473]
[-328, 228, 472]
[-328, 229, 471]
[-328, 229, 470]
[-329, 230, 469]
[-329, 231, 468]
[-329, 231, 467]
[-329, 232, 466]
[-329, 232, 465]
[-329, 233, 464]
[-329, 233, 463]
[-329, 234, 462]
[-329, 234, 461]
[-330, 235, 460]
[-330, 235, 459]
[-330, 236, 458]
[-330, 236, 457]
[-330, 237, 455]
[-330, 237, 454]
[-330, 238, 453]
[-330, 238, 452]
[-330, 239, 451]
[-330, 239, 450]
[-330, 240, 449]
[-330, 240, 448]
[-330, 241, 446]
[-330, 241, 445]
[-330, 242, 444]
[-330, 242, 443]
[-330, 243, 442]
[-330, 243, 441]
[-329, 244, 439]
[-329, 244, 438]
[-329, 244, 437]
[-329, 245, 436]
[-329, 245, 435]
[-329, 246, 433]
[-329, 246, 432]
[-329, 246, 431]
[-329, 247, 430]
[-329, 247, 429]
[-329, 248, 427]
[-329, 248, 426]
[-329, 248, 425]
[-329, 249, 424]
[-329, 249, 422]
[-329, 250, 421]
[-329, 250, 420]
[-329, 250, 419]
[-329, 251, 417]
[-329, 251, 416]
[-329, 251, 415]
[-329, 252, 414]
[-329, 252, 412]
[-329, 252, 411]
[-329, 253, 410]
[-329, 253, 409]
[-329, 253, 407]
[-329, 254, 406]
[-329, 254, 405]
[-329, 254, 403]
[-329, 254, 402]
[-329, 255, 401]
[-329, 255, 400]
[-329, 255, 398]
[-329, 255, 397]
[-329, 256, 396]
[-329, 256, 394]
[-329, 256, 393]
[-329, 256, 392]
[-329, 257, 391]
[-329, 257, 389]
[-329, 257, 388]
[-329, 257, 387]
[-329, 257, 385]
[-329, 258, 384]
[-329, 258, 383]
[-329, 258, 382]
[-329, 258, 380]
[-329, 258, 379]
[-329, 258, 378]
[-329, 259, 376]
[-329, 259, 375]
[-329, 259, 374]
[-329, 259, 372]
[-329, 259, 371]
[-330, 259, 370]
[-330, 259, 369]
[-330, 259, 367]
[-330, 260, 366]
[-330, 260, 365]
[-330, 260, 363]
[-330, 260, 362]
[-330, 260, 361]
[-330, 260, 360]
[-330, 260, 358]
[-330, 260, 357]
[-330, 260, 356]
[-330, 260, 355]
[-330, 260, 353]
[-330, 260, 352]
