# Curve Parameters
# y_end: 224
# loops: 0
# A (south bulge): 60
# B (lateral wiggle): 0
# samples: 350
#
# Analysis Results
# max_grade: 0.961832
# length_3d: 244.23
# length_2d: 203.42
# min_horiz_step: 0.176149
# status: OK
#
# Coordinates (x, y, z)
#==================================================

[-199, 98, 410]
[-199, 98, 411]
[-199, 98, 411]
[-199, 98, 412]
[-199, 98, 412]
[-199, 98, 413]
[-199, 98, 413]
[-199, 98, 414]
[-199, 98, 414]
[-199, 98, 415]
[-199, 98, 415]
[-199, 98, 416]
[-199, 98, 416]
[-200, 99, 417]
[-200, 99, 417]
[-200, 99, 418]
[-200, 99, 418]
[-200, 99, 419]
[-200, 99, 419]
[-200, 99, 420]
[-200, 99, 420]
[-200, 99, 421]
[-200, 99, 421]
[-201, 100, 422]
[-201, 100, 422]
[-201, 100, 423]
[-201, 100, 423]
[-201, 100, 423]
[-201, 100, 424]
[-202, 100, 424]
[-202, 101, 425]
[-202, 101, 425]
[-202, 101, 426]
[-202, 101, 426]
[-202, 101, 427]
[-203, 102, 427]
[-203, 102, 427]
[-203, 102, 428]
[-203, 102, 428]
[-204, 102, 429]
[-204, 103, 429]
[-204, 103, 429]
[-204, 103, 430]
[-204, 103, 430]
[-205, 104, 431]
[-205, 104, 431]
[-205, 104, 431]
[-205, 104, 432]
[-206, 104, 432]
[-206, 105, 433]
[-206, 105, 433]
[-207, 105, 433]
[-207, 106, 434]
[-207, 106, 434]
[-207, 106, 434]
[-208, 106, 435]
[-208, 107, 435]
[-208, 107, 435]
[-209, 107, 436]
[-209, 108, 436]
[-209, 108, 436]
[-210, 108, 437]
[-210, 109, 437]
[-210, 109, 437]
[-211, 109, 438]
[-211, 109, 438]
[-211, 110, 438]
[-212, 110, 438]
[-212, 110, 439]
[-212, 111, 439]
[-213, 111, 439]
[-213, 112, 440]
[-213, 112, 440]
[-214, 112, 440]
[-214, 113, 440]
[-215, 113, 441]
[-215, 113, 441]
[-215, 114, 441]
[-216, 114, 441]
[-216, 114, 442]
[-216, 115, 442]
[-217, 115, 442]
[-217, 116, 442]
[-218, 116, 442]
[-218, 116, 443]
[-219, 117, 443]
[-219, 117, 443]
[-219, 118, 443]
[-220, 118, 444]
[-220, 118, 444]
[-221, 119, 444]
[-221, 119, 444]
[-222, 120, 444]
[-222, 120, 444]
[-222, 120, 445]
[-223, 121, 445]
[-223, 121, 445]
[-224, 122, 445]
[-224, 122, 445]
[-225, 123, 445]
[-225, 123, 445]
[-226, 124, 446]
[-226, 124, 446]
[-226, 124, 446]
[-227, 125, 446]
[-227, 125, 446]
[-228, 126, 446]
[-228, 126, 446]
[-229, 127, 446]
[-229, 127, 446]
[-230, 128, 447]
[-230, 128, 447]
[-231, 129, 447]
[-231, 129, 447]
[-232, 130, 447]
[-232, 130, 447]
[-233, 131, 447]
[-233, 131, 447]
[-234, 131, 447]
[-234, 132, 447]
[-235, 132, 447]
[-235, 133, 447]
[-236, 133, 447]
[-236, 134, 447]
[-237, 134, 447]
[-237, 135, 447]
[-238, 135, 447]
[-238, 136, 447]
[-239, 136, 447]
[-239, 137, 447]
[-240, 137, 447]
[-241, 138, 447]
[-241, 138, 447]
[-242, 139, 447]
[-242, 139, 447]
[-243, 140, 447]
[-243, 140, 447]
[-244, 141, 447]
[-244, 142, 447]
[-245, 142, 447]
[-245, 143, 447]
[-246, 143, 447]
[-246, 144, 446]
[-247, 144, 446]
[-248, 145, 446]
[-248, 145, 446]
[-249, 146, 446]
[-249, 146, 446]
[-250, 147, 446]
[-250, 147, 446]
[-251, 148, 446]
[-251, 148, 445]
[-252, 149, 445]
[-252, 149, 445]
[-253, 150, 445]
[-254, 150, 445]
[-254, 151, 445]
[-255, 152, 445]
[-255, 152, 444]
[-256, 153, 444]
[-256, 153, 444]
[-257, 154, 444]
[-257, 154, 444]
[-258, 155, 444]
[-259, 155, 443]
[-259, 156, 443]
[-260, 156, 443]
[-260, 157, 443]
[-261, 157, 443]
[-261, 158, 442]
[-262, 159, 442]
[-263, 159, 442]
[-263, 160, 442]
[-264, 160, 441]
[-264, 161, 441]
[-265, 161, 441]
[-265, 162, 441]
[-266, 162, 440]
[-266, 163, 440]
[-267, 163, 440]
[-268, 164, 440]
[-268, 165, 439]
[-269, 165, 439]
[-269, 166, 439]
[-270, 166, 438]
[-270, 167, 438]
[-271, 167, 438]
[-272, 168, 438]
[-272, 168, 437]
[-273, 169, 437]
[-273, 169, 437]
[-274, 170, 436]
[-274, 170, 436]
[-275, 171, 436]
[-275, 172, 435]
[-276, 172, 435]
[-277, 173, 435]
[-277, 173, 434]
[-278, 174, 434]
[-278, 174, 433]
[-279, 175, 433]
[-279, 175, 433]
[-280, 176, 432]
[-280, 176, 432]
[-281, 177, 432]
[-281, 177, 431]
[-282, 178, 431]
[-283, 178, 430]
[-283, 179, 430]
[-284, 179, 430]
[-284, 180, 429]
[-285, 180, 429]
[-285, 181, 428]
[-286, 182, 428]
[-286, 182, 428]
[-287, 183, 427]
[-287, 183, 427]
[-288, 184, 426]
[-288, 184, 426]
[-289, 185, 425]
[-290, 185, 425]
[-290, 186, 425]
[-291, 186, 424]
[-291, 187, 424]
[-292, 187, 423]
[-292, 188, 423]
[-293, 188, 422]
[-293, 189, 422]
[-294, 189, 421]
[-294, 190, 421]
[-295, 190, 420]
[-295, 191, 420]
[-296, 191, 419]
[-296, 191, 419]
[-297, 192, 418]
[-297, 192, 418]
[-298, 193, 417]
[-298, 193, 417]
[-299, 194, 416]
[-299, 194, 416]
[-300, 195, 415]
[-300, 195, 415]
[-301, 196, 414]
[-301, 196, 414]
[-302, 197, 413]
[-302, 197, 413]
[-303, 198, 412]
[-303, 198, 412]
[-303, 198, 411]
[-304, 199, 411]
[-304, 199, 410]
[-305, 200, 409]
[-305, 200, 409]
[-306, 201, 408]
[-306, 201, 408]
[-307, 202, 407]
[-307, 202, 407]
[-307, 202, 406]
[-308, 203, 406]
[-308, 203, 405]
[-309, 204, 404]
[-309, 204, 404]
[-310, 204, 403]
[-310, 205, 403]
[-310, 205, 402]
[-311, 206, 402]
[-311, 206, 401]
[-312, 206, 400]
[-312, 207, 400]
[-313, 207, 399]
[-313, 208, 399]
[-313, 208, 398]
[-314, 208, 398]
[-314, 209, 397]
[-314, 209, 396]
[-315, 209, 396]
[-315, 210, 395]
[-316, 210, 395]
[-316, 210, 394]
[-316, 211, 393]
[-317, 211, 393]
[-317, 212, 392]
[-317, 212, 392]
[-318, 212, 391]
[-318, 213, 390]
[-318, 213, 390]
[-319, 213, 389]
[-319, 213, 389]
[-319, 214, 388]
[-320, 214, 387]
[-320, 214, 387]
[-320, 215, 386]
[-321, 215, 386]
[-321, 215, 385]
[-321, 216, 384]
[-322, 216, 384]
[-322, 216, 383]
[-322, 216, 383]
[-322, 217, 382]
[-323, 217, 381]
[-323, 217, 381]
[-323, 218, 380]
[-324, 218, 380]
[-324, 218, 379]
[-324, 218, 378]
[-324, 218, 378]
[-325, 219, 377]
[-325, 219, 376]
[-325, 219, 376]
[-325, 219, 375]
[-325, 220, 375]
[-326, 220, 374]
[-326, 220, 373]
[-326, 220, 373]
[-326, 220, 372]
[-327, 221, 372]
[-327, 221, 371]
[-327, 221, 370]
[-327, 221, 370]
[-327, 221, 369]
[-327, 222, 369]
[-328, 222, 368]
[-328, 222, 367]
[-328, 222, 367]
[-328, 222, 366]
[-328, 222, 366]
[-328, 222, 365]
[-329, 223, 364]
[-329, 223, 364]
[-329, 223, 363]
[-329, 223, 363]
[-329, 223, 362]
[-329, 223, 362]
[-329, 223, 361]
[-329, 223, 360]
[-329, 223, 360]
[-329, 223, 359]
[-330, 224, 359]
[-330, 224, 358]
[-330, 224, 358]
[-330, 224, 357]
[-330, 224, 356]
[-330, 224, 356]
[-330, 224, 355]
[-330, 224, 355]
[-330, 224, 354]
[-330, 224, 354]
[-330, 224, 353]
[-330, 224, 353]
[-330, 224, 352]
