# Curve Parameters
# y_end: 242
# loops: 1
# A (south bulge): 140
# B (lateral wiggle): 10
# samples: 350
#
# Analysis Results
# max_grade: 0.906153
# length_3d: 382.38
# length_2d: 343.72
# min_horiz_step: 0.247671
# status: OK
#
# Coordinates (x, y, z)
#==================================================

[-199, 98, 410]
[-199, 98, 411]
[-199, 98, 413]
[-199, 98, 414]
[-199, 98, 415]
[-199, 98, 416]
[-199, 98, 418]
[-199, 98, 419]
[-199, 98, 420]
[-199, 98, 421]
[-199, 98, 422]
[-199, 98, 424]
[-199, 98, 425]
[-200, 99, 426]
[-200, 99, 427]
[-200, 99, 429]
[-200, 99, 430]
[-200, 99, 431]
[-200, 99, 432]
[-200, 99, 433]
[-200, 99, 435]
[-200, 100, 436]
[-200, 100, 437]
[-200, 100, 438]
[-201, 100, 439]
[-201, 100, 440]
[-201, 100, 442]
[-201, 100, 443]
[-201, 101, 444]
[-201, 101, 445]
[-201, 101, 446]
[-202, 101, 447]
[-202, 101, 448]
[-202, 102, 450]
[-202, 102, 451]
[-202, 102, 452]
[-202, 102, 453]
[-202, 103, 454]
[-203, 103, 455]
[-203, 103, 456]
[-203, 103, 457]
[-203, 103, 458]
[-203, 104, 459]
[-203, 104, 460]
[-204, 104, 461]
[-204, 105, 463]
[-204, 105, 464]
[-204, 105, 465]
[-204, 105, 466]
[-205, 106, 467]
[-205, 106, 468]
[-205, 106, 469]
[-205, 107, 470]
[-205, 107, 471]
[-206, 107, 472]
[-206, 108, 473]
[-206, 108, 474]
[-206, 108, 475]
[-207, 109, 476]
[-207, 109, 476]
[-207, 109, 477]
[-207, 110, 478]
[-207, 110, 479]
[-208, 110, 480]
[-208, 111, 481]
[-208, 111, 482]
[-208, 112, 483]
[-209, 112, 484]
[-209, 112, 485]
[-209, 113, 486]
[-209, 113, 486]
[-210, 113, 487]
[-210, 114, 488]
[-210, 114, 489]
[-210, 115, 490]
[-211, 115, 491]
[-211, 116, 491]
[-211, 116, 492]
[-212, 116, 493]
[-212, 117, 494]
[-212, 117, 495]
[-212, 118, 495]
[-213, 118, 496]
[-213, 119, 497]
[-213, 119, 498]
[-214, 119, 498]
[-214, 120, 499]
[-214, 120, 500]
[-215, 121, 500]
[-215, 121, 501]
[-215, 122, 502]
[-216, 122, 503]
[-216, 123, 503]
[-216, 123, 504]
[-217, 124, 504]
[-217, 124, 505]
[-218, 125, 506]
[-218, 125, 506]
[-218, 126, 507]
[-219, 126, 508]
[-219, 127, 508]
[-220, 127, 509]
[-220, 128, 509]
[-220, 128, 510]
[-221, 129, 510]
[-221, 129, 511]
[-222, 130, 511]
[-222, 130, 512]
[-223, 131, 512]
[-223, 131, 513]
[-223, 132, 513]
[-224, 132, 514]
[-224, 133, 514]
[-225, 134, 515]
[-225, 134, 515]
[-226, 135, 516]
[-226, 135, 516]
[-227, 136, 516]
[-227, 136, 517]
[-228, 137, 517]
[-228, 137, 518]
[-229, 138, 518]
[-229, 138, 518]
[-230, 139, 519]
[-230, 140, 519]
[-231, 140, 519]
[-232, 141, 520]
[-232, 141, 520]
[-233, 142, 520]
[-233, 142, 521]
[-234, 143, 521]
[-234, 144, 521]
[-235, 144, 521]
[-236, 145, 521]
[-236, 145, 522]
[-237, 146, 522]
[-238, 147, 522]
[-238, 147, 522]
[-239, 148, 522]
[-239, 148, 523]
[-240, 149, 523]
[-241, 150, 523]
[-241, 150, 523]
[-242, 151, 523]
[-243, 151, 523]
[-243, 152, 523]
[-244, 153, 523]
[-245, 153, 524]
[-245, 154, 524]
[-246, 154, 524]
[-247, 155, 524]
[-247, 156, 524]
[-248, 156, 524]
[-249, 157, 524]
[-250, 157, 524]
[-250, 158, 524]
[-251, 159, 524]
[-252, 159, 524]
[-252, 160, 524]
[-253, 160, 523]
[-254, 161, 523]
[-255, 162, 523]
[-255, 162, 523]
[-256, 163, 523]
[-257, 164, 523]
[-257, 164, 523]
[-258, 165, 523]
[-259, 165, 523]
[-260, 166, 522]
[-260, 167, 522]
[-261, 167, 522]
[-262, 168, 522]
[-263, 168, 522]
[-263, 169, 521]
[-264, 170, 521]
[-265, 170, 521]
[-266, 171, 521]
[-266, 172, 520]
[-267, 172, 520]
[-268, 173, 520]
[-269, 173, 519]
[-269, 174, 519]
[-270, 175, 519]
[-271, 175, 518]
[-272, 176, 518]
[-272, 176, 518]
[-273, 177, 517]
[-274, 178, 517]
[-274, 178, 517]
[-275, 179, 516]
[-276, 180, 516]
[-277, 180, 515]
[-277, 181, 515]
[-278, 181, 514]
[-279, 182, 514]
[-279, 183, 514]
[-280, 183, 513]
[-281, 184, 513]
[-282, 184, 512]
[-282, 185, 512]
[-283, 186, 511]
[-284, 186, 510]
[-284, 187, 510]
[-285, 187, 509]
[-286, 188, 509]
[-286, 189, 508]
[-287, 189, 508]
[-288, 190, 507]
[-288, 190, 506]
[-289, 191, 506]
[-290, 192, 505]
[-290, 192, 505]
[-291, 193, 504]
[-291, 193, 503]
[-292, 194, 503]
[-293, 195, 502]
[-293, 195, 501]
[-294, 196, 500]
[-295, 196, 500]
[-295, 197, 499]
[-296, 198, 498]
[-296, 198, 498]
[-297, 199, 497]
[-297, 199, 496]
[-298, 200, 495]
[-299, 200, 495]
[-299, 201, 494]
[-300, 202, 493]
[-300, 202, 492]
[-301, 203, 491]
[-301, 203, 491]
[-302, 204, 490]
[-302, 204, 489]
[-303, 205, 488]
[-303, 205, 487]
[-304, 206, 486]
[-304, 206, 485]
[-305, 207, 485]
[-305, 208, 484]
[-306, 208, 483]
[-306, 209, 482]
[-306, 209, 481]
[-307, 210, 480]
[-307, 210, 479]
[-308, 211, 478]
[-308, 211, 477]
[-309, 212, 476]
[-309, 212, 475]
[-309, 213, 474]
[-310, 213, 473]
[-310, 214, 472]
[-311, 214, 471]
[-311, 215, 470]
[-311, 215, 469]
[-312, 216, 468]
[-312, 216, 467]
[-313, 217, 466]
[-313, 217, 465]
[-313, 218, 464]
[-314, 218, 463]
[-314, 219, 462]
[-314, 219, 461]
[-315, 220, 460]
[-315, 220, 459]
[-315, 221, 458]
[-316, 221, 457]
[-316, 221, 455]
[-316, 222, 454]
[-317, 222, 453]
[-317, 223, 452]
[-317, 223, 451]
[-317, 224, 450]
[-318, 224, 449]
[-318, 224, 448]
[-318, 225, 446]
[-319, 225, 445]
[-319, 226, 444]
[-319, 226, 443]
[-319, 227, 442]
[-320, 227, 441]
[-320, 227, 439]
[-320, 228, 438]
[-320, 228, 437]
[-321, 228, 436]
[-321, 229, 435]
[-321, 229, 433]
[-321, 230, 432]
[-322, 230, 431]
[-322, 230, 430]
[-322, 231, 429]
[-322, 231, 427]
[-322, 231, 426]
[-323, 232, 425]
[-323, 232, 424]
[-323, 232, 422]
[-323, 233, 421]
[-324, 233, 420]
[-324, 233, 419]
[-324, 234, 417]
[-324, 234, 416]
[-324, 234, 415]
[-325, 235, 414]
[-325, 235, 412]
[-325, 235, 411]
[-325, 235, 410]
[-325, 236, 409]
[-326, 236, 407]
[-326, 236, 406]
[-326, 237, 405]
[-326, 237, 403]
[-326, 237, 402]
[-326, 237, 401]
[-327, 237, 400]
[-327, 238, 398]
[-327, 238, 397]
[-327, 238, 396]
[-327, 238, 394]
[-327, 239, 393]
[-327, 239, 392]
[-328, 239, 391]
[-328, 239, 389]
[-328, 239, 388]
[-328, 240, 387]
[-328, 240, 385]
[-328, 240, 384]
[-328, 240, 383]
[-329, 240, 382]
[-329, 240, 380]
[-329, 240, 379]
[-329, 241, 378]
[-329, 241, 376]
[-329, 241, 375]
[-329, 241, 374]
[-329, 241, 372]
[-329, 241, 371]
[-329, 241, 370]
[-329, 241, 369]
[-330, 242, 367]
[-330, 242, 366]
[-330, 242, 365]
[-330, 242, 363]
[-330, 242, 362]
[-330, 242, 361]
[-330, 242, 360]
[-330, 242, 358]
[-330, 242, 357]
[-330, 242, 356]
[-330, 242, 355]
[-330, 242, 353]
[-330, 242, 352]
