# Curve Parameters
# y_end: 244
# loops: 1
# A (south bulge): 140
# B (lateral wiggle): 60
# samples: 350
#
# Analysis Results
# max_grade: 0.938451
# length_3d: 431.12
# length_2d: 398.86
# min_horiz_step: 0.220531
# status: OK
#
# Coordinates (x, y, z)
#==================================================

[-199, 98, 410]
[-199, 98, 411]
[-199, 98, 413]
[-199, 98, 414]
[-199, 98, 415]
[-199, 98, 416]
[-199, 98, 418]
[-199, 98, 419]
[-199, 98, 420]
[-199, 98, 421]
[-199, 98, 422]
[-199, 98, 424]
[-199, 99, 425]
[-199, 99, 426]
[-199, 99, 427]
[-199, 99, 429]
[-199, 99, 430]
[-199, 99, 431]
[-200, 99, 432]
[-200, 99, 433]
[-200, 99, 435]
[-200, 100, 436]
[-200, 100, 437]
[-200, 100, 438]
[-200, 100, 439]
[-200, 100, 440]
[-200, 100, 442]
[-200, 100, 443]
[-200, 101, 444]
[-200, 101, 445]
[-200, 101, 446]
[-200, 101, 447]
[-199, 101, 448]
[-199, 102, 450]
[-199, 102, 451]
[-199, 102, 452]
[-199, 102, 453]
[-199, 103, 454]
[-199, 103, 455]
[-199, 103, 456]
[-199, 103, 457]
[-199, 104, 458]
[-199, 104, 459]
[-198, 104, 460]
[-198, 104, 461]
[-198, 105, 463]
[-198, 105, 464]
[-198, 105, 465]
[-198, 106, 466]
[-198, 106, 467]
[-197, 106, 468]
[-197, 106, 469]
[-197, 107, 470]
[-197, 107, 471]
[-197, 107, 472]
[-196, 108, 473]
[-196, 108, 474]
[-196, 108, 475]
[-196, 109, 476]
[-196, 109, 476]
[-195, 109, 477]
[-195, 110, 478]
[-195, 110, 479]
[-195, 111, 480]
[-194, 111, 481]
[-194, 111, 482]
[-194, 112, 483]
[-194, 112, 484]
[-193, 112, 485]
[-193, 113, 486]
[-193, 113, 486]
[-193, 114, 487]
[-192, 114, 488]
[-192, 114, 489]
[-192, 115, 490]
[-192, 115, 491]
[-191, 116, 491]
[-191, 116, 492]
[-191, 117, 493]
[-191, 117, 494]
[-191, 117, 495]
[-190, 118, 495]
[-190, 118, 496]
[-190, 119, 497]
[-190, 119, 498]
[-190, 120, 498]
[-190, 120, 499]
[-189, 121, 500]
[-189, 121, 500]
[-189, 122, 501]
[-189, 122, 502]
[-189, 123, 503]
[-189, 123, 503]
[-189, 124, 504]
[-189, 124, 504]
[-189, 125, 505]
[-189, 125, 506]
[-189, 126, 506]
[-189, 126, 507]
[-189, 127, 508]
[-189, 127, 508]
[-189, 128, 509]
[-189, 128, 509]
[-190, 129, 510]
[-190, 129, 510]
[-190, 130, 511]
[-190, 130, 511]
[-190, 131, 512]
[-191, 131, 512]
[-191, 132, 513]
[-191, 132, 513]
[-192, 133, 514]
[-192, 133, 514]
[-192, 134, 515]
[-193, 135, 515]
[-193, 135, 516]
[-194, 136, 516]
[-194, 136, 516]
[-195, 137, 517]
[-195, 137, 517]
[-196, 138, 518]
[-197, 138, 518]
[-197, 139, 518]
[-198, 140, 519]
[-199, 140, 519]
[-199, 141, 519]
[-200, 141, 520]
[-201, 142, 520]
[-202, 143, 520]
[-203, 143, 521]
[-203, 144, 521]
[-204, 144, 521]
[-205, 145, 521]
[-206, 145, 521]
[-207, 146, 522]
[-208, 147, 522]
[-209, 147, 522]
[-210, 148, 522]
[-211, 148, 522]
[-213, 149, 523]
[-214, 150, 523]
[-215, 150, 523]
[-216, 151, 523]
[-217, 151, 523]
[-218, 152, 523]
[-220, 153, 523]
[-221, 153, 523]
[-222, 154, 524]
[-224, 154, 524]
[-225, 155, 524]
[-226, 156, 524]
[-228, 156, 524]
[-229, 157, 524]
[-231, 158, 524]
[-232, 158, 524]
[-234, 159, 524]
[-235, 159, 524]
[-237, 160, 524]
[-238, 161, 524]
[-240, 161, 523]
[-241, 162, 523]
[-243, 163, 523]
[-244, 163, 523]
[-246, 164, 523]
[-247, 164, 523]
[-249, 165, 523]
[-251, 166, 523]
[-252, 166, 523]
[-254, 167, 522]
[-255, 168, 522]
[-257, 168, 522]
[-259, 169, 522]
[-260, 169, 522]
[-262, 170, 521]
[-264, 171, 521]
[-265, 171, 521]
[-267, 172, 521]
[-269, 173, 520]
[-270, 173, 520]
[-272, 174, 520]
[-274, 174, 519]
[-275, 175, 519]
[-277, 176, 519]
[-278, 176, 518]
[-280, 177, 518]
[-282, 178, 518]
[-283, 178, 517]
[-285, 179, 517]
[-286, 179, 517]
[-288, 180, 516]
[-289, 181, 516]
[-291, 181, 515]
[-292, 182, 515]
[-294, 183, 514]
[-295, 183, 514]
[-297, 184, 514]
[-298, 184, 513]
[-300, 185, 513]
[-301, 186, 512]
[-303, 186, 512]
[-304, 187, 511]
[-305, 188, 510]
[-307, 188, 510]
[-308, 189, 509]
[-309, 189, 509]
[-311, 190, 508]
[-312, 191, 508]
[-313, 191, 507]
[-314, 192, 506]
[-315, 192, 506]
[-316, 193, 505]
[-318, 194, 505]
[-319, 194, 504]
[-320, 195, 503]
[-321, 195, 503]
[-322, 196, 502]
[-323, 197, 501]
[-324, 197, 500]
[-325, 198, 500]
[-326, 198, 499]
[-326, 199, 498]
[-327, 199, 498]
[-328, 200, 497]
[-329, 201, 496]
[-330, 201, 495]
[-330, 202, 495]
[-331, 202, 494]
[-332, 203, 493]
[-332, 204, 492]
[-333, 204, 491]
[-334, 205, 491]
[-334, 205, 490]
[-335, 206, 489]
[-335, 206, 488]
[-336, 207, 487]
[-336, 207, 486]
[-337, 208, 485]
[-337, 209, 485]
[-337, 209, 484]
[-338, 210, 483]
[-338, 210, 482]
[-338, 211, 481]
[-339, 211, 480]
[-339, 212, 479]
[-339, 212, 478]
[-339, 213, 477]
[-339, 213, 476]
[-340, 214, 475]
[-340, 214, 474]
[-340, 215, 473]
[-340, 215, 472]
[-340, 216, 471]
[-340, 216, 470]
[-340, 217, 469]
[-340, 217, 468]
[-340, 218, 467]
[-340, 218, 466]
[-340, 219, 465]
[-340, 219, 464]
[-340, 220, 463]
[-340, 220, 462]
[-340, 221, 461]
[-340, 221, 460]
[-339, 222, 459]
[-339, 222, 458]
[-339, 223, 457]
[-339, 223, 455]
[-339, 224, 454]
[-339, 224, 453]
[-338, 225, 452]
[-338, 225, 451]
[-338, 225, 450]
[-338, 226, 449]
[-338, 226, 448]
[-337, 227, 446]
[-337, 227, 445]
[-337, 228, 444]
[-337, 228, 443]
[-336, 228, 442]
[-336, 229, 441]
[-336, 229, 439]
[-336, 230, 438]
[-335, 230, 437]
[-335, 230, 436]
[-335, 231, 435]
[-335, 231, 433]
[-334, 231, 432]
[-334, 232, 431]
[-334, 232, 430]
[-334, 233, 429]
[-333, 233, 427]
[-333, 233, 426]
[-333, 234, 425]
[-333, 234, 424]
[-333, 234, 422]
[-332, 235, 421]
[-332, 235, 420]
[-332, 235, 419]
[-332, 236, 417]
[-332, 236, 416]
[-331, 236, 415]
[-331, 236, 414]
[-331, 237, 412]
[-331, 237, 411]
[-331, 237, 410]
[-331, 238, 409]
[-331, 238, 407]
[-330, 238, 406]
[-330, 238, 405]
[-330, 239, 403]
[-330, 239, 402]
[-330, 239, 401]
[-330, 239, 400]
[-330, 240, 398]
[-330, 240, 397]
[-330, 240, 396]
[-330, 240, 394]
[-330, 241, 393]
[-329, 241, 392]
[-329, 241, 391]
[-329, 241, 389]
[-329, 241, 388]
[-329, 242, 387]
[-329, 242, 385]
[-329, 242, 384]
[-329, 242, 383]
[-329, 242, 382]
[-329, 242, 380]
[-329, 242, 379]
[-329, 243, 378]
[-329, 243, 376]
[-329, 243, 375]
[-330, 243, 374]
[-330, 243, 372]
[-330, 243, 371]
[-330, 243, 370]
[-330, 243, 369]
[-330, 243, 367]
[-330, 244, 366]
[-330, 244, 365]
[-330, 244, 363]
[-330, 244, 362]
[-330, 244, 361]
[-330, 244, 360]
[-330, 244, 358]
[-330, 244, 357]
[-330, 244, 356]
[-330, 244, 355]
[-330, 244, 353]
[-330, 244, 352]
