# Curve Parameters
# y_end: 226
# loops: 1
# A (south bulge): 140
# B (lateral wiggle): 20
# samples: 350
#
# Analysis Results
# max_grade: 0.759719
# length_3d: 381.90
# length_2d: 352.40
# min_horiz_step: 0.249812
# status: OK
#
# Coordinates (x, y, z)
#==================================================

[-199, 98, 410]
[-199, 98, 411]
[-199, 98, 413]
[-199, 98, 414]
[-199, 98, 415]
[-199, 98, 416]
[-199, 98, 418]
[-199, 98, 419]
[-199, 98, 420]
[-199, 98, 421]
[-199, 98, 422]
[-199, 98, 424]
[-199, 98, 425]
[-199, 99, 426]
[-200, 99, 427]
[-200, 99, 429]
[-200, 99, 430]
[-200, 99, 431]
[-200, 99, 432]
[-200, 99, 433]
[-200, 99, 435]
[-200, 99, 436]
[-200, 99, 437]
[-200, 100, 438]
[-200, 100, 439]
[-200, 100, 440]
[-201, 100, 442]
[-201, 100, 443]
[-201, 100, 444]
[-201, 101, 445]
[-201, 101, 446]
[-201, 101, 447]
[-201, 101, 448]
[-201, 101, 450]
[-201, 101, 451]
[-202, 102, 452]
[-202, 102, 453]
[-202, 102, 454]
[-202, 102, 455]
[-202, 102, 456]
[-202, 103, 457]
[-202, 103, 458]
[-202, 103, 459]
[-202, 103, 460]
[-203, 104, 461]
[-203, 104, 463]
[-203, 104, 464]
[-203, 104, 465]
[-203, 105, 466]
[-203, 105, 467]
[-203, 105, 468]
[-203, 105, 469]
[-204, 106, 470]
[-204, 106, 471]
[-204, 106, 472]
[-204, 107, 473]
[-204, 107, 474]
[-204, 107, 475]
[-204, 107, 476]
[-204, 108, 476]
[-205, 108, 477]
[-205, 108, 478]
[-205, 109, 479]
[-205, 109, 480]
[-205, 109, 481]
[-205, 110, 482]
[-205, 110, 483]
[-206, 110, 484]
[-206, 111, 485]
[-206, 111, 486]
[-206, 111, 486]
[-206, 112, 487]
[-206, 112, 488]
[-207, 112, 489]
[-207, 113, 490]
[-207, 113, 491]
[-207, 114, 491]
[-207, 114, 492]
[-207, 114, 493]
[-208, 115, 494]
[-208, 115, 495]
[-208, 115, 495]
[-208, 116, 496]
[-208, 116, 497]
[-209, 117, 498]
[-209, 117, 498]
[-209, 117, 499]
[-209, 118, 500]
[-210, 118, 500]
[-210, 119, 501]
[-210, 119, 502]
[-210, 120, 503]
[-211, 120, 503]
[-211, 120, 504]
[-211, 121, 504]
[-212, 121, 505]
[-212, 122, 506]
[-212, 122, 506]
[-212, 123, 507]
[-213, 123, 508]
[-213, 124, 508]
[-213, 124, 509]
[-214, 124, 509]
[-214, 125, 510]
[-215, 125, 510]
[-215, 126, 511]
[-215, 126, 511]
[-216, 127, 512]
[-216, 127, 512]
[-217, 128, 513]
[-217, 128, 513]
[-217, 129, 514]
[-218, 129, 514]
[-218, 130, 515]
[-219, 130, 515]
[-219, 131, 516]
[-220, 131, 516]
[-220, 132, 516]
[-221, 132, 517]
[-221, 132, 517]
[-222, 133, 518]
[-222, 133, 518]
[-223, 134, 518]
[-224, 134, 519]
[-224, 135, 519]
[-225, 135, 519]
[-225, 136, 520]
[-226, 137, 520]
[-227, 137, 520]
[-227, 138, 521]
[-228, 138, 521]
[-228, 139, 521]
[-229, 139, 521]
[-230, 140, 521]
[-230, 140, 522]
[-231, 141, 522]
[-232, 141, 522]
[-233, 142, 522]
[-233, 142, 522]
[-234, 143, 523]
[-235, 143, 523]
[-236, 144, 523]
[-236, 144, 523]
[-237, 145, 523]
[-238, 145, 523]
[-239, 146, 523]
[-239, 146, 523]
[-240, 147, 524]
[-241, 148, 524]
[-242, 148, 524]
[-243, 149, 524]
[-243, 149, 524]
[-244, 150, 524]
[-245, 150, 524]
[-246, 151, 524]
[-247, 151, 524]
[-248, 152, 524]
[-249, 152, 524]
[-250, 153, 524]
[-250, 153, 523]
[-251, 154, 523]
[-252, 155, 523]
[-253, 155, 523]
[-254, 156, 523]
[-255, 156, 523]
[-256, 157, 523]
[-257, 157, 523]
[-258, 158, 523]
[-259, 158, 522]
[-259, 159, 522]
[-260, 160, 522]
[-261, 160, 522]
[-262, 161, 522]
[-263, 161, 521]
[-264, 162, 521]
[-265, 162, 521]
[-266, 163, 521]
[-267, 163, 520]
[-268, 164, 520]
[-269, 164, 520]
[-270, 165, 519]
[-270, 166, 519]
[-271, 166, 519]
[-272, 167, 518]
[-273, 167, 518]
[-274, 168, 518]
[-275, 168, 517]
[-276, 169, 517]
[-277, 169, 517]
[-278, 170, 516]
[-279, 171, 516]
[-279, 171, 515]
[-280, 172, 515]
[-281, 172, 514]
[-282, 173, 514]
[-283, 173, 514]
[-284, 174, 513]
[-285, 174, 513]
[-286, 175, 512]
[-286, 175, 512]
[-287, 176, 511]
[-288, 176, 510]
[-289, 177, 510]
[-290, 178, 509]
[-290, 178, 509]
[-291, 179, 508]
[-292, 179, 508]
[-293, 180, 507]
[-293, 180, 506]
[-294, 181, 506]
[-295, 181, 505]
[-296, 182, 505]
[-296, 182, 504]
[-297, 183, 503]
[-298, 183, 503]
[-299, 184, 502]
[-299, 184, 501]
[-300, 185, 500]
[-301, 185, 500]
[-301, 186, 499]
[-302, 186, 498]
[-302, 187, 498]
[-303, 187, 497]
[-304, 188, 496]
[-304, 189, 495]
[-305, 189, 495]
[-305, 190, 494]
[-306, 190, 493]
[-307, 191, 492]
[-307, 191, 491]
[-308, 192, 491]
[-308, 192, 490]
[-309, 192, 489]
[-309, 193, 488]
[-310, 193, 487]
[-310, 194, 486]
[-311, 194, 485]
[-311, 195, 485]
[-312, 195, 484]
[-312, 196, 483]
[-312, 196, 482]
[-313, 197, 481]
[-313, 197, 480]
[-314, 198, 479]
[-314, 198, 478]
[-314, 199, 477]
[-315, 199, 476]
[-315, 200, 475]
[-316, 200, 474]
[-316, 200, 473]
[-316, 201, 472]
[-317, 201, 471]
[-317, 202, 470]
[-317, 202, 469]
[-317, 203, 468]
[-318, 203, 467]
[-318, 204, 466]
[-318, 204, 465]
[-319, 204, 464]
[-319, 205, 463]
[-319, 205, 462]
[-319, 206, 461]
[-320, 206, 460]
[-320, 207, 459]
[-320, 207, 458]
[-320, 207, 457]
[-321, 208, 455]
[-321, 208, 454]
[-321, 209, 453]
[-321, 209, 452]
[-321, 209, 451]
[-322, 210, 450]
[-322, 210, 449]
[-322, 210, 448]
[-322, 211, 446]
[-322, 211, 445]
[-322, 212, 444]
[-323, 212, 443]
[-323, 212, 442]
[-323, 213, 441]
[-323, 213, 439]
[-323, 213, 438]
[-323, 214, 437]
[-324, 214, 436]
[-324, 214, 435]
[-324, 215, 433]
[-324, 215, 432]
[-324, 215, 431]
[-324, 216, 430]
[-324, 216, 429]
[-325, 216, 427]
[-325, 217, 426]
[-325, 217, 425]
[-325, 217, 424]
[-325, 217, 422]
[-325, 218, 421]
[-325, 218, 420]
[-325, 218, 419]
[-326, 219, 417]
[-326, 219, 416]
[-326, 219, 415]
[-326, 219, 414]
[-326, 220, 412]
[-326, 220, 411]
[-326, 220, 410]
[-326, 220, 409]
[-327, 221, 407]
[-327, 221, 406]
[-327, 221, 405]
[-327, 221, 403]
[-327, 222, 402]
[-327, 222, 401]
[-327, 222, 400]
[-327, 222, 398]
[-327, 222, 397]
[-328, 223, 396]
[-328, 223, 394]
[-328, 223, 393]
[-328, 223, 392]
[-328, 223, 391]
[-328, 223, 389]
[-328, 224, 388]
[-328, 224, 387]
[-328, 224, 385]
[-329, 224, 384]
[-329, 224, 383]
[-329, 224, 382]
[-329, 225, 380]
[-329, 225, 379]
[-329, 225, 378]
[-329, 225, 376]
[-329, 225, 375]
[-329, 225, 374]
[-329, 225, 372]
[-329, 225, 371]
[-329, 225, 370]
[-330, 225, 369]
[-330, 226, 367]
[-330, 226, 366]
[-330, 226, 365]
[-330, 226, 363]
[-330, 226, 362]
[-330, 226, 361]
[-330, 226, 360]
[-330, 226, 358]
[-330, 226, 357]
[-330, 226, 356]
[-330, 226, 355]
[-330, 226, 353]
[-330, 226, 352]
