# Curve Parameters
# y_end: 230
# loops: 1
# A (south bulge): 120
# B (lateral wiggle): 20
# samples: 350
#
# Analysis Results
# max_grade: 0.853396
# length_3d: 349.71
# length_2d: 316.42
# min_horiz_step: 0.222167
# status: OK
#
# Coordinates (x, y, z)
#==================================================

[-199, 98, 410]
[-199, 98, 411]
[-199, 98, 412]
[-199, 98, 413]
[-199, 98, 414]
[-199, 98, 415]
[-199, 98, 416]
[-199, 98, 417]
[-199, 98, 419]
[-199, 98, 420]
[-199, 98, 421]
[-199, 98, 422]
[-199, 98, 423]
[-199, 99, 424]
[-200, 99, 425]
[-200, 99, 426]
[-200, 99, 427]
[-200, 99, 428]
[-200, 99, 429]
[-200, 99, 430]
[-200, 99, 431]
[-200, 99, 432]
[-200, 100, 433]
[-200, 100, 434]
[-200, 100, 435]
[-200, 100, 436]
[-201, 100, 437]
[-201, 100, 438]
[-201, 100, 439]
[-201, 101, 440]
[-201, 101, 441]
[-201, 101, 442]
[-201, 101, 443]
[-201, 101, 444]
[-201, 102, 445]
[-202, 102, 446]
[-202, 102, 446]
[-202, 102, 447]
[-202, 102, 448]
[-202, 103, 449]
[-202, 103, 450]
[-202, 103, 451]
[-202, 103, 452]
[-202, 104, 453]
[-203, 104, 454]
[-203, 104, 455]
[-203, 104, 456]
[-203, 105, 456]
[-203, 105, 457]
[-203, 105, 458]
[-203, 105, 459]
[-203, 106, 460]
[-204, 106, 461]
[-204, 106, 461]
[-204, 107, 462]
[-204, 107, 463]
[-204, 107, 464]
[-204, 107, 465]
[-204, 108, 466]
[-204, 108, 466]
[-205, 108, 467]
[-205, 109, 468]
[-205, 109, 469]
[-205, 109, 469]
[-205, 110, 470]
[-205, 110, 471]
[-205, 110, 472]
[-206, 111, 472]
[-206, 111, 473]
[-206, 111, 474]
[-206, 112, 475]
[-206, 112, 475]
[-206, 113, 476]
[-207, 113, 477]
[-207, 113, 477]
[-207, 114, 478]
[-207, 114, 479]
[-207, 114, 479]
[-207, 115, 480]
[-208, 115, 481]
[-208, 116, 481]
[-208, 116, 482]
[-208, 116, 483]
[-208, 117, 483]
[-209, 117, 484]
[-209, 118, 484]
[-209, 118, 485]
[-209, 119, 486]
[-210, 119, 486]
[-210, 119, 487]
[-210, 120, 487]
[-210, 120, 488]
[-211, 121, 488]
[-211, 121, 489]
[-211, 122, 489]
[-212, 122, 490]
[-212, 122, 491]
[-212, 123, 491]
[-212, 123, 492]
[-213, 124, 492]
[-213, 124, 492]
[-213, 125, 493]
[-214, 125, 493]
[-214, 126, 494]
[-215, 126, 494]
[-215, 127, 495]
[-215, 127, 495]
[-216, 128, 496]
[-216, 128, 496]
[-217, 129, 496]
[-217, 129, 497]
[-217, 130, 497]
[-218, 130, 497]
[-218, 131, 498]
[-219, 131, 498]
[-219, 132, 498]
[-220, 132, 499]
[-220, 133, 499]
[-221, 133, 499]
[-221, 134, 500]
[-222, 134, 500]
[-222, 135, 500]
[-223, 135, 501]
[-224, 136, 501]
[-224, 136, 501]
[-225, 137, 501]
[-225, 137, 502]
[-226, 138, 502]
[-227, 138, 502]
[-227, 139, 502]
[-228, 139, 502]
[-228, 140, 503]
[-229, 140, 503]
[-230, 141, 503]
[-230, 141, 503]
[-231, 142, 503]
[-232, 143, 503]
[-233, 143, 503]
[-233, 144, 504]
[-234, 144, 504]
[-235, 145, 504]
[-236, 145, 504]
[-236, 146, 504]
[-237, 146, 504]
[-238, 147, 504]
[-239, 147, 504]
[-239, 148, 504]
[-240, 149, 504]
[-241, 149, 504]
[-242, 150, 504]
[-243, 150, 504]
[-243, 151, 504]
[-244, 151, 504]
[-245, 152, 504]
[-246, 152, 504]
[-247, 153, 504]
[-248, 154, 504]
[-249, 154, 504]
[-250, 155, 504]
[-250, 155, 504]
[-251, 156, 504]
[-252, 156, 503]
[-253, 157, 503]
[-254, 157, 503]
[-255, 158, 503]
[-256, 159, 503]
[-257, 159, 503]
[-258, 160, 503]
[-259, 160, 502]
[-259, 161, 502]
[-260, 161, 502]
[-261, 162, 502]
[-262, 163, 502]
[-263, 163, 501]
[-264, 164, 501]
[-265, 164, 501]
[-266, 165, 501]
[-267, 165, 500]
[-268, 166, 500]
[-269, 167, 500]
[-270, 167, 499]
[-270, 168, 499]
[-271, 168, 499]
[-272, 169, 499]
[-273, 169, 498]
[-274, 170, 498]
[-275, 171, 497]
[-276, 171, 497]
[-277, 172, 497]
[-278, 172, 496]
[-279, 173, 496]
[-279, 173, 496]
[-280, 174, 495]
[-281, 174, 495]
[-282, 175, 494]
[-283, 176, 494]
[-284, 176, 493]
[-285, 177, 493]
[-286, 177, 493]
[-286, 178, 492]
[-287, 178, 492]
[-288, 179, 491]
[-289, 179, 491]
[-290, 180, 490]
[-290, 181, 490]
[-291, 181, 489]
[-292, 182, 488]
[-293, 182, 488]
[-293, 183, 487]
[-294, 183, 487]
[-295, 184, 486]
[-296, 184, 486]
[-296, 185, 485]
[-297, 185, 484]
[-298, 186, 484]
[-299, 187, 483]
[-299, 187, 483]
[-300, 188, 482]
[-301, 188, 481]
[-301, 189, 481]
[-302, 189, 480]
[-302, 190, 479]
[-303, 190, 479]
[-304, 191, 478]
[-304, 191, 477]
[-305, 192, 477]
[-305, 192, 476]
[-306, 193, 475]
[-307, 193, 474]
[-307, 194, 474]
[-308, 194, 473]
[-308, 195, 472]
[-309, 195, 471]
[-309, 196, 471]
[-310, 196, 470]
[-310, 197, 469]
[-311, 197, 468]
[-311, 198, 468]
[-312, 198, 467]
[-312, 199, 466]
[-312, 199, 465]
[-313, 200, 464]
[-313, 200, 464]
[-314, 201, 463]
[-314, 201, 462]
[-314, 202, 461]
[-315, 202, 460]
[-315, 203, 459]
[-316, 203, 458]
[-316, 204, 458]
[-316, 204, 457]
[-317, 205, 456]
[-317, 205, 455]
[-317, 206, 454]
[-317, 206, 453]
[-318, 206, 452]
[-318, 207, 451]
[-318, 207, 450]
[-319, 208, 449]
[-319, 208, 449]
[-319, 209, 448]
[-319, 209, 447]
[-320, 209, 446]
[-320, 210, 445]
[-320, 210, 444]
[-320, 211, 443]
[-321, 211, 442]
[-321, 212, 441]
[-321, 212, 440]
[-321, 212, 439]
[-321, 213, 438]
[-322, 213, 437]
[-322, 214, 436]
[-322, 214, 435]
[-322, 214, 434]
[-322, 215, 433]
[-322, 215, 432]
[-323, 215, 431]
[-323, 216, 430]
[-323, 216, 429]
[-323, 217, 428]
[-323, 217, 427]
[-323, 217, 426]
[-324, 218, 425]
[-324, 218, 424]
[-324, 218, 423]
[-324, 219, 421]
[-324, 219, 420]
[-324, 219, 419]
[-324, 220, 418]
[-325, 220, 417]
[-325, 220, 416]
[-325, 221, 415]
[-325, 221, 414]
[-325, 221, 413]
[-325, 221, 412]
[-325, 222, 411]
[-325, 222, 410]
[-326, 222, 409]
[-326, 223, 407]
[-326, 223, 406]
[-326, 223, 405]
[-326, 223, 404]
[-326, 224, 403]
[-326, 224, 402]
[-326, 224, 401]
[-327, 224, 400]
[-327, 225, 399]
[-327, 225, 398]
[-327, 225, 396]
[-327, 225, 395]
[-327, 226, 394]
[-327, 226, 393]
[-327, 226, 392]
[-327, 226, 391]
[-328, 226, 390]
[-328, 227, 389]
[-328, 227, 387]
[-328, 227, 386]
[-328, 227, 385]
[-328, 227, 384]
[-328, 228, 383]
[-328, 228, 382]
[-328, 228, 381]
[-329, 228, 380]
[-329, 228, 379]
[-329, 228, 377]
[-329, 228, 376]
[-329, 229, 375]
[-329, 229, 374]
[-329, 229, 373]
[-329, 229, 372]
[-329, 229, 371]
[-329, 229, 370]
[-329, 229, 368]
[-329, 229, 367]
[-330, 229, 366]
[-330, 230, 365]
[-330, 230, 364]
[-330, 230, 363]
[-330, 230, 362]
[-330, 230, 361]
[-330, 230, 360]
[-330, 230, 359]
[-330, 230, 357]
[-330, 230, 356]
[-330, 230, 355]
[-330, 230, 354]
[-330, 230, 353]
[-330, 230, 352]
