# Curve Parameters
# y_end: 224
# loops: 6
# A (south bulge): 140
# B (lateral wiggle): 0
# samples: 350
#
# Analysis Results
# max_grade: 0.961832
# length_3d: 368.58
# length_2d: 336.28
# min_horiz_step: 0.214550
# status: OK
#
# Coordinates (x, y, z)
#==================================================

[-199, 98, 410]
[-199, 98, 411]
[-199, 98, 413]
[-199, 98, 414]
[-199, 98, 415]
[-199, 98, 416]
[-199, 98, 418]
[-199, 98, 419]
[-199, 98, 420]
[-199, 98, 421]
[-199, 98, 422]
[-199, 98, 424]
[-199, 98, 425]
[-200, 99, 426]
[-200, 99, 427]
[-200, 99, 429]
[-200, 99, 430]
[-200, 99, 431]
[-200, 99, 432]
[-200, 99, 433]
[-200, 99, 435]
[-200, 99, 436]
[-200, 99, 437]
[-201, 100, 438]
[-201, 100, 439]
[-201, 100, 440]
[-201, 100, 442]
[-201, 100, 443]
[-201, 100, 444]
[-202, 100, 445]
[-202, 101, 446]
[-202, 101, 447]
[-202, 101, 448]
[-202, 101, 450]
[-202, 101, 451]
[-203, 102, 452]
[-203, 102, 453]
[-203, 102, 454]
[-203, 102, 455]
[-204, 102, 456]
[-204, 103, 457]
[-204, 103, 458]
[-204, 103, 459]
[-204, 103, 460]
[-205, 104, 461]
[-205, 104, 463]
[-205, 104, 464]
[-205, 104, 465]
[-206, 104, 466]
[-206, 105, 467]
[-206, 105, 468]
[-207, 105, 469]
[-207, 106, 470]
[-207, 106, 471]
[-207, 106, 472]
[-208, 106, 473]
[-208, 107, 474]
[-208, 107, 475]
[-209, 107, 476]
[-209, 108, 476]
[-209, 108, 477]
[-210, 108, 478]
[-210, 109, 479]
[-210, 109, 480]
[-211, 109, 481]
[-211, 109, 482]
[-211, 110, 483]
[-212, 110, 484]
[-212, 110, 485]
[-212, 111, 486]
[-213, 111, 486]
[-213, 112, 487]
[-213, 112, 488]
[-214, 112, 489]
[-214, 113, 490]
[-215, 113, 491]
[-215, 113, 491]
[-215, 114, 492]
[-216, 114, 493]
[-216, 114, 494]
[-216, 115, 495]
[-217, 115, 495]
[-217, 116, 496]
[-218, 116, 497]
[-218, 116, 498]
[-219, 117, 498]
[-219, 117, 499]
[-219, 118, 500]
[-220, 118, 500]
[-220, 118, 501]
[-221, 119, 502]
[-221, 119, 503]
[-222, 120, 503]
[-222, 120, 504]
[-222, 120, 504]
[-223, 121, 505]
[-223, 121, 506]
[-224, 122, 506]
[-224, 122, 507]
[-225, 123, 508]
[-225, 123, 508]
[-226, 124, 509]
[-226, 124, 509]
[-226, 124, 510]
[-227, 125, 510]
[-227, 125, 511]
[-228, 126, 511]
[-228, 126, 512]
[-229, 127, 512]
[-229, 127, 513]
[-230, 128, 513]
[-230, 128, 514]
[-231, 129, 514]
[-231, 129, 515]
[-232, 130, 515]
[-232, 130, 516]
[-233, 131, 516]
[-233, 131, 516]
[-234, 131, 517]
[-234, 132, 517]
[-235, 132, 518]
[-235, 133, 518]
[-236, 133, 518]
[-236, 134, 519]
[-237, 134, 519]
[-237, 135, 519]
[-238, 135, 520]
[-238, 136, 520]
[-239, 136, 520]
[-239, 137, 521]
[-240, 137, 521]
[-241, 138, 521]
[-241, 138, 521]
[-242, 139, 521]
[-242, 139, 522]
[-243, 140, 522]
[-243, 140, 522]
[-244, 141, 522]
[-244, 142, 522]
[-245, 142, 523]
[-245, 143, 523]
[-246, 143, 523]
[-246, 144, 523]
[-247, 144, 523]
[-248, 145, 523]
[-248, 145, 523]
[-249, 146, 523]
[-249, 146, 524]
[-250, 147, 524]
[-250, 147, 524]
[-251, 148, 524]
[-251, 148, 524]
[-252, 149, 524]
[-252, 149, 524]
[-253, 150, 524]
[-254, 150, 524]
[-254, 151, 524]
[-255, 152, 524]
[-255, 152, 524]
[-256, 153, 523]
[-256, 153, 523]
[-257, 154, 523]
[-257, 154, 523]
[-258, 155, 523]
[-259, 155, 523]
[-259, 156, 523]
[-260, 156, 523]
[-260, 157, 523]
[-261, 157, 522]
[-261, 158, 522]
[-262, 159, 522]
[-263, 159, 522]
[-263, 160, 522]
[-264, 160, 521]
[-264, 161, 521]
[-265, 161, 521]
[-265, 162, 521]
[-266, 162, 520]
[-266, 163, 520]
[-267, 163, 520]
[-268, 164, 519]
[-268, 165, 519]
[-269, 165, 519]
[-269, 166, 518]
[-270, 166, 518]
[-270, 167, 518]
[-271, 167, 517]
[-272, 168, 517]
[-272, 168, 517]
[-273, 169, 516]
[-273, 169, 516]
[-274, 170, 515]
[-274, 170, 515]
[-275, 171, 514]
[-275, 172, 514]
[-276, 172, 514]
[-277, 173, 513]
[-277, 173, 513]
[-278, 174, 512]
[-278, 174, 512]
[-279, 175, 511]
[-279, 175, 510]
[-280, 176, 510]
[-280, 176, 509]
[-281, 177, 509]
[-281, 177, 508]
[-282, 178, 508]
[-283, 178, 507]
[-283, 179, 506]
[-284, 179, 506]
[-284, 180, 505]
[-285, 180, 505]
[-285, 181, 504]
[-286, 182, 503]
[-286, 182, 503]
[-287, 183, 502]
[-287, 183, 501]
[-288, 184, 500]
[-288, 184, 500]
[-289, 185, 499]
[-290, 185, 498]
[-290, 186, 498]
[-291, 186, 497]
[-291, 187, 496]
[-292, 187, 495]
[-292, 188, 495]
[-293, 188, 494]
[-293, 189, 493]
[-294, 189, 492]
[-294, 190, 491]
[-295, 190, 491]
[-295, 191, 490]
[-296, 191, 489]
[-296, 191, 488]
[-297, 192, 487]
[-297, 192, 486]
[-298, 193, 485]
[-298, 193, 485]
[-299, 194, 484]
[-299, 194, 483]
[-300, 195, 482]
[-300, 195, 481]
[-301, 196, 480]
[-301, 196, 479]
[-302, 197, 478]
[-302, 197, 477]
[-303, 198, 476]
[-303, 198, 475]
[-303, 198, 474]
[-304, 199, 473]
[-304, 199, 472]
[-305, 200, 471]
[-305, 200, 470]
[-306, 201, 469]
[-306, 201, 468]
[-307, 202, 467]
[-307, 202, 466]
[-307, 202, 465]
[-308, 203, 464]
[-308, 203, 463]
[-309, 204, 462]
[-309, 204, 461]
[-310, 204, 460]
[-310, 205, 459]
[-310, 205, 458]
[-311, 206, 457]
[-311, 206, 455]
[-312, 206, 454]
[-312, 207, 453]
[-313, 207, 452]
[-313, 208, 451]
[-313, 208, 450]
[-314, 208, 449]
[-314, 209, 448]
[-314, 209, 446]
[-315, 209, 445]
[-315, 210, 444]
[-316, 210, 443]
[-316, 210, 442]
[-316, 211, 441]
[-317, 211, 439]
[-317, 212, 438]
[-317, 212, 437]
[-318, 212, 436]
[-318, 213, 435]
[-318, 213, 433]
[-319, 213, 432]
[-319, 213, 431]
[-319, 214, 430]
[-320, 214, 429]
[-320, 214, 427]
[-320, 215, 426]
[-321, 215, 425]
[-321, 215, 424]
[-321, 216, 422]
[-322, 216, 421]
[-322, 216, 420]
[-322, 216, 419]
[-322, 217, 417]
[-323, 217, 416]
[-323, 217, 415]
[-323, 218, 414]
[-324, 218, 412]
[-324, 218, 411]
[-324, 218, 410]
[-324, 218, 409]
[-325, 219, 407]
[-325, 219, 406]
[-325, 219, 405]
[-325, 219, 403]
[-325, 220, 402]
[-326, 220, 401]
[-326, 220, 400]
[-326, 220, 398]
[-326, 220, 397]
[-327, 221, 396]
[-327, 221, 394]
[-327, 221, 393]
[-327, 221, 392]
[-327, 221, 391]
[-327, 222, 389]
[-328, 222, 388]
[-328, 222, 387]
[-328, 222, 385]
[-328, 222, 384]
[-328, 222, 383]
[-328, 222, 382]
[-329, 223, 380]
[-329, 223, 379]
[-329, 223, 378]
[-329, 223, 376]
[-329, 223, 375]
[-329, 223, 374]
[-329, 223, 372]
[-329, 223, 371]
[-329, 223, 370]
[-329, 223, 369]
[-330, 224, 367]
[-330, 224, 366]
[-330, 224, 365]
[-330, 224, 363]
[-330, 224, 362]
[-330, 224, 361]
[-330, 224, 360]
[-330, 224, 358]
[-330, 224, 357]
[-330, 224, 356]
[-330, 224, 355]
[-330, 224, 353]
[-330, 224, 352]
