# Curve Parameters
# y_end: 222
# loops: 2
# A (south bulge): 140
# B (lateral wiggle): 0
# samples: 350
#
# Analysis Results
# max_grade: 0.946565
# length_3d: 367.65
# length_2d: 336.28
# min_horiz_step: 0.214550
# status: OK
#
# Coordinates (x, y, z)
#==================================================

[-199, 98, 410]
[-199, 98, 411]
[-199, 98, 413]
[-199, 98, 414]
[-199, 98, 415]
[-199, 98, 416]
[-199, 98, 418]
[-199, 98, 419]
[-199, 98, 420]
[-199, 98, 421]
[-199, 98, 422]
[-199, 98, 424]
[-199, 98, 425]
[-200, 99, 426]
[-200, 99, 427]
[-200, 99, 429]
[-200, 99, 430]
[-200, 99, 431]
[-200, 99, 432]
[-200, 99, 433]
[-200, 99, 435]
[-200, 99, 436]
[-200, 99, 437]
[-201, 100, 438]
[-201, 100, 439]
[-201, 100, 440]
[-201, 100, 442]
[-201, 100, 443]
[-201, 100, 444]
[-202, 100, 445]
[-202, 101, 446]
[-202, 101, 447]
[-202, 101, 448]
[-202, 101, 450]
[-202, 101, 451]
[-203, 101, 452]
[-203, 102, 453]
[-203, 102, 454]
[-203, 102, 455]
[-204, 102, 456]
[-204, 103, 457]
[-204, 103, 458]
[-204, 103, 459]
[-204, 103, 460]
[-205, 103, 461]
[-205, 104, 463]
[-205, 104, 464]
[-205, 104, 465]
[-206, 104, 466]
[-206, 105, 467]
[-206, 105, 468]
[-207, 105, 469]
[-207, 105, 470]
[-207, 106, 471]
[-207, 106, 472]
[-208, 106, 473]
[-208, 107, 474]
[-208, 107, 475]
[-209, 107, 476]
[-209, 107, 476]
[-209, 108, 477]
[-210, 108, 478]
[-210, 108, 479]
[-210, 109, 480]
[-211, 109, 481]
[-211, 109, 482]
[-211, 110, 483]
[-212, 110, 484]
[-212, 110, 485]
[-212, 111, 486]
[-213, 111, 486]
[-213, 111, 487]
[-213, 112, 488]
[-214, 112, 489]
[-214, 112, 490]
[-215, 113, 491]
[-215, 113, 491]
[-215, 113, 492]
[-216, 114, 493]
[-216, 114, 494]
[-216, 115, 495]
[-217, 115, 495]
[-217, 115, 496]
[-218, 116, 497]
[-218, 116, 498]
[-219, 116, 498]
[-219, 117, 499]
[-219, 117, 500]
[-220, 118, 500]
[-220, 118, 501]
[-221, 118, 502]
[-221, 119, 503]
[-222, 119, 503]
[-222, 120, 504]
[-222, 120, 504]
[-223, 121, 505]
[-223, 121, 506]
[-224, 121, 506]
[-224, 122, 507]
[-225, 122, 508]
[-225, 123, 508]
[-226, 123, 509]
[-226, 124, 509]
[-226, 124, 510]
[-227, 124, 510]
[-227, 125, 511]
[-228, 125, 511]
[-228, 126, 512]
[-229, 126, 512]
[-229, 127, 513]
[-230, 127, 513]
[-230, 128, 514]
[-231, 128, 514]
[-231, 129, 515]
[-232, 129, 515]
[-232, 130, 516]
[-233, 130, 516]
[-233, 130, 516]
[-234, 131, 517]
[-234, 131, 517]
[-235, 132, 518]
[-235, 132, 518]
[-236, 133, 518]
[-236, 133, 519]
[-237, 134, 519]
[-237, 134, 519]
[-238, 135, 520]
[-238, 135, 520]
[-239, 136, 520]
[-239, 136, 521]
[-240, 137, 521]
[-241, 137, 521]
[-241, 138, 521]
[-242, 138, 521]
[-242, 139, 522]
[-243, 139, 522]
[-243, 140, 522]
[-244, 140, 522]
[-244, 141, 522]
[-245, 141, 523]
[-245, 142, 523]
[-246, 142, 523]
[-246, 143, 523]
[-247, 143, 523]
[-248, 144, 523]
[-248, 144, 523]
[-249, 145, 523]
[-249, 145, 524]
[-250, 146, 524]
[-250, 147, 524]
[-251, 147, 524]
[-251, 148, 524]
[-252, 148, 524]
[-252, 149, 524]
[-253, 149, 524]
[-254, 150, 524]
[-254, 150, 524]
[-255, 151, 524]
[-255, 151, 524]
[-256, 152, 523]
[-256, 152, 523]
[-257, 153, 523]
[-257, 153, 523]
[-258, 154, 523]
[-259, 154, 523]
[-259, 155, 523]
[-260, 155, 523]
[-260, 156, 523]
[-261, 157, 522]
[-261, 157, 522]
[-262, 158, 522]
[-263, 158, 522]
[-263, 159, 522]
[-264, 159, 521]
[-264, 160, 521]
[-265, 160, 521]
[-265, 161, 521]
[-266, 161, 520]
[-266, 162, 520]
[-267, 162, 520]
[-268, 163, 519]
[-268, 163, 519]
[-269, 164, 519]
[-269, 165, 518]
[-270, 165, 518]
[-270, 166, 518]
[-271, 166, 517]
[-272, 167, 517]
[-272, 167, 517]
[-273, 168, 516]
[-273, 168, 516]
[-274, 169, 515]
[-274, 169, 515]
[-275, 170, 514]
[-275, 170, 514]
[-276, 171, 514]
[-277, 171, 513]
[-277, 172, 513]
[-278, 172, 512]
[-278, 173, 512]
[-279, 173, 511]
[-279, 174, 510]
[-280, 175, 510]
[-280, 175, 509]
[-281, 176, 509]
[-281, 176, 508]
[-282, 177, 508]
[-283, 177, 507]
[-283, 178, 506]
[-284, 178, 506]
[-284, 179, 505]
[-285, 179, 505]
[-285, 180, 504]
[-286, 180, 503]
[-286, 181, 503]
[-287, 181, 502]
[-287, 182, 501]
[-288, 182, 500]
[-288, 183, 500]
[-289, 183, 499]
[-290, 184, 498]
[-290, 184, 498]
[-291, 185, 497]
[-291, 185, 496]
[-292, 186, 495]
[-292, 186, 495]
[-293, 187, 494]
[-293, 187, 493]
[-294, 188, 492]
[-294, 188, 491]
[-295, 189, 491]
[-295, 189, 490]
[-296, 190, 489]
[-296, 190, 488]
[-297, 190, 487]
[-297, 191, 486]
[-298, 191, 485]
[-298, 192, 485]
[-299, 192, 484]
[-299, 193, 483]
[-300, 193, 482]
[-300, 194, 481]
[-301, 194, 480]
[-301, 195, 479]
[-302, 195, 478]
[-302, 196, 477]
[-303, 196, 476]
[-303, 196, 475]
[-303, 197, 474]
[-304, 197, 473]
[-304, 198, 472]
[-305, 198, 471]
[-305, 199, 470]
[-306, 199, 469]
[-306, 199, 468]
[-307, 200, 467]
[-307, 200, 466]
[-307, 201, 465]
[-308, 201, 464]
[-308, 202, 463]
[-309, 202, 462]
[-309, 202, 461]
[-310, 203, 460]
[-310, 203, 459]
[-310, 204, 458]
[-311, 204, 457]
[-311, 204, 455]
[-312, 205, 454]
[-312, 205, 453]
[-313, 205, 452]
[-313, 206, 451]
[-313, 206, 450]
[-314, 207, 449]
[-314, 207, 448]
[-314, 207, 446]
[-315, 208, 445]
[-315, 208, 444]
[-316, 208, 443]
[-316, 209, 442]
[-316, 209, 441]
[-317, 209, 439]
[-317, 210, 438]
[-317, 210, 437]
[-318, 210, 436]
[-318, 211, 435]
[-318, 211, 433]
[-319, 211, 432]
[-319, 212, 431]
[-319, 212, 430]
[-320, 212, 429]
[-320, 213, 427]
[-320, 213, 426]
[-321, 213, 425]
[-321, 213, 424]
[-321, 214, 422]
[-322, 214, 421]
[-322, 214, 420]
[-322, 215, 419]
[-322, 215, 417]
[-323, 215, 416]
[-323, 215, 415]
[-323, 216, 414]
[-324, 216, 412]
[-324, 216, 411]
[-324, 216, 410]
[-324, 217, 409]
[-325, 217, 407]
[-325, 217, 406]
[-325, 217, 405]
[-325, 217, 403]
[-325, 218, 402]
[-326, 218, 401]
[-326, 218, 400]
[-326, 218, 398]
[-326, 219, 397]
[-327, 219, 396]
[-327, 219, 394]
[-327, 219, 393]
[-327, 219, 392]
[-327, 219, 391]
[-327, 220, 389]
[-328, 220, 388]
[-328, 220, 387]
[-328, 220, 385]
[-328, 220, 384]
[-328, 220, 383]
[-328, 220, 382]
[-329, 221, 380]
[-329, 221, 379]
[-329, 221, 378]
[-329, 221, 376]
[-329, 221, 375]
[-329, 221, 374]
[-329, 221, 372]
[-329, 221, 371]
[-329, 221, 370]
[-329, 221, 369]
[-330, 222, 367]
[-330, 222, 366]
[-330, 222, 365]
[-330, 222, 363]
[-330, 222, 362]
[-330, 222, 361]
[-330, 222, 360]
[-330, 222, 358]
[-330, 222, 357]
[-330, 222, 356]
[-330, 222, 355]
[-330, 222, 353]
[-330, 222, 352]
