# Curve Parameters
# y_end: 228
# loops: 5
# A (south bulge): 80
# B (lateral wiggle): 0
# samples: 350
#
# Analysis Results
# max_grade: 0.992365
# length_3d: 274.61
# length_2d: 234.07
# min_horiz_step: 0.201207
# status: OK
#
# Coordinates (x, y, z)
#==================================================

[-199, 98, 410]
[-199, 98, 411]
[-199, 98, 411]
[-199, 98, 412]
[-199, 98, 413]
[-199, 98, 414]
[-199, 98, 414]
[-199, 98, 415]
[-199, 98, 416]
[-199, 98, 416]
[-199, 98, 417]
[-199, 98, 418]
[-199, 98, 418]
[-200, 99, 419]
[-200, 99, 420]
[-200, 99, 420]
[-200, 99, 421]
[-200, 99, 422]
[-200, 99, 422]
[-200, 99, 423]
[-200, 99, 424]
[-200, 99, 424]
[-200, 99, 425]
[-201, 100, 426]
[-201, 100, 426]
[-201, 100, 427]
[-201, 100, 428]
[-201, 100, 428]
[-201, 100, 429]
[-202, 101, 430]
[-202, 101, 430]
[-202, 101, 431]
[-202, 101, 431]
[-202, 101, 432]
[-202, 101, 433]
[-203, 102, 433]
[-203, 102, 434]
[-203, 102, 434]
[-203, 102, 435]
[-204, 103, 436]
[-204, 103, 436]
[-204, 103, 437]
[-204, 103, 437]
[-204, 103, 438]
[-205, 104, 438]
[-205, 104, 439]
[-205, 104, 439]
[-205, 104, 440]
[-206, 105, 441]
[-206, 105, 441]
[-206, 105, 442]
[-207, 106, 442]
[-207, 106, 443]
[-207, 106, 443]
[-207, 106, 444]
[-208, 107, 444]
[-208, 107, 445]
[-208, 107, 445]
[-209, 108, 446]
[-209, 108, 446]
[-209, 108, 447]
[-210, 109, 447]
[-210, 109, 448]
[-210, 109, 448]
[-211, 110, 448]
[-211, 110, 449]
[-211, 110, 449]
[-212, 111, 450]
[-212, 111, 450]
[-212, 111, 451]
[-213, 112, 451]
[-213, 112, 451]
[-213, 112, 452]
[-214, 113, 452]
[-214, 113, 453]
[-215, 113, 453]
[-215, 114, 454]
[-215, 114, 454]
[-216, 115, 454]
[-216, 115, 455]
[-216, 115, 455]
[-217, 116, 455]
[-217, 116, 456]
[-218, 117, 456]
[-218, 117, 456]
[-219, 117, 457]
[-219, 118, 457]
[-219, 118, 457]
[-220, 119, 458]
[-220, 119, 458]
[-221, 119, 458]
[-221, 120, 459]
[-222, 120, 459]
[-222, 121, 459]
[-222, 121, 460]
[-223, 122, 460]
[-223, 122, 460]
[-224, 123, 460]
[-224, 123, 461]
[-225, 123, 461]
[-225, 124, 461]
[-226, 124, 461]
[-226, 125, 462]
[-226, 125, 462]
[-227, 126, 462]
[-227, 126, 462]
[-228, 127, 462]
[-228, 127, 463]
[-229, 128, 463]
[-229, 128, 463]
[-230, 129, 463]
[-230, 129, 463]
[-231, 130, 464]
[-231, 130, 464]
[-232, 131, 464]
[-232, 131, 464]
[-233, 132, 464]
[-233, 132, 464]
[-234, 133, 464]
[-234, 133, 465]
[-235, 134, 465]
[-235, 134, 465]
[-236, 135, 465]
[-236, 135, 465]
[-237, 136, 465]
[-237, 136, 465]
[-238, 137, 465]
[-238, 137, 465]
[-239, 138, 465]
[-239, 138, 465]
[-240, 139, 466]
[-241, 139, 466]
[-241, 140, 466]
[-242, 140, 466]
[-242, 141, 466]
[-243, 141, 466]
[-243, 142, 466]
[-244, 142, 466]
[-244, 143, 466]
[-245, 143, 466]
[-245, 144, 466]
[-246, 145, 466]
[-246, 145, 466]
[-247, 146, 466]
[-248, 146, 466]
[-248, 147, 465]
[-249, 147, 465]
[-249, 148, 465]
[-250, 148, 465]
[-250, 149, 465]
[-251, 149, 465]
[-251, 150, 465]
[-252, 150, 465]
[-252, 151, 465]
[-253, 152, 465]
[-254, 152, 465]
[-254, 153, 464]
[-255, 153, 464]
[-255, 154, 464]
[-256, 154, 464]
[-256, 155, 464]
[-257, 155, 464]
[-257, 156, 464]
[-258, 157, 463]
[-259, 157, 463]
[-259, 158, 463]
[-260, 158, 463]
[-260, 159, 463]
[-261, 159, 462]
[-261, 160, 462]
[-262, 160, 462]
[-263, 161, 462]
[-263, 162, 462]
[-264, 162, 461]
[-264, 163, 461]
[-265, 163, 461]
[-265, 164, 461]
[-266, 164, 460]
[-266, 165, 460]
[-267, 166, 460]
[-268, 166, 460]
[-268, 167, 459]
[-269, 167, 459]
[-269, 168, 459]
[-270, 168, 458]
[-270, 169, 458]
[-271, 169, 458]
[-272, 170, 457]
[-272, 171, 457]
[-273, 171, 457]
[-273, 172, 456]
[-274, 172, 456]
[-274, 173, 456]
[-275, 173, 455]
[-275, 174, 455]
[-276, 174, 455]
[-277, 175, 454]
[-277, 176, 454]
[-278, 176, 453]
[-278, 177, 453]
[-279, 177, 453]
[-279, 178, 452]
[-280, 178, 452]
[-280, 179, 451]
[-281, 179, 451]
[-281, 180, 450]
[-282, 180, 450]
[-283, 181, 450]
[-283, 181, 449]
[-284, 182, 449]
[-284, 183, 448]
[-285, 183, 448]
[-285, 184, 447]
[-286, 184, 447]
[-286, 185, 446]
[-287, 185, 446]
[-287, 186, 445]
[-288, 186, 445]
[-288, 187, 444]
[-289, 187, 444]
[-290, 188, 443]
[-290, 188, 443]
[-291, 189, 442]
[-291, 189, 442]
[-292, 190, 441]
[-292, 190, 441]
[-293, 191, 440]
[-293, 191, 440]
[-294, 192, 439]
[-294, 192, 438]
[-295, 193, 438]
[-295, 193, 437]
[-296, 194, 437]
[-296, 194, 436]
[-297, 195, 436]
[-297, 195, 435]
[-298, 196, 434]
[-298, 196, 434]
[-299, 197, 433]
[-299, 197, 433]
[-300, 198, 432]
[-300, 198, 431]
[-301, 199, 431]
[-301, 199, 430]
[-302, 200, 429]
[-302, 200, 429]
[-303, 201, 428]
[-303, 201, 428]
[-303, 202, 427]
[-304, 202, 426]
[-304, 203, 426]
[-305, 203, 425]
[-305, 203, 424]
[-306, 204, 424]
[-306, 204, 423]
[-307, 205, 422]
[-307, 205, 422]
[-307, 206, 421]
[-308, 206, 420]
[-308, 207, 420]
[-309, 207, 419]
[-309, 207, 418]
[-310, 208, 417]
[-310, 208, 417]
[-310, 209, 416]
[-311, 209, 415]
[-311, 209, 415]
[-312, 210, 414]
[-312, 210, 413]
[-313, 211, 413]
[-313, 211, 412]
[-313, 211, 411]
[-314, 212, 410]
[-314, 212, 410]
[-314, 213, 409]
[-315, 213, 408]
[-315, 213, 407]
[-316, 214, 407]
[-316, 214, 406]
[-316, 214, 405]
[-317, 215, 404]
[-317, 215, 404]
[-317, 215, 403]
[-318, 216, 402]
[-318, 216, 401]
[-318, 216, 401]
[-319, 217, 400]
[-319, 217, 399]
[-319, 217, 398]
[-320, 218, 398]
[-320, 218, 397]
[-320, 218, 396]
[-321, 219, 395]
[-321, 219, 395]
[-321, 219, 394]
[-322, 220, 393]
[-322, 220, 392]
[-322, 220, 392]
[-322, 220, 391]
[-323, 221, 390]
[-323, 221, 389]
[-323, 221, 388]
[-324, 222, 388]
[-324, 222, 387]
[-324, 222, 386]
[-324, 222, 385]
[-325, 223, 385]
[-325, 223, 384]
[-325, 223, 383]
[-325, 223, 382]
[-325, 223, 382]
[-326, 224, 381]
[-326, 224, 380]
[-326, 224, 379]
[-326, 224, 378]
[-327, 225, 378]
[-327, 225, 377]
[-327, 225, 376]
[-327, 225, 375]
[-327, 225, 375]
[-327, 225, 374]
[-328, 226, 373]
[-328, 226, 372]
[-328, 226, 371]
[-328, 226, 371]
[-328, 226, 370]
[-328, 226, 369]
[-329, 227, 368]
[-329, 227, 368]
[-329, 227, 367]
[-329, 227, 366]
[-329, 227, 365]
[-329, 227, 365]
[-329, 227, 364]
[-329, 227, 363]
[-329, 227, 362]
[-329, 227, 362]
[-330, 228, 361]
[-330, 228, 360]
[-330, 228, 359]
[-330, 228, 359]
[-330, 228, 358]
[-330, 228, 357]
[-330, 228, 356]
[-330, 228, 356]
[-330, 228, 355]
[-330, 228, 354]
[-330, 228, 353]
[-330, 228, 353]
[-330, 228, 352]
