# Curve Parameters
# y_end: 238
# loops: 1
# A (south bulge): 120
# B (lateral wiggle): 20
# samples: 350
#
# Analysis Results
# max_grade: 0.905117
# length_3d: 353.53
# length_2d: 316.42
# min_horiz_step: 0.222167
# status: OK
#
# Coordinates (x, y, z)
#==================================================

[-199, 98, 410]
[-199, 98, 411]
[-199, 98, 412]
[-199, 98, 413]
[-199, 98, 414]
[-199, 98, 415]
[-199, 98, 416]
[-199, 98, 417]
[-199, 98, 419]
[-199, 98, 420]
[-199, 98, 421]
[-199, 98, 422]
[-199, 98, 423]
[-199, 99, 424]
[-200, 99, 425]
[-200, 99, 426]
[-200, 99, 427]
[-200, 99, 428]
[-200, 99, 429]
[-200, 99, 430]
[-200, 99, 431]
[-200, 99, 432]
[-200, 100, 433]
[-200, 100, 434]
[-200, 100, 435]
[-200, 100, 436]
[-201, 100, 437]
[-201, 100, 438]
[-201, 101, 439]
[-201, 101, 440]
[-201, 101, 441]
[-201, 101, 442]
[-201, 101, 443]
[-201, 102, 444]
[-201, 102, 445]
[-202, 102, 446]
[-202, 102, 446]
[-202, 102, 447]
[-202, 103, 448]
[-202, 103, 449]
[-202, 103, 450]
[-202, 103, 451]
[-202, 104, 452]
[-202, 104, 453]
[-203, 104, 454]
[-203, 104, 455]
[-203, 105, 456]
[-203, 105, 456]
[-203, 105, 457]
[-203, 106, 458]
[-203, 106, 459]
[-203, 106, 460]
[-204, 106, 461]
[-204, 107, 461]
[-204, 107, 462]
[-204, 107, 463]
[-204, 108, 464]
[-204, 108, 465]
[-204, 108, 466]
[-204, 109, 466]
[-205, 109, 467]
[-205, 109, 468]
[-205, 110, 469]
[-205, 110, 469]
[-205, 110, 470]
[-205, 111, 471]
[-205, 111, 472]
[-206, 111, 472]
[-206, 112, 473]
[-206, 112, 474]
[-206, 113, 475]
[-206, 113, 475]
[-206, 113, 476]
[-207, 114, 477]
[-207, 114, 477]
[-207, 115, 478]
[-207, 115, 479]
[-207, 115, 479]
[-207, 116, 480]
[-208, 116, 481]
[-208, 117, 481]
[-208, 117, 482]
[-208, 118, 483]
[-208, 118, 483]
[-209, 118, 484]
[-209, 119, 484]
[-209, 119, 485]
[-209, 120, 486]
[-210, 120, 486]
[-210, 121, 487]
[-210, 121, 487]
[-210, 122, 488]
[-211, 122, 488]
[-211, 123, 489]
[-211, 123, 489]
[-212, 123, 490]
[-212, 124, 491]
[-212, 124, 491]
[-212, 125, 492]
[-213, 125, 492]
[-213, 126, 492]
[-213, 126, 493]
[-214, 127, 493]
[-214, 127, 494]
[-215, 128, 494]
[-215, 128, 495]
[-215, 129, 495]
[-216, 129, 496]
[-216, 130, 496]
[-217, 130, 496]
[-217, 131, 497]
[-217, 131, 497]
[-218, 132, 497]
[-218, 133, 498]
[-219, 133, 498]
[-219, 134, 498]
[-220, 134, 499]
[-220, 135, 499]
[-221, 135, 499]
[-221, 136, 500]
[-222, 136, 500]
[-222, 137, 500]
[-223, 137, 501]
[-224, 138, 501]
[-224, 138, 501]
[-225, 139, 501]
[-225, 140, 502]
[-226, 140, 502]
[-227, 141, 502]
[-227, 141, 502]
[-228, 142, 502]
[-228, 142, 503]
[-229, 143, 503]
[-230, 143, 503]
[-230, 144, 503]
[-231, 145, 503]
[-232, 145, 503]
[-233, 146, 503]
[-233, 146, 504]
[-234, 147, 504]
[-235, 148, 504]
[-236, 148, 504]
[-236, 149, 504]
[-237, 149, 504]
[-238, 150, 504]
[-239, 150, 504]
[-239, 151, 504]
[-240, 152, 504]
[-241, 152, 504]
[-242, 153, 504]
[-243, 153, 504]
[-243, 154, 504]
[-244, 155, 504]
[-245, 155, 504]
[-246, 156, 504]
[-247, 156, 504]
[-248, 157, 504]
[-249, 158, 504]
[-250, 158, 504]
[-250, 159, 504]
[-251, 159, 504]
[-252, 160, 503]
[-253, 160, 503]
[-254, 161, 503]
[-255, 162, 503]
[-256, 162, 503]
[-257, 163, 503]
[-258, 163, 503]
[-259, 164, 502]
[-259, 165, 502]
[-260, 165, 502]
[-261, 166, 502]
[-262, 166, 502]
[-263, 167, 501]
[-264, 168, 501]
[-265, 168, 501]
[-266, 169, 501]
[-267, 170, 500]
[-268, 170, 500]
[-269, 171, 500]
[-270, 171, 499]
[-270, 172, 499]
[-271, 173, 499]
[-272, 173, 499]
[-273, 174, 498]
[-274, 174, 498]
[-275, 175, 497]
[-276, 176, 497]
[-277, 176, 497]
[-278, 177, 496]
[-279, 177, 496]
[-279, 178, 496]
[-280, 178, 495]
[-281, 179, 495]
[-282, 180, 494]
[-283, 180, 494]
[-284, 181, 493]
[-285, 181, 493]
[-286, 182, 493]
[-286, 183, 492]
[-287, 183, 492]
[-288, 184, 491]
[-289, 184, 491]
[-290, 185, 490]
[-290, 186, 490]
[-291, 186, 489]
[-292, 187, 488]
[-293, 187, 488]
[-293, 188, 487]
[-294, 188, 487]
[-295, 189, 486]
[-296, 190, 486]
[-296, 190, 485]
[-297, 191, 484]
[-298, 191, 484]
[-299, 192, 483]
[-299, 193, 483]
[-300, 193, 482]
[-301, 194, 481]
[-301, 194, 481]
[-302, 195, 480]
[-302, 195, 479]
[-303, 196, 479]
[-304, 196, 478]
[-304, 197, 477]
[-305, 198, 477]
[-305, 198, 476]
[-306, 199, 475]
[-307, 199, 474]
[-307, 200, 474]
[-308, 200, 473]
[-308, 201, 472]
[-309, 201, 471]
[-309, 202, 471]
[-310, 202, 470]
[-310, 203, 469]
[-311, 203, 468]
[-311, 204, 468]
[-312, 205, 467]
[-312, 205, 466]
[-312, 206, 465]
[-313, 206, 464]
[-313, 207, 464]
[-314, 207, 463]
[-314, 208, 462]
[-314, 208, 461]
[-315, 209, 460]
[-315, 209, 459]
[-316, 210, 458]
[-316, 210, 458]
[-316, 211, 457]
[-317, 211, 456]
[-317, 212, 455]
[-317, 212, 454]
[-317, 213, 453]
[-318, 213, 452]
[-318, 213, 451]
[-318, 214, 450]
[-319, 214, 449]
[-319, 215, 449]
[-319, 215, 448]
[-319, 216, 447]
[-320, 216, 446]
[-320, 217, 445]
[-320, 217, 444]
[-320, 218, 443]
[-321, 218, 442]
[-321, 218, 441]
[-321, 219, 440]
[-321, 219, 439]
[-321, 220, 438]
[-322, 220, 437]
[-322, 221, 436]
[-322, 221, 435]
[-322, 221, 434]
[-322, 222, 433]
[-322, 222, 432]
[-323, 223, 431]
[-323, 223, 430]
[-323, 223, 429]
[-323, 224, 428]
[-323, 224, 427]
[-323, 225, 426]
[-324, 225, 425]
[-324, 225, 424]
[-324, 226, 423]
[-324, 226, 421]
[-324, 226, 420]
[-324, 227, 419]
[-324, 227, 418]
[-325, 227, 417]
[-325, 228, 416]
[-325, 228, 415]
[-325, 228, 414]
[-325, 229, 413]
[-325, 229, 412]
[-325, 229, 411]
[-325, 230, 410]
[-326, 230, 409]
[-326, 230, 407]
[-326, 230, 406]
[-326, 231, 405]
[-326, 231, 404]
[-326, 231, 403]
[-326, 232, 402]
[-326, 232, 401]
[-327, 232, 400]
[-327, 232, 399]
[-327, 233, 398]
[-327, 233, 396]
[-327, 233, 395]
[-327, 233, 394]
[-327, 234, 393]
[-327, 234, 392]
[-327, 234, 391]
[-328, 234, 390]
[-328, 234, 389]
[-328, 235, 387]
[-328, 235, 386]
[-328, 235, 385]
[-328, 235, 384]
[-328, 235, 383]
[-328, 236, 382]
[-328, 236, 381]
[-329, 236, 380]
[-329, 236, 379]
[-329, 236, 377]
[-329, 236, 376]
[-329, 237, 375]
[-329, 237, 374]
[-329, 237, 373]
[-329, 237, 372]
[-329, 237, 371]
[-329, 237, 370]
[-329, 237, 368]
[-329, 237, 367]
[-330, 237, 366]
[-330, 238, 365]
[-330, 238, 364]
[-330, 238, 363]
[-330, 238, 362]
[-330, 238, 361]
[-330, 238, 360]
[-330, 238, 359]
[-330, 238, 357]
[-330, 238, 356]
[-330, 238, 355]
[-330, 238, 354]
[-330, 238, 353]
[-330, 238, 352]
