# Curve Parameters
# y_end: 246
# loops: 1
# A (south bulge): 140
# B (lateral wiggle): 40
# samples: 350
#
# Analysis Results
# max_grade: 0.898267
# length_3d: 408.85
# length_2d: 373.34
# min_horiz_step: 0.235202
# status: OK
#
# Coordinates (x, y, z)
#==================================================

[-199, 98, 410]
[-199, 98, 411]
[-199, 98, 413]
[-199, 98, 414]
[-199, 98, 415]
[-199, 98, 416]
[-199, 98, 418]
[-199, 98, 419]
[-199, 98, 420]
[-199, 98, 421]
[-199, 98, 422]
[-199, 98, 424]
[-199, 99, 425]
[-199, 99, 426]
[-199, 99, 427]
[-200, 99, 429]
[-200, 99, 430]
[-200, 99, 431]
[-200, 99, 432]
[-200, 99, 433]
[-200, 99, 435]
[-200, 100, 436]
[-200, 100, 437]
[-200, 100, 438]
[-200, 100, 439]
[-200, 100, 440]
[-200, 100, 442]
[-200, 101, 443]
[-200, 101, 444]
[-200, 101, 445]
[-200, 101, 446]
[-200, 101, 447]
[-200, 102, 448]
[-200, 102, 450]
[-200, 102, 451]
[-200, 102, 452]
[-200, 102, 453]
[-200, 103, 454]
[-200, 103, 455]
[-200, 103, 456]
[-200, 103, 457]
[-200, 104, 458]
[-200, 104, 459]
[-200, 104, 460]
[-200, 104, 461]
[-200, 105, 463]
[-200, 105, 464]
[-200, 105, 465]
[-200, 106, 466]
[-200, 106, 467]
[-200, 106, 468]
[-200, 107, 469]
[-200, 107, 470]
[-200, 107, 471]
[-200, 108, 472]
[-200, 108, 473]
[-200, 108, 474]
[-200, 109, 475]
[-200, 109, 476]
[-200, 109, 476]
[-200, 110, 477]
[-200, 110, 478]
[-200, 110, 479]
[-200, 111, 480]
[-200, 111, 481]
[-200, 111, 482]
[-200, 112, 483]
[-200, 112, 484]
[-200, 113, 485]
[-200, 113, 486]
[-199, 113, 486]
[-199, 114, 487]
[-199, 114, 488]
[-199, 115, 489]
[-199, 115, 490]
[-199, 116, 491]
[-199, 116, 491]
[-199, 116, 492]
[-199, 117, 493]
[-199, 117, 494]
[-199, 118, 495]
[-199, 118, 495]
[-199, 119, 496]
[-199, 119, 497]
[-199, 120, 498]
[-199, 120, 498]
[-199, 121, 499]
[-199, 121, 500]
[-200, 121, 500]
[-200, 122, 501]
[-200, 122, 502]
[-200, 123, 503]
[-200, 123, 503]
[-200, 124, 504]
[-200, 124, 504]
[-200, 125, 505]
[-200, 125, 506]
[-201, 126, 506]
[-201, 126, 507]
[-201, 127, 508]
[-201, 127, 508]
[-201, 128, 509]
[-202, 129, 509]
[-202, 129, 510]
[-202, 130, 510]
[-202, 130, 511]
[-203, 131, 511]
[-203, 131, 512]
[-203, 132, 512]
[-204, 132, 513]
[-204, 133, 513]
[-205, 133, 514]
[-205, 134, 514]
[-205, 134, 515]
[-206, 135, 515]
[-206, 136, 516]
[-207, 136, 516]
[-207, 137, 516]
[-208, 137, 517]
[-208, 138, 517]
[-209, 138, 518]
[-210, 139, 518]
[-210, 140, 518]
[-211, 140, 519]
[-211, 141, 519]
[-212, 141, 519]
[-213, 142, 520]
[-213, 143, 520]
[-214, 143, 520]
[-215, 144, 521]
[-216, 144, 521]
[-216, 145, 521]
[-217, 146, 521]
[-218, 146, 521]
[-219, 147, 522]
[-220, 147, 522]
[-221, 148, 522]
[-221, 149, 522]
[-222, 149, 522]
[-223, 150, 523]
[-224, 150, 523]
[-225, 151, 523]
[-226, 152, 523]
[-227, 152, 523]
[-228, 153, 523]
[-229, 153, 523]
[-230, 154, 523]
[-231, 155, 524]
[-232, 155, 524]
[-233, 156, 524]
[-235, 157, 524]
[-236, 157, 524]
[-237, 158, 524]
[-238, 158, 524]
[-239, 159, 524]
[-240, 160, 524]
[-241, 160, 524]
[-243, 161, 524]
[-244, 162, 524]
[-245, 162, 523]
[-246, 163, 523]
[-247, 163, 523]
[-249, 164, 523]
[-250, 165, 523]
[-251, 165, 523]
[-252, 166, 523]
[-254, 167, 523]
[-255, 167, 523]
[-256, 168, 522]
[-257, 169, 522]
[-259, 169, 522]
[-260, 170, 522]
[-261, 170, 522]
[-263, 171, 521]
[-264, 172, 521]
[-265, 172, 521]
[-266, 173, 521]
[-268, 174, 520]
[-269, 174, 520]
[-270, 175, 520]
[-272, 175, 519]
[-273, 176, 519]
[-274, 177, 519]
[-275, 177, 518]
[-277, 178, 518]
[-278, 179, 518]
[-279, 179, 517]
[-280, 180, 517]
[-282, 181, 517]
[-283, 181, 516]
[-284, 182, 516]
[-285, 182, 515]
[-286, 183, 515]
[-288, 184, 514]
[-289, 184, 514]
[-290, 185, 514]
[-291, 186, 513]
[-292, 186, 513]
[-293, 187, 512]
[-294, 187, 512]
[-296, 188, 511]
[-297, 189, 510]
[-298, 189, 510]
[-299, 190, 509]
[-300, 191, 509]
[-301, 191, 508]
[-302, 192, 508]
[-303, 192, 507]
[-304, 193, 506]
[-305, 194, 506]
[-306, 194, 505]
[-307, 195, 505]
[-308, 195, 504]
[-308, 196, 503]
[-309, 197, 503]
[-310, 197, 502]
[-311, 198, 501]
[-312, 198, 500]
[-313, 199, 500]
[-313, 200, 499]
[-314, 200, 498]
[-315, 201, 498]
[-316, 201, 497]
[-316, 202, 496]
[-317, 203, 495]
[-318, 203, 495]
[-318, 204, 494]
[-319, 204, 493]
[-319, 205, 492]
[-320, 206, 491]
[-321, 206, 491]
[-321, 207, 490]
[-322, 207, 489]
[-322, 208, 488]
[-323, 208, 487]
[-323, 209, 486]
[-324, 210, 485]
[-324, 210, 485]
[-324, 211, 484]
[-325, 211, 483]
[-325, 212, 482]
[-326, 212, 481]
[-326, 213, 480]
[-326, 213, 479]
[-327, 214, 478]
[-327, 214, 477]
[-327, 215, 476]
[-327, 215, 475]
[-328, 216, 474]
[-328, 217, 473]
[-328, 217, 472]
[-328, 218, 471]
[-328, 218, 470]
[-329, 219, 469]
[-329, 219, 468]
[-329, 220, 467]
[-329, 220, 466]
[-329, 221, 465]
[-329, 221, 464]
[-329, 222, 463]
[-329, 222, 462]
[-329, 223, 461]
[-330, 223, 460]
[-330, 223, 459]
[-330, 224, 458]
[-330, 224, 457]
[-330, 225, 455]
[-330, 225, 454]
[-330, 226, 453]
[-330, 226, 452]
[-330, 227, 451]
[-330, 227, 450]
[-330, 228, 449]
[-330, 228, 448]
[-330, 228, 446]
[-330, 229, 445]
[-330, 229, 444]
[-330, 230, 443]
[-330, 230, 442]
[-330, 231, 441]
[-329, 231, 439]
[-329, 231, 438]
[-329, 232, 437]
[-329, 232, 436]
[-329, 233, 435]
[-329, 233, 433]
[-329, 233, 432]
[-329, 234, 431]
[-329, 234, 430]
[-329, 234, 429]
[-329, 235, 427]
[-329, 235, 426]
[-329, 235, 425]
[-329, 236, 424]
[-329, 236, 422]
[-329, 236, 421]
[-329, 237, 420]
[-329, 237, 419]
[-329, 237, 417]
[-329, 238, 416]
[-329, 238, 415]
[-329, 238, 414]
[-329, 239, 412]
[-329, 239, 411]
[-329, 239, 410]
[-329, 240, 409]
[-329, 240, 407]
[-329, 240, 406]
[-329, 240, 405]
[-329, 241, 403]
[-329, 241, 402]
[-329, 241, 401]
[-329, 241, 400]
[-329, 242, 398]
[-329, 242, 397]
[-329, 242, 396]
[-329, 242, 394]
[-329, 242, 393]
[-329, 243, 392]
[-329, 243, 391]
[-329, 243, 389]
[-329, 243, 388]
[-329, 243, 387]
[-329, 244, 385]
[-329, 244, 384]
[-329, 244, 383]
[-329, 244, 382]
[-329, 244, 380]
[-329, 244, 379]
[-329, 245, 378]
[-329, 245, 376]
[-329, 245, 375]
[-329, 245, 374]
[-329, 245, 372]
[-329, 245, 371]
[-330, 245, 370]
[-330, 245, 369]
[-330, 245, 367]
[-330, 246, 366]
[-330, 246, 365]
[-330, 246, 363]
[-330, 246, 362]
[-330, 246, 361]
[-330, 246, 360]
[-330, 246, 358]
[-330, 246, 357]
[-330, 246, 356]
[-330, 246, 355]
[-330, 246, 353]
[-330, 246, 352]
