# Curve Parameters
# y_end: 234
# loops: 1
# A (south bulge): 120
# B (lateral wiggle): 20
# samples: 350
#
# Analysis Results
# max_grade: 0.879257
# length_3d: 351.60
# length_2d: 316.42
# min_horiz_step: 0.222167
# status: OK
#
# Coordinates (x, y, z)
#==================================================

[-199, 98, 410]
[-199, 98, 411]
[-199, 98, 412]
[-199, 98, 413]
[-199, 98, 414]
[-199, 98, 415]
[-199, 98, 416]
[-199, 98, 417]
[-199, 98, 419]
[-199, 98, 420]
[-199, 98, 421]
[-199, 98, 422]
[-199, 98, 423]
[-199, 99, 424]
[-200, 99, 425]
[-200, 99, 426]
[-200, 99, 427]
[-200, 99, 428]
[-200, 99, 429]
[-200, 99, 430]
[-200, 99, 431]
[-200, 99, 432]
[-200, 100, 433]
[-200, 100, 434]
[-200, 100, 435]
[-200, 100, 436]
[-201, 100, 437]
[-201, 100, 438]
[-201, 100, 439]
[-201, 101, 440]
[-201, 101, 441]
[-201, 101, 442]
[-201, 101, 443]
[-201, 101, 444]
[-201, 102, 445]
[-202, 102, 446]
[-202, 102, 446]
[-202, 102, 447]
[-202, 102, 448]
[-202, 103, 449]
[-202, 103, 450]
[-202, 103, 451]
[-202, 103, 452]
[-202, 104, 453]
[-203, 104, 454]
[-203, 104, 455]
[-203, 104, 456]
[-203, 105, 456]
[-203, 105, 457]
[-203, 105, 458]
[-203, 106, 459]
[-203, 106, 460]
[-204, 106, 461]
[-204, 106, 461]
[-204, 107, 462]
[-204, 107, 463]
[-204, 107, 464]
[-204, 108, 465]
[-204, 108, 466]
[-204, 108, 466]
[-205, 109, 467]
[-205, 109, 468]
[-205, 109, 469]
[-205, 110, 469]
[-205, 110, 470]
[-205, 110, 471]
[-205, 111, 472]
[-206, 111, 472]
[-206, 111, 473]
[-206, 112, 474]
[-206, 112, 475]
[-206, 113, 475]
[-206, 113, 476]
[-207, 113, 477]
[-207, 114, 477]
[-207, 114, 478]
[-207, 115, 479]
[-207, 115, 479]
[-207, 115, 480]
[-208, 116, 481]
[-208, 116, 481]
[-208, 117, 482]
[-208, 117, 483]
[-208, 117, 483]
[-209, 118, 484]
[-209, 118, 484]
[-209, 119, 485]
[-209, 119, 486]
[-210, 120, 486]
[-210, 120, 487]
[-210, 120, 487]
[-210, 121, 488]
[-211, 121, 488]
[-211, 122, 489]
[-211, 122, 489]
[-212, 123, 490]
[-212, 123, 491]
[-212, 124, 491]
[-212, 124, 492]
[-213, 125, 492]
[-213, 125, 492]
[-213, 126, 493]
[-214, 126, 493]
[-214, 127, 494]
[-215, 127, 494]
[-215, 128, 495]
[-215, 128, 495]
[-216, 129, 496]
[-216, 129, 496]
[-217, 130, 496]
[-217, 130, 497]
[-217, 131, 497]
[-218, 131, 497]
[-218, 132, 498]
[-219, 132, 498]
[-219, 133, 498]
[-220, 133, 499]
[-220, 134, 499]
[-221, 134, 499]
[-221, 135, 500]
[-222, 135, 500]
[-222, 136, 500]
[-223, 136, 501]
[-224, 137, 501]
[-224, 137, 501]
[-225, 138, 501]
[-225, 138, 502]
[-226, 139, 502]
[-227, 139, 502]
[-227, 140, 502]
[-228, 141, 502]
[-228, 141, 503]
[-229, 142, 503]
[-230, 142, 503]
[-230, 143, 503]
[-231, 143, 503]
[-232, 144, 503]
[-233, 144, 503]
[-233, 145, 504]
[-234, 146, 504]
[-235, 146, 504]
[-236, 147, 504]
[-236, 147, 504]
[-237, 148, 504]
[-238, 148, 504]
[-239, 149, 504]
[-239, 149, 504]
[-240, 150, 504]
[-241, 151, 504]
[-242, 151, 504]
[-243, 152, 504]
[-243, 152, 504]
[-244, 153, 504]
[-245, 153, 504]
[-246, 154, 504]
[-247, 155, 504]
[-248, 155, 504]
[-249, 156, 504]
[-250, 156, 504]
[-250, 157, 504]
[-251, 158, 504]
[-252, 158, 503]
[-253, 159, 503]
[-254, 159, 503]
[-255, 160, 503]
[-256, 160, 503]
[-257, 161, 503]
[-258, 162, 503]
[-259, 162, 502]
[-259, 163, 502]
[-260, 163, 502]
[-261, 164, 502]
[-262, 165, 502]
[-263, 165, 501]
[-264, 166, 501]
[-265, 166, 501]
[-266, 167, 501]
[-267, 167, 500]
[-268, 168, 500]
[-269, 169, 500]
[-270, 169, 499]
[-270, 170, 499]
[-271, 170, 499]
[-272, 171, 499]
[-273, 172, 498]
[-274, 172, 498]
[-275, 173, 497]
[-276, 173, 497]
[-277, 174, 497]
[-278, 174, 496]
[-279, 175, 496]
[-279, 176, 496]
[-280, 176, 495]
[-281, 177, 495]
[-282, 177, 494]
[-283, 178, 494]
[-284, 179, 493]
[-285, 179, 493]
[-286, 180, 493]
[-286, 180, 492]
[-287, 181, 492]
[-288, 181, 491]
[-289, 182, 491]
[-290, 183, 490]
[-290, 183, 490]
[-291, 184, 489]
[-292, 184, 488]
[-293, 185, 488]
[-293, 185, 487]
[-294, 186, 487]
[-295, 186, 486]
[-296, 187, 486]
[-296, 188, 485]
[-297, 188, 484]
[-298, 189, 484]
[-299, 189, 483]
[-299, 190, 483]
[-300, 190, 482]
[-301, 191, 481]
[-301, 191, 481]
[-302, 192, 480]
[-302, 193, 479]
[-303, 193, 479]
[-304, 194, 478]
[-304, 194, 477]
[-305, 195, 477]
[-305, 195, 476]
[-306, 196, 475]
[-307, 196, 474]
[-307, 197, 474]
[-308, 197, 473]
[-308, 198, 472]
[-309, 198, 471]
[-309, 199, 471]
[-310, 199, 470]
[-310, 200, 469]
[-311, 200, 468]
[-311, 201, 468]
[-312, 201, 467]
[-312, 202, 466]
[-312, 202, 465]
[-313, 203, 464]
[-313, 203, 464]
[-314, 204, 463]
[-314, 204, 462]
[-314, 205, 461]
[-315, 205, 460]
[-315, 206, 459]
[-316, 206, 458]
[-316, 207, 458]
[-316, 207, 457]
[-317, 208, 456]
[-317, 208, 455]
[-317, 209, 454]
[-317, 209, 453]
[-318, 210, 452]
[-318, 210, 451]
[-318, 211, 450]
[-319, 211, 449]
[-319, 212, 449]
[-319, 212, 448]
[-319, 212, 447]
[-320, 213, 446]
[-320, 213, 445]
[-320, 214, 444]
[-320, 214, 443]
[-321, 215, 442]
[-321, 215, 441]
[-321, 215, 440]
[-321, 216, 439]
[-321, 216, 438]
[-322, 217, 437]
[-322, 217, 436]
[-322, 217, 435]
[-322, 218, 434]
[-322, 218, 433]
[-322, 219, 432]
[-323, 219, 431]
[-323, 219, 430]
[-323, 220, 429]
[-323, 220, 428]
[-323, 221, 427]
[-323, 221, 426]
[-324, 221, 425]
[-324, 222, 424]
[-324, 222, 423]
[-324, 222, 421]
[-324, 223, 420]
[-324, 223, 419]
[-324, 223, 418]
[-325, 224, 417]
[-325, 224, 416]
[-325, 224, 415]
[-325, 225, 414]
[-325, 225, 413]
[-325, 225, 412]
[-325, 226, 411]
[-325, 226, 410]
[-326, 226, 409]
[-326, 226, 407]
[-326, 227, 406]
[-326, 227, 405]
[-326, 227, 404]
[-326, 228, 403]
[-326, 228, 402]
[-326, 228, 401]
[-327, 228, 400]
[-327, 229, 399]
[-327, 229, 398]
[-327, 229, 396]
[-327, 229, 395]
[-327, 230, 394]
[-327, 230, 393]
[-327, 230, 392]
[-327, 230, 391]
[-328, 230, 390]
[-328, 231, 389]
[-328, 231, 387]
[-328, 231, 386]
[-328, 231, 385]
[-328, 231, 384]
[-328, 232, 383]
[-328, 232, 382]
[-328, 232, 381]
[-329, 232, 380]
[-329, 232, 379]
[-329, 232, 377]
[-329, 232, 376]
[-329, 233, 375]
[-329, 233, 374]
[-329, 233, 373]
[-329, 233, 372]
[-329, 233, 371]
[-329, 233, 370]
[-329, 233, 368]
[-329, 233, 367]
[-330, 233, 366]
[-330, 234, 365]
[-330, 234, 364]
[-330, 234, 363]
[-330, 234, 362]
[-330, 234, 361]
[-330, 234, 360]
[-330, 234, 359]
[-330, 234, 357]
[-330, 234, 356]
[-330, 234, 355]
[-330, 234, 354]
[-330, 234, 353]
[-330, 234, 352]
