# Curve Parameters
# y_end: 230
# loops: 1
# A (south bulge): 140
# B (lateral wiggle): 30
# samples: 350
#
# Analysis Results
# max_grade: 0.784169
# length_3d: 392.13
# length_2d: 362.28
# min_horiz_step: 0.243295
# status: OK
#
# Coordinates (x, y, z)
#==================================================

[-199, 98, 410]
[-199, 98, 411]
[-199, 98, 413]
[-199, 98, 414]
[-199, 98, 415]
[-199, 98, 416]
[-199, 98, 418]
[-199, 98, 419]
[-199, 98, 420]
[-199, 98, 421]
[-199, 98, 422]
[-199, 98, 424]
[-199, 98, 425]
[-199, 99, 426]
[-199, 99, 427]
[-200, 99, 429]
[-200, 99, 430]
[-200, 99, 431]
[-200, 99, 432]
[-200, 99, 433]
[-200, 99, 435]
[-200, 99, 436]
[-200, 100, 437]
[-200, 100, 438]
[-200, 100, 439]
[-200, 100, 440]
[-200, 100, 442]
[-200, 100, 443]
[-200, 100, 444]
[-201, 101, 445]
[-201, 101, 446]
[-201, 101, 447]
[-201, 101, 448]
[-201, 101, 450]
[-201, 102, 451]
[-201, 102, 452]
[-201, 102, 453]
[-201, 102, 454]
[-201, 102, 455]
[-201, 103, 456]
[-201, 103, 457]
[-201, 103, 458]
[-201, 103, 459]
[-201, 104, 460]
[-202, 104, 461]
[-202, 104, 463]
[-202, 104, 464]
[-202, 105, 465]
[-202, 105, 466]
[-202, 105, 467]
[-202, 105, 468]
[-202, 106, 469]
[-202, 106, 470]
[-202, 106, 471]
[-202, 107, 472]
[-202, 107, 473]
[-202, 107, 474]
[-202, 107, 475]
[-202, 108, 476]
[-202, 108, 476]
[-202, 108, 477]
[-202, 109, 478]
[-202, 109, 479]
[-202, 109, 480]
[-202, 110, 481]
[-203, 110, 482]
[-203, 110, 483]
[-203, 111, 484]
[-203, 111, 485]
[-203, 111, 486]
[-203, 112, 486]
[-203, 112, 487]
[-203, 113, 488]
[-203, 113, 489]
[-203, 113, 490]
[-203, 114, 491]
[-203, 114, 491]
[-203, 114, 492]
[-203, 115, 493]
[-203, 115, 494]
[-204, 116, 495]
[-204, 116, 495]
[-204, 116, 496]
[-204, 117, 497]
[-204, 117, 498]
[-204, 118, 498]
[-204, 118, 499]
[-204, 119, 500]
[-205, 119, 500]
[-205, 119, 501]
[-205, 120, 502]
[-205, 120, 503]
[-205, 121, 503]
[-205, 121, 504]
[-206, 122, 504]
[-206, 122, 505]
[-206, 122, 506]
[-206, 123, 506]
[-207, 123, 507]
[-207, 124, 508]
[-207, 124, 508]
[-207, 125, 509]
[-208, 125, 509]
[-208, 126, 510]
[-208, 126, 510]
[-209, 127, 511]
[-209, 127, 511]
[-209, 128, 512]
[-210, 128, 512]
[-210, 129, 513]
[-211, 129, 513]
[-211, 130, 514]
[-211, 130, 514]
[-212, 131, 515]
[-212, 131, 515]
[-213, 132, 516]
[-213, 132, 516]
[-214, 133, 516]
[-214, 133, 517]
[-215, 134, 517]
[-215, 134, 518]
[-216, 135, 518]
[-217, 135, 518]
[-217, 136, 519]
[-218, 136, 519]
[-218, 137, 519]
[-219, 137, 520]
[-220, 138, 520]
[-220, 138, 520]
[-221, 139, 521]
[-222, 139, 521]
[-222, 140, 521]
[-223, 140, 521]
[-224, 141, 521]
[-225, 141, 522]
[-225, 142, 522]
[-226, 143, 522]
[-227, 143, 522]
[-228, 144, 522]
[-229, 144, 523]
[-230, 145, 523]
[-230, 145, 523]
[-231, 146, 523]
[-232, 146, 523]
[-233, 147, 523]
[-234, 147, 523]
[-235, 148, 523]
[-236, 149, 524]
[-237, 149, 524]
[-238, 150, 524]
[-239, 150, 524]
[-240, 151, 524]
[-241, 151, 524]
[-242, 152, 524]
[-243, 152, 524]
[-244, 153, 524]
[-245, 154, 524]
[-246, 154, 524]
[-247, 155, 524]
[-248, 155, 523]
[-249, 156, 523]
[-250, 156, 523]
[-251, 157, 523]
[-252, 157, 523]
[-253, 158, 523]
[-254, 159, 523]
[-255, 159, 523]
[-256, 160, 523]
[-257, 160, 522]
[-258, 161, 522]
[-260, 161, 522]
[-261, 162, 522]
[-262, 163, 522]
[-263, 163, 521]
[-264, 164, 521]
[-265, 164, 521]
[-266, 165, 521]
[-267, 165, 520]
[-268, 166, 520]
[-269, 167, 520]
[-271, 167, 519]
[-272, 168, 519]
[-273, 168, 519]
[-274, 169, 518]
[-275, 169, 518]
[-276, 170, 518]
[-277, 171, 517]
[-278, 171, 517]
[-279, 172, 517]
[-280, 172, 516]
[-281, 173, 516]
[-282, 173, 515]
[-283, 174, 515]
[-284, 174, 514]
[-285, 175, 514]
[-286, 176, 514]
[-287, 176, 513]
[-288, 177, 513]
[-289, 177, 512]
[-290, 178, 512]
[-291, 178, 511]
[-292, 179, 510]
[-293, 179, 510]
[-294, 180, 509]
[-295, 181, 509]
[-296, 181, 508]
[-297, 182, 508]
[-298, 182, 507]
[-299, 183, 506]
[-299, 183, 506]
[-300, 184, 505]
[-301, 184, 505]
[-302, 185, 504]
[-303, 185, 503]
[-304, 186, 503]
[-304, 187, 502]
[-305, 187, 501]
[-306, 188, 500]
[-307, 188, 500]
[-307, 189, 499]
[-308, 189, 498]
[-309, 190, 498]
[-309, 190, 497]
[-310, 191, 496]
[-311, 191, 495]
[-311, 192, 495]
[-312, 192, 494]
[-312, 193, 493]
[-313, 193, 492]
[-314, 194, 491]
[-314, 194, 491]
[-315, 195, 490]
[-315, 195, 489]
[-316, 196, 488]
[-316, 196, 487]
[-317, 197, 486]
[-317, 197, 485]
[-318, 198, 485]
[-318, 198, 484]
[-318, 199, 483]
[-319, 199, 482]
[-319, 200, 481]
[-320, 200, 480]
[-320, 201, 479]
[-320, 201, 478]
[-321, 202, 477]
[-321, 202, 476]
[-321, 203, 475]
[-322, 203, 474]
[-322, 204, 473]
[-322, 204, 472]
[-322, 205, 471]
[-323, 205, 470]
[-323, 206, 469]
[-323, 206, 468]
[-323, 206, 467]
[-324, 207, 466]
[-324, 207, 465]
[-324, 208, 464]
[-324, 208, 463]
[-324, 209, 462]
[-324, 209, 461]
[-325, 209, 460]
[-325, 210, 459]
[-325, 210, 458]
[-325, 211, 457]
[-325, 211, 455]
[-325, 212, 454]
[-325, 212, 453]
[-325, 212, 452]
[-326, 213, 451]
[-326, 213, 450]
[-326, 214, 449]
[-326, 214, 448]
[-326, 214, 446]
[-326, 215, 445]
[-326, 215, 444]
[-326, 215, 443]
[-326, 216, 442]
[-326, 216, 441]
[-326, 217, 439]
[-326, 217, 438]
[-326, 217, 437]
[-326, 218, 436]
[-326, 218, 435]
[-327, 218, 433]
[-327, 219, 432]
[-327, 219, 431]
[-327, 219, 430]
[-327, 220, 429]
[-327, 220, 427]
[-327, 220, 426]
[-327, 221, 425]
[-327, 221, 424]
[-327, 221, 422]
[-327, 221, 421]
[-327, 222, 420]
[-327, 222, 419]
[-327, 222, 417]
[-327, 223, 416]
[-327, 223, 415]
[-327, 223, 414]
[-327, 223, 412]
[-327, 224, 411]
[-327, 224, 410]
[-327, 224, 409]
[-328, 224, 407]
[-328, 225, 406]
[-328, 225, 405]
[-328, 225, 403]
[-328, 225, 402]
[-328, 226, 401]
[-328, 226, 400]
[-328, 226, 398]
[-328, 226, 397]
[-328, 226, 396]
[-328, 227, 394]
[-328, 227, 393]
[-328, 227, 392]
[-328, 227, 391]
[-328, 227, 389]
[-329, 228, 388]
[-329, 228, 387]
[-329, 228, 385]
[-329, 228, 384]
[-329, 228, 383]
[-329, 228, 382]
[-329, 228, 380]
[-329, 229, 379]
[-329, 229, 378]
[-329, 229, 376]
[-329, 229, 375]
[-329, 229, 374]
[-329, 229, 372]
[-329, 229, 371]
[-330, 229, 370]
[-330, 229, 369]
[-330, 230, 367]
[-330, 230, 366]
[-330, 230, 365]
[-330, 230, 363]
[-330, 230, 362]
[-330, 230, 361]
[-330, 230, 360]
[-330, 230, 358]
[-330, 230, 357]
[-330, 230, 356]
[-330, 230, 355]
[-330, 230, 353]
[-330, 230, 352]
