# Curve Parameters
# y_end: 224
# loops: 0
# A (south bulge): 120
# B (lateral wiggle): 20
# samples: 350
#
# Analysis Results
# max_grade: 0.961831
# length_3d: 335.12
# length_2d: 301.03
# min_horiz_step: 0.212773
# status: OK
#
# Coordinates (x, y, z)
#==================================================

[-199, 98, 410]
[-199, 98, 411]
[-199, 98, 412]
[-199, 98, 413]
[-199, 98, 414]
[-199, 98, 415]
[-199, 98, 416]
[-199, 98, 417]
[-199, 98, 419]
[-199, 98, 420]
[-199, 98, 421]
[-199, 98, 422]
[-199, 98, 423]
[-200, 99, 424]
[-200, 99, 425]
[-200, 99, 426]
[-200, 99, 427]
[-200, 99, 428]
[-200, 99, 429]
[-200, 99, 430]
[-200, 99, 431]
[-200, 99, 432]
[-200, 99, 433]
[-201, 100, 434]
[-201, 100, 435]
[-201, 100, 436]
[-201, 100, 437]
[-201, 100, 438]
[-201, 100, 439]
[-202, 100, 440]
[-202, 101, 441]
[-202, 101, 442]
[-202, 101, 443]
[-202, 101, 444]
[-202, 101, 445]
[-203, 102, 446]
[-203, 102, 446]
[-203, 102, 447]
[-203, 102, 448]
[-204, 102, 449]
[-204, 103, 450]
[-204, 103, 451]
[-204, 103, 452]
[-204, 103, 453]
[-205, 104, 454]
[-205, 104, 455]
[-205, 104, 456]
[-205, 104, 456]
[-206, 104, 457]
[-206, 105, 458]
[-206, 105, 459]
[-207, 105, 460]
[-207, 106, 461]
[-207, 106, 461]
[-207, 106, 462]
[-208, 106, 463]
[-208, 107, 464]
[-208, 107, 465]
[-209, 107, 466]
[-209, 108, 466]
[-209, 108, 467]
[-210, 108, 468]
[-210, 109, 469]
[-210, 109, 469]
[-211, 109, 470]
[-211, 109, 471]
[-211, 110, 472]
[-212, 110, 472]
[-212, 110, 473]
[-212, 111, 474]
[-213, 111, 475]
[-213, 112, 475]
[-213, 112, 476]
[-214, 112, 477]
[-214, 113, 477]
[-215, 113, 478]
[-215, 113, 479]
[-215, 114, 479]
[-216, 114, 480]
[-216, 114, 481]
[-216, 115, 481]
[-217, 115, 482]
[-217, 116, 483]
[-218, 116, 483]
[-218, 116, 484]
[-219, 117, 484]
[-219, 117, 485]
[-219, 118, 486]
[-220, 118, 486]
[-220, 118, 487]
[-221, 119, 487]
[-221, 119, 488]
[-222, 120, 488]
[-222, 120, 489]
[-222, 120, 489]
[-223, 121, 490]
[-223, 121, 491]
[-224, 122, 491]
[-224, 122, 492]
[-225, 123, 492]
[-225, 123, 492]
[-226, 124, 493]
[-226, 124, 493]
[-226, 124, 494]
[-227, 125, 494]
[-227, 125, 495]
[-228, 126, 495]
[-228, 126, 496]
[-229, 127, 496]
[-229, 127, 496]
[-230, 128, 497]
[-230, 128, 497]
[-231, 129, 497]
[-231, 129, 498]
[-232, 130, 498]
[-232, 130, 498]
[-233, 131, 499]
[-233, 131, 499]
[-234, 131, 499]
[-234, 132, 500]
[-235, 132, 500]
[-235, 133, 500]
[-236, 133, 501]
[-236, 134, 501]
[-237, 134, 501]
[-237, 135, 501]
[-238, 135, 502]
[-238, 136, 502]
[-239, 136, 502]
[-239, 137, 502]
[-240, 137, 502]
[-241, 138, 503]
[-241, 138, 503]
[-242, 139, 503]
[-242, 139, 503]
[-243, 140, 503]
[-243, 140, 503]
[-244, 141, 503]
[-244, 142, 504]
[-245, 142, 504]
[-245, 143, 504]
[-246, 143, 504]
[-246, 144, 504]
[-247, 144, 504]
[-248, 145, 504]
[-248, 145, 504]
[-249, 146, 504]
[-249, 146, 504]
[-250, 147, 504]
[-250, 147, 504]
[-251, 148, 504]
[-251, 148, 504]
[-252, 149, 504]
[-252, 149, 504]
[-253, 150, 504]
[-254, 150, 504]
[-254, 151, 504]
[-255, 152, 504]
[-255, 152, 504]
[-256, 153, 504]
[-256, 153, 504]
[-257, 154, 503]
[-257, 154, 503]
[-258, 155, 503]
[-259, 155, 503]
[-259, 156, 503]
[-260, 156, 503]
[-260, 157, 503]
[-261, 157, 502]
[-261, 158, 502]
[-262, 159, 502]
[-263, 159, 502]
[-263, 160, 502]
[-264, 160, 501]
[-264, 161, 501]
[-265, 161, 501]
[-265, 162, 501]
[-266, 162, 500]
[-266, 163, 500]
[-267, 163, 500]
[-268, 164, 499]
[-268, 165, 499]
[-269, 165, 499]
[-269, 166, 499]
[-270, 166, 498]
[-270, 167, 498]
[-271, 167, 497]
[-272, 168, 497]
[-272, 168, 497]
[-273, 169, 496]
[-273, 169, 496]
[-274, 170, 496]
[-274, 170, 495]
[-275, 171, 495]
[-275, 172, 494]
[-276, 172, 494]
[-277, 173, 493]
[-277, 173, 493]
[-278, 174, 493]
[-278, 174, 492]
[-279, 175, 492]
[-279, 175, 491]
[-280, 176, 491]
[-280, 176, 490]
[-281, 177, 490]
[-281, 177, 489]
[-282, 178, 488]
[-283, 178, 488]
[-283, 179, 487]
[-284, 179, 487]
[-284, 180, 486]
[-285, 180, 486]
[-285, 181, 485]
[-286, 182, 484]
[-286, 182, 484]
[-287, 183, 483]
[-287, 183, 483]
[-288, 184, 482]
[-288, 184, 481]
[-289, 185, 481]
[-290, 185, 480]
[-290, 186, 479]
[-291, 186, 479]
[-291, 187, 478]
[-292, 187, 477]
[-292, 188, 477]
[-293, 188, 476]
[-293, 189, 475]
[-294, 189, 474]
[-294, 190, 474]
[-295, 190, 473]
[-295, 191, 472]
[-296, 191, 471]
[-296, 191, 471]
[-297, 192, 470]
[-297, 192, 469]
[-298, 193, 468]
[-298, 193, 468]
[-299, 194, 467]
[-299, 194, 466]
[-300, 195, 465]
[-300, 195, 464]
[-301, 196, 464]
[-301, 196, 463]
[-302, 197, 462]
[-302, 197, 461]
[-303, 198, 460]
[-303, 198, 459]
[-303, 198, 458]
[-304, 199, 458]
[-304, 199, 457]
[-305, 200, 456]
[-305, 200, 455]
[-306, 201, 454]
[-306, 201, 453]
[-307, 202, 452]
[-307, 202, 451]
[-307, 202, 450]
[-308, 203, 449]
[-308, 203, 449]
[-309, 204, 448]
[-309, 204, 447]
[-310, 204, 446]
[-310, 205, 445]
[-310, 205, 444]
[-311, 206, 443]
[-311, 206, 442]
[-312, 206, 441]
[-312, 207, 440]
[-313, 207, 439]
[-313, 208, 438]
[-313, 208, 437]
[-314, 208, 436]
[-314, 209, 435]
[-314, 209, 434]
[-315, 209, 433]
[-315, 210, 432]
[-316, 210, 431]
[-316, 210, 430]
[-316, 211, 429]
[-317, 211, 428]
[-317, 212, 427]
[-317, 212, 426]
[-318, 212, 425]
[-318, 213, 424]
[-318, 213, 423]
[-319, 213, 421]
[-319, 213, 420]
[-319, 214, 419]
[-320, 214, 418]
[-320, 214, 417]
[-320, 215, 416]
[-321, 215, 415]
[-321, 215, 414]
[-321, 216, 413]
[-322, 216, 412]
[-322, 216, 411]
[-322, 216, 410]
[-322, 217, 409]
[-323, 217, 407]
[-323, 217, 406]
[-323, 218, 405]
[-324, 218, 404]
[-324, 218, 403]
[-324, 218, 402]
[-324, 218, 401]
[-325, 219, 400]
[-325, 219, 399]
[-325, 219, 398]
[-325, 219, 396]
[-325, 220, 395]
[-326, 220, 394]
[-326, 220, 393]
[-326, 220, 392]
[-326, 220, 391]
[-327, 221, 390]
[-327, 221, 389]
[-327, 221, 387]
[-327, 221, 386]
[-327, 221, 385]
[-327, 222, 384]
[-328, 222, 383]
[-328, 222, 382]
[-328, 222, 381]
[-328, 222, 380]
[-328, 222, 379]
[-328, 222, 377]
[-329, 223, 376]
[-329, 223, 375]
[-329, 223, 374]
[-329, 223, 373]
[-329, 223, 372]
[-329, 223, 371]
[-329, 223, 370]
[-329, 223, 368]
[-329, 223, 367]
[-329, 223, 366]
[-330, 224, 365]
[-330, 224, 364]
[-330, 224, 363]
[-330, 224, 362]
[-330, 224, 361]
[-330, 224, 360]
[-330, 224, 359]
[-330, 224, 357]
[-330, 224, 356]
[-330, 224, 355]
[-330, 224, 354]
[-330, 224, 353]
[-330, 224, 352]
