# Curve Parameters
# y_end: 240
# loops: 1
# A (south bulge): 140
# B (lateral wiggle): 80
# samples: 350
#
# Analysis Results
# max_grade: 0.962801
# length_3d: 457.28
# length_2d: 428.63
# min_horiz_step: 0.209470
# status: OK
#
# Coordinates (x, y, z)
#==================================================

[-199, 98, 410]
[-199, 98, 411]
[-199, 98, 413]
[-199, 98, 414]
[-199, 98, 415]
[-199, 98, 416]
[-199, 98, 418]
[-199, 98, 419]
[-199, 98, 420]
[-199, 98, 421]
[-199, 98, 422]
[-199, 98, 424]
[-199, 98, 425]
[-199, 99, 426]
[-199, 99, 427]
[-199, 99, 429]
[-199, 99, 430]
[-199, 99, 431]
[-199, 99, 432]
[-199, 99, 433]
[-199, 99, 435]
[-199, 99, 436]
[-199, 100, 437]
[-199, 100, 438]
[-199, 100, 439]
[-199, 100, 440]
[-199, 100, 442]
[-199, 100, 443]
[-199, 101, 444]
[-199, 101, 445]
[-199, 101, 446]
[-199, 101, 447]
[-199, 101, 448]
[-198, 102, 450]
[-198, 102, 451]
[-198, 102, 452]
[-198, 102, 453]
[-198, 102, 454]
[-198, 103, 455]
[-197, 103, 456]
[-197, 103, 457]
[-197, 103, 458]
[-197, 104, 459]
[-197, 104, 460]
[-196, 104, 461]
[-196, 104, 463]
[-196, 105, 464]
[-195, 105, 465]
[-195, 105, 466]
[-195, 106, 467]
[-194, 106, 468]
[-194, 106, 469]
[-194, 107, 470]
[-193, 107, 471]
[-193, 107, 472]
[-193, 107, 473]
[-192, 108, 474]
[-192, 108, 475]
[-191, 108, 476]
[-191, 109, 476]
[-191, 109, 477]
[-190, 109, 478]
[-190, 110, 479]
[-189, 110, 480]
[-189, 111, 481]
[-188, 111, 482]
[-188, 111, 483]
[-188, 112, 484]
[-187, 112, 485]
[-187, 112, 486]
[-186, 113, 486]
[-186, 113, 487]
[-185, 114, 488]
[-185, 114, 489]
[-184, 114, 490]
[-184, 115, 491]
[-184, 115, 491]
[-183, 116, 492]
[-183, 116, 493]
[-182, 117, 494]
[-182, 117, 495]
[-182, 117, 495]
[-181, 118, 496]
[-181, 118, 497]
[-181, 119, 498]
[-180, 119, 498]
[-180, 120, 499]
[-180, 120, 500]
[-179, 121, 500]
[-179, 121, 501]
[-179, 121, 502]
[-178, 122, 503]
[-178, 122, 503]
[-178, 123, 504]
[-178, 123, 504]
[-178, 124, 505]
[-178, 124, 506]
[-177, 125, 506]
[-177, 125, 507]
[-177, 126, 508]
[-177, 126, 508]
[-177, 127, 509]
[-177, 127, 509]
[-177, 128, 510]
[-177, 128, 510]
[-178, 129, 511]
[-178, 129, 511]
[-178, 130, 512]
[-178, 130, 512]
[-178, 131, 513]
[-179, 131, 513]
[-179, 132, 514]
[-179, 132, 514]
[-180, 133, 515]
[-180, 134, 515]
[-180, 134, 516]
[-181, 135, 516]
[-181, 135, 516]
[-182, 136, 517]
[-182, 136, 517]
[-183, 137, 518]
[-184, 137, 518]
[-184, 138, 518]
[-185, 138, 519]
[-186, 139, 519]
[-187, 140, 519]
[-188, 140, 520]
[-188, 141, 520]
[-189, 141, 520]
[-190, 142, 521]
[-191, 142, 521]
[-192, 143, 521]
[-193, 144, 521]
[-194, 144, 521]
[-196, 145, 522]
[-197, 145, 522]
[-198, 146, 522]
[-199, 146, 522]
[-200, 147, 522]
[-202, 148, 523]
[-203, 148, 523]
[-204, 149, 523]
[-206, 149, 523]
[-207, 150, 523]
[-209, 151, 523]
[-210, 151, 523]
[-212, 152, 523]
[-213, 152, 524]
[-215, 153, 524]
[-217, 154, 524]
[-218, 154, 524]
[-220, 155, 524]
[-222, 155, 524]
[-223, 156, 524]
[-225, 157, 524]
[-227, 157, 524]
[-229, 158, 524]
[-231, 158, 524]
[-232, 159, 524]
[-234, 160, 523]
[-236, 160, 523]
[-238, 161, 523]
[-240, 161, 523]
[-242, 162, 523]
[-244, 163, 523]
[-246, 163, 523]
[-248, 164, 523]
[-250, 164, 523]
[-252, 165, 522]
[-254, 166, 522]
[-256, 166, 522]
[-257, 167, 522]
[-259, 167, 522]
[-261, 168, 521]
[-263, 169, 521]
[-266, 169, 521]
[-268, 170, 521]
[-270, 171, 520]
[-272, 171, 520]
[-273, 172, 520]
[-275, 172, 519]
[-277, 173, 519]
[-279, 174, 519]
[-281, 174, 518]
[-283, 175, 518]
[-285, 175, 518]
[-287, 176, 517]
[-289, 177, 517]
[-291, 177, 517]
[-293, 178, 516]
[-295, 178, 516]
[-297, 179, 515]
[-298, 180, 515]
[-300, 180, 514]
[-302, 181, 514]
[-304, 181, 514]
[-306, 182, 513]
[-307, 183, 513]
[-309, 183, 512]
[-311, 184, 512]
[-312, 184, 511]
[-314, 185, 510]
[-316, 186, 510]
[-317, 186, 509]
[-319, 187, 509]
[-320, 187, 508]
[-322, 188, 508]
[-323, 189, 507]
[-325, 189, 506]
[-326, 190, 506]
[-327, 190, 505]
[-329, 191, 505]
[-330, 192, 504]
[-331, 192, 503]
[-332, 193, 503]
[-333, 193, 502]
[-335, 194, 501]
[-336, 194, 500]
[-337, 195, 500]
[-338, 196, 499]
[-339, 196, 498]
[-340, 197, 498]
[-341, 197, 497]
[-341, 198, 496]
[-342, 198, 495]
[-343, 199, 495]
[-344, 200, 494]
[-345, 200, 493]
[-345, 201, 492]
[-346, 201, 491]
[-347, 202, 491]
[-347, 202, 490]
[-348, 203, 489]
[-348, 203, 488]
[-349, 204, 487]
[-349, 204, 486]
[-349, 205, 485]
[-350, 206, 485]
[-350, 206, 484]
[-350, 207, 483]
[-351, 207, 482]
[-351, 208, 481]
[-351, 208, 480]
[-351, 209, 479]
[-351, 209, 478]
[-352, 210, 477]
[-352, 210, 476]
[-352, 211, 475]
[-352, 211, 474]
[-352, 212, 473]
[-352, 212, 472]
[-352, 213, 471]
[-352, 213, 470]
[-351, 214, 469]
[-351, 214, 468]
[-351, 215, 467]
[-351, 215, 466]
[-351, 216, 465]
[-351, 216, 464]
[-350, 217, 463]
[-350, 217, 462]
[-350, 217, 461]
[-349, 218, 460]
[-349, 218, 459]
[-349, 219, 458]
[-348, 219, 457]
[-348, 220, 455]
[-348, 220, 454]
[-347, 221, 453]
[-347, 221, 452]
[-347, 221, 451]
[-346, 222, 450]
[-346, 222, 449]
[-345, 223, 448]
[-345, 223, 446]
[-345, 224, 445]
[-344, 224, 444]
[-344, 224, 443]
[-343, 225, 442]
[-343, 225, 441]
[-342, 226, 439]
[-342, 226, 438]
[-341, 226, 437]
[-341, 227, 436]
[-341, 227, 435]
[-340, 227, 433]
[-340, 228, 432]
[-339, 228, 431]
[-339, 229, 430]
[-338, 229, 429]
[-338, 229, 427]
[-338, 230, 426]
[-337, 230, 425]
[-337, 230, 424]
[-336, 231, 422]
[-336, 231, 421]
[-336, 231, 420]
[-335, 231, 419]
[-335, 232, 417]
[-335, 232, 416]
[-334, 232, 415]
[-334, 233, 414]
[-334, 233, 412]
[-333, 233, 411]
[-333, 234, 410]
[-333, 234, 409]
[-332, 234, 407]
[-332, 234, 406]
[-332, 235, 405]
[-332, 235, 403]
[-332, 235, 402]
[-331, 235, 401]
[-331, 236, 400]
[-331, 236, 398]
[-331, 236, 397]
[-331, 236, 396]
[-331, 236, 394]
[-330, 237, 393]
[-330, 237, 392]
[-330, 237, 391]
[-330, 237, 389]
[-330, 237, 388]
[-330, 238, 387]
[-330, 238, 385]
[-330, 238, 384]
[-330, 238, 383]
[-330, 238, 382]
[-330, 238, 380]
[-330, 239, 379]
[-330, 239, 378]
[-330, 239, 376]
[-330, 239, 375]
[-330, 239, 374]
[-330, 239, 372]
[-330, 239, 371]
[-330, 239, 370]
[-330, 239, 369]
[-330, 240, 367]
[-330, 240, 366]
[-330, 240, 365]
[-330, 240, 363]
[-330, 240, 362]
[-330, 240, 361]
[-330, 240, 360]
[-330, 240, 358]
[-330, 240, 357]
[-330, 240, 356]
[-330, 240, 355]
[-330, 240, 353]
[-330, 240, 352]
