# Curve Parameters
# y_end: 224
# loops: 1
# A (south bulge): 120
# B (lateral wiggle): 10
# samples: 350
#
# Analysis Results
# max_grade: 0.825058
# length_3d: 340.14
# length_2d: 308.06
# min_horiz_step: 0.230196
# status: OK
#
# Coordinates (x, y, z)
#==================================================

[-199, 98, 410]
[-199, 98, 411]
[-199, 98, 412]
[-199, 98, 413]
[-199, 98, 414]
[-199, 98, 415]
[-199, 98, 416]
[-199, 98, 417]
[-199, 98, 419]
[-199, 98, 420]
[-199, 98, 421]
[-199, 98, 422]
[-199, 98, 423]
[-200, 99, 424]
[-200, 99, 425]
[-200, 99, 426]
[-200, 99, 427]
[-200, 99, 428]
[-200, 99, 429]
[-200, 99, 430]
[-200, 99, 431]
[-200, 99, 432]
[-200, 99, 433]
[-200, 100, 434]
[-201, 100, 435]
[-201, 100, 436]
[-201, 100, 437]
[-201, 100, 438]
[-201, 100, 439]
[-201, 100, 440]
[-201, 101, 441]
[-202, 101, 442]
[-202, 101, 443]
[-202, 101, 444]
[-202, 101, 445]
[-202, 102, 446]
[-202, 102, 446]
[-202, 102, 447]
[-203, 102, 448]
[-203, 102, 449]
[-203, 103, 450]
[-203, 103, 451]
[-203, 103, 452]
[-203, 103, 453]
[-204, 104, 454]
[-204, 104, 455]
[-204, 104, 456]
[-204, 104, 456]
[-204, 104, 457]
[-205, 105, 458]
[-205, 105, 459]
[-205, 105, 460]
[-205, 106, 461]
[-205, 106, 461]
[-206, 106, 462]
[-206, 106, 463]
[-206, 107, 464]
[-206, 107, 465]
[-207, 107, 466]
[-207, 108, 466]
[-207, 108, 467]
[-207, 108, 468]
[-207, 109, 469]
[-208, 109, 469]
[-208, 109, 470]
[-208, 109, 471]
[-208, 110, 472]
[-209, 110, 472]
[-209, 110, 473]
[-209, 111, 474]
[-209, 111, 475]
[-210, 112, 475]
[-210, 112, 476]
[-210, 112, 477]
[-210, 113, 477]
[-211, 113, 478]
[-211, 113, 479]
[-211, 114, 479]
[-212, 114, 480]
[-212, 114, 481]
[-212, 115, 481]
[-212, 115, 482]
[-213, 116, 483]
[-213, 116, 483]
[-213, 116, 484]
[-214, 117, 484]
[-214, 117, 485]
[-214, 118, 486]
[-215, 118, 486]
[-215, 118, 487]
[-215, 119, 487]
[-216, 119, 488]
[-216, 120, 488]
[-216, 120, 489]
[-217, 120, 489]
[-217, 121, 490]
[-218, 121, 491]
[-218, 122, 491]
[-218, 122, 492]
[-219, 123, 492]
[-219, 123, 492]
[-220, 124, 493]
[-220, 124, 493]
[-220, 124, 494]
[-221, 125, 494]
[-221, 125, 495]
[-222, 126, 495]
[-222, 126, 496]
[-223, 127, 496]
[-223, 127, 496]
[-223, 128, 497]
[-224, 128, 497]
[-224, 129, 497]
[-225, 129, 498]
[-225, 130, 498]
[-226, 130, 498]
[-226, 131, 499]
[-227, 131, 499]
[-227, 131, 499]
[-228, 132, 500]
[-228, 132, 500]
[-229, 133, 500]
[-229, 133, 501]
[-230, 134, 501]
[-230, 134, 501]
[-231, 135, 501]
[-232, 135, 502]
[-232, 136, 502]
[-233, 136, 502]
[-233, 137, 502]
[-234, 137, 502]
[-234, 138, 503]
[-235, 138, 503]
[-236, 139, 503]
[-236, 139, 503]
[-237, 140, 503]
[-238, 140, 503]
[-238, 141, 503]
[-239, 142, 504]
[-239, 142, 504]
[-240, 143, 504]
[-241, 143, 504]
[-241, 144, 504]
[-242, 144, 504]
[-243, 145, 504]
[-243, 145, 504]
[-244, 146, 504]
[-245, 146, 504]
[-245, 147, 504]
[-246, 147, 504]
[-247, 148, 504]
[-247, 148, 504]
[-248, 149, 504]
[-249, 149, 504]
[-250, 150, 504]
[-250, 150, 504]
[-251, 151, 504]
[-252, 152, 504]
[-252, 152, 504]
[-253, 153, 504]
[-254, 153, 504]
[-255, 154, 503]
[-255, 154, 503]
[-256, 155, 503]
[-257, 155, 503]
[-257, 156, 503]
[-258, 156, 503]
[-259, 157, 503]
[-260, 157, 502]
[-260, 158, 502]
[-261, 159, 502]
[-262, 159, 502]
[-263, 160, 502]
[-263, 160, 501]
[-264, 161, 501]
[-265, 161, 501]
[-266, 162, 501]
[-266, 162, 500]
[-267, 163, 500]
[-268, 163, 500]
[-269, 164, 499]
[-269, 165, 499]
[-270, 165, 499]
[-271, 166, 499]
[-272, 166, 498]
[-272, 167, 498]
[-273, 167, 497]
[-274, 168, 497]
[-274, 168, 497]
[-275, 169, 496]
[-276, 169, 496]
[-277, 170, 496]
[-277, 170, 495]
[-278, 171, 495]
[-279, 172, 494]
[-279, 172, 494]
[-280, 173, 493]
[-281, 173, 493]
[-282, 174, 493]
[-282, 174, 492]
[-283, 175, 492]
[-284, 175, 491]
[-284, 176, 491]
[-285, 176, 490]
[-286, 177, 490]
[-286, 177, 489]
[-287, 178, 488]
[-288, 178, 488]
[-288, 179, 487]
[-289, 179, 487]
[-290, 180, 486]
[-290, 180, 486]
[-291, 181, 485]
[-291, 182, 484]
[-292, 182, 484]
[-293, 183, 483]
[-293, 183, 483]
[-294, 184, 482]
[-295, 184, 481]
[-295, 185, 481]
[-296, 185, 480]
[-296, 186, 479]
[-297, 186, 479]
[-297, 187, 478]
[-298, 187, 477]
[-299, 188, 477]
[-299, 188, 476]
[-300, 189, 475]
[-300, 189, 474]
[-301, 190, 474]
[-301, 190, 473]
[-302, 191, 472]
[-302, 191, 471]
[-303, 191, 471]
[-303, 192, 470]
[-304, 192, 469]
[-304, 193, 468]
[-305, 193, 468]
[-305, 194, 467]
[-306, 194, 466]
[-306, 195, 465]
[-306, 195, 464]
[-307, 196, 464]
[-307, 196, 463]
[-308, 197, 462]
[-308, 197, 461]
[-309, 198, 460]
[-309, 198, 459]
[-309, 198, 458]
[-310, 199, 458]
[-310, 199, 457]
[-311, 200, 456]
[-311, 200, 455]
[-311, 201, 454]
[-312, 201, 453]
[-312, 202, 452]
[-313, 202, 451]
[-313, 202, 450]
[-313, 203, 449]
[-314, 203, 449]
[-314, 204, 448]
[-314, 204, 447]
[-315, 204, 446]
[-315, 205, 445]
[-315, 205, 444]
[-316, 206, 443]
[-316, 206, 442]
[-316, 206, 441]
[-317, 207, 440]
[-317, 207, 439]
[-317, 208, 438]
[-317, 208, 437]
[-318, 208, 436]
[-318, 209, 435]
[-318, 209, 434]
[-319, 209, 433]
[-319, 210, 432]
[-319, 210, 431]
[-319, 210, 430]
[-320, 211, 429]
[-320, 211, 428]
[-320, 212, 427]
[-320, 212, 426]
[-321, 212, 425]
[-321, 213, 424]
[-321, 213, 423]
[-321, 213, 421]
[-322, 213, 420]
[-322, 214, 419]
[-322, 214, 418]
[-322, 214, 417]
[-322, 215, 416]
[-323, 215, 415]
[-323, 215, 414]
[-323, 216, 413]
[-323, 216, 412]
[-324, 216, 411]
[-324, 216, 410]
[-324, 217, 409]
[-324, 217, 407]
[-324, 217, 406]
[-325, 218, 405]
[-325, 218, 404]
[-325, 218, 403]
[-325, 218, 402]
[-325, 218, 401]
[-326, 219, 400]
[-326, 219, 399]
[-326, 219, 398]
[-326, 219, 396]
[-326, 220, 395]
[-326, 220, 394]
[-327, 220, 393]
[-327, 220, 392]
[-327, 220, 391]
[-327, 221, 390]
[-327, 221, 389]
[-327, 221, 387]
[-327, 221, 386]
[-328, 221, 385]
[-328, 222, 384]
[-328, 222, 383]
[-328, 222, 382]
[-328, 222, 381]
[-328, 222, 380]
[-328, 222, 379]
[-329, 222, 377]
[-329, 223, 376]
[-329, 223, 375]
[-329, 223, 374]
[-329, 223, 373]
[-329, 223, 372]
[-329, 223, 371]
[-329, 223, 370]
[-329, 223, 368]
[-329, 223, 367]
[-329, 223, 366]
[-330, 224, 365]
[-330, 224, 364]
[-330, 224, 363]
[-330, 224, 362]
[-330, 224, 361]
[-330, 224, 360]
[-330, 224, 359]
[-330, 224, 357]
[-330, 224, 356]
[-330, 224, 355]
[-330, 224, 354]
[-330, 224, 353]
[-330, 224, 352]
