# Curve Parameters
# y_end: 226
# loops: 1
# A (south bulge): 100
# B (lateral wiggle): 30
# samples: 350
#
# Analysis Results
# max_grade: 0.997574
# length_3d: 323.05
# length_2d: 290.43
# min_horiz_step: 0.175012
# status: OK
#
# Coordinates (x, y, z)
#==================================================

[-199, 98, 410]
[-199, 98, 411]
[-199, 98, 412]
[-199, 98, 413]
[-199, 98, 414]
[-199, 98, 414]
[-199, 98, 415]
[-199, 98, 416]
[-199, 98, 417]
[-199, 98, 418]
[-199, 98, 419]
[-199, 98, 420]
[-199, 98, 421]
[-199, 99, 421]
[-199, 99, 422]
[-200, 99, 423]
[-200, 99, 424]
[-200, 99, 425]
[-200, 99, 426]
[-200, 99, 427]
[-200, 99, 427]
[-200, 99, 428]
[-200, 99, 429]
[-200, 100, 430]
[-200, 100, 431]
[-200, 100, 431]
[-200, 100, 432]
[-200, 100, 433]
[-200, 100, 434]
[-201, 101, 435]
[-201, 101, 435]
[-201, 101, 436]
[-201, 101, 437]
[-201, 101, 438]
[-201, 101, 439]
[-201, 102, 439]
[-201, 102, 440]
[-201, 102, 441]
[-201, 102, 442]
[-201, 102, 442]
[-201, 103, 443]
[-201, 103, 444]
[-201, 103, 445]
[-201, 103, 445]
[-202, 104, 446]
[-202, 104, 447]
[-202, 104, 447]
[-202, 104, 448]
[-202, 105, 449]
[-202, 105, 450]
[-202, 105, 450]
[-202, 105, 451]
[-202, 106, 452]
[-202, 106, 452]
[-202, 106, 453]
[-202, 107, 454]
[-202, 107, 454]
[-202, 107, 455]
[-202, 107, 456]
[-202, 108, 456]
[-202, 108, 457]
[-202, 108, 457]
[-202, 109, 458]
[-202, 109, 459]
[-202, 109, 459]
[-203, 110, 460]
[-203, 110, 461]
[-203, 110, 461]
[-203, 111, 462]
[-203, 111, 462]
[-203, 111, 463]
[-203, 112, 463]
[-203, 112, 464]
[-203, 112, 465]
[-203, 113, 465]
[-203, 113, 466]
[-203, 114, 466]
[-203, 114, 467]
[-203, 114, 467]
[-203, 115, 468]
[-204, 115, 468]
[-204, 115, 469]
[-204, 116, 469]
[-204, 116, 470]
[-204, 117, 470]
[-204, 117, 471]
[-204, 117, 471]
[-204, 118, 472]
[-205, 118, 472]
[-205, 119, 472]
[-205, 119, 473]
[-205, 120, 473]
[-205, 120, 474]
[-205, 120, 474]
[-206, 121, 475]
[-206, 121, 475]
[-206, 122, 475]
[-206, 122, 476]
[-207, 123, 476]
[-207, 123, 476]
[-207, 124, 477]
[-207, 124, 477]
[-208, 124, 477]
[-208, 125, 478]
[-208, 125, 478]
[-209, 126, 478]
[-209, 126, 479]
[-209, 127, 479]
[-210, 127, 479]
[-210, 128, 480]
[-211, 128, 480]
[-211, 129, 480]
[-211, 129, 481]
[-212, 130, 481]
[-212, 130, 481]
[-213, 131, 481]
[-213, 131, 481]
[-214, 132, 482]
[-214, 132, 482]
[-215, 132, 482]
[-215, 133, 482]
[-216, 133, 483]
[-217, 134, 483]
[-217, 134, 483]
[-218, 135, 483]
[-218, 135, 483]
[-219, 136, 483]
[-220, 137, 484]
[-220, 137, 484]
[-221, 138, 484]
[-222, 138, 484]
[-222, 139, 484]
[-223, 139, 484]
[-224, 140, 484]
[-225, 140, 484]
[-225, 141, 484]
[-226, 141, 484]
[-227, 142, 485]
[-228, 142, 485]
[-229, 143, 485]
[-230, 143, 485]
[-230, 144, 485]
[-231, 144, 485]
[-232, 145, 485]
[-233, 145, 485]
[-234, 146, 485]
[-235, 146, 485]
[-236, 147, 485]
[-237, 148, 485]
[-238, 148, 485]
[-239, 149, 485]
[-240, 149, 485]
[-241, 150, 485]
[-242, 150, 484]
[-243, 151, 484]
[-244, 151, 484]
[-245, 152, 484]
[-246, 152, 484]
[-247, 153, 484]
[-248, 153, 484]
[-249, 154, 484]
[-250, 155, 484]
[-251, 155, 483]
[-252, 156, 483]
[-253, 156, 483]
[-254, 157, 483]
[-255, 157, 483]
[-256, 158, 483]
[-257, 158, 482]
[-258, 159, 482]
[-260, 160, 482]
[-261, 160, 482]
[-262, 161, 482]
[-263, 161, 481]
[-264, 162, 481]
[-265, 162, 481]
[-266, 163, 481]
[-267, 163, 480]
[-268, 164, 480]
[-269, 164, 480]
[-271, 165, 480]
[-272, 166, 479]
[-273, 166, 479]
[-274, 167, 479]
[-275, 167, 478]
[-276, 168, 478]
[-277, 168, 478]
[-278, 169, 477]
[-279, 169, 477]
[-280, 170, 477]
[-281, 171, 476]
[-282, 171, 476]
[-283, 172, 475]
[-284, 172, 475]
[-285, 173, 475]
[-286, 173, 474]
[-287, 174, 474]
[-288, 174, 473]
[-289, 175, 473]
[-290, 175, 473]
[-291, 176, 472]
[-292, 176, 472]
[-293, 177, 471]
[-294, 178, 471]
[-295, 178, 470]
[-296, 179, 470]
[-297, 179, 469]
[-298, 180, 469]
[-299, 180, 468]
[-299, 181, 468]
[-300, 181, 467]
[-301, 182, 467]
[-302, 182, 466]
[-303, 183, 466]
[-304, 183, 465]
[-304, 184, 465]
[-305, 184, 464]
[-306, 185, 463]
[-307, 185, 463]
[-307, 186, 462]
[-308, 186, 462]
[-309, 187, 461]
[-309, 187, 460]
[-310, 188, 460]
[-311, 189, 459]
[-311, 189, 459]
[-312, 190, 458]
[-312, 190, 457]
[-313, 191, 457]
[-314, 191, 456]
[-314, 192, 455]
[-315, 192, 455]
[-315, 192, 454]
[-316, 193, 453]
[-316, 193, 453]
[-317, 194, 452]
[-317, 194, 451]
[-318, 195, 451]
[-318, 195, 450]
[-318, 196, 449]
[-319, 196, 449]
[-319, 197, 448]
[-320, 197, 447]
[-320, 198, 446]
[-320, 198, 446]
[-321, 199, 445]
[-321, 199, 444]
[-321, 200, 443]
[-322, 200, 443]
[-322, 200, 442]
[-322, 201, 441]
[-322, 201, 440]
[-323, 202, 440]
[-323, 202, 439]
[-323, 203, 438]
[-323, 203, 437]
[-324, 204, 436]
[-324, 204, 436]
[-324, 204, 435]
[-324, 205, 434]
[-324, 205, 433]
[-324, 206, 432]
[-325, 206, 432]
[-325, 207, 431]
[-325, 207, 430]
[-325, 207, 429]
[-325, 208, 428]
[-325, 208, 427]
[-325, 209, 427]
[-325, 209, 426]
[-326, 209, 425]
[-326, 210, 424]
[-326, 210, 423]
[-326, 210, 422]
[-326, 211, 421]
[-326, 211, 421]
[-326, 212, 420]
[-326, 212, 419]
[-326, 212, 418]
[-326, 213, 417]
[-326, 213, 416]
[-326, 213, 415]
[-326, 214, 414]
[-326, 214, 413]
[-326, 214, 413]
[-327, 215, 412]
[-327, 215, 411]
[-327, 215, 410]
[-327, 216, 409]
[-327, 216, 408]
[-327, 216, 407]
[-327, 217, 406]
[-327, 217, 405]
[-327, 217, 404]
[-327, 217, 403]
[-327, 218, 402]
[-327, 218, 402]
[-327, 218, 401]
[-327, 219, 400]
[-327, 219, 399]
[-327, 219, 398]
[-327, 219, 397]
[-327, 220, 396]
[-327, 220, 395]
[-327, 220, 394]
[-327, 220, 393]
[-328, 221, 392]
[-328, 221, 391]
[-328, 221, 390]
[-328, 221, 389]
[-328, 222, 388]
[-328, 222, 387]
[-328, 222, 387]
[-328, 222, 386]
[-328, 222, 385]
[-328, 223, 384]
[-328, 223, 383]
[-328, 223, 382]
[-328, 223, 381]
[-328, 223, 380]
[-328, 223, 379]
[-329, 224, 378]
[-329, 224, 377]
[-329, 224, 376]
[-329, 224, 375]
[-329, 224, 374]
[-329, 224, 373]
[-329, 225, 372]
[-329, 225, 371]
[-329, 225, 370]
[-329, 225, 370]
[-329, 225, 369]
[-329, 225, 368]
[-329, 225, 367]
[-329, 225, 366]
[-330, 225, 365]
[-330, 225, 364]
[-330, 226, 363]
[-330, 226, 362]
[-330, 226, 361]
[-330, 226, 360]
[-330, 226, 359]
[-330, 226, 358]
[-330, 226, 357]
[-330, 226, 357]
[-330, 226, 356]
[-330, 226, 355]
[-330, 226, 354]
[-330, 226, 353]
[-330, 226, 352]
