# Curve Parameters
# y_end: 222
# loops: 1
# A (south bulge): 140
# B (lateral wiggle): 20
# samples: 350
#
# Analysis Results
# max_grade: 0.735978
# length_3d: 380.19
# length_2d: 352.40
# min_horiz_step: 0.249812
# status: OK
#
# Coordinates (x, y, z)
#==================================================

[-199, 98, 410]
[-199, 98, 411]
[-199, 98, 413]
[-199, 98, 414]
[-199, 98, 415]
[-199, 98, 416]
[-199, 98, 418]
[-199, 98, 419]
[-199, 98, 420]
[-199, 98, 421]
[-199, 98, 422]
[-199, 98, 424]
[-199, 98, 425]
[-199, 99, 426]
[-200, 99, 427]
[-200, 99, 429]
[-200, 99, 430]
[-200, 99, 431]
[-200, 99, 432]
[-200, 99, 433]
[-200, 99, 435]
[-200, 99, 436]
[-200, 99, 437]
[-200, 100, 438]
[-200, 100, 439]
[-200, 100, 440]
[-201, 100, 442]
[-201, 100, 443]
[-201, 100, 444]
[-201, 100, 445]
[-201, 101, 446]
[-201, 101, 447]
[-201, 101, 448]
[-201, 101, 450]
[-201, 101, 451]
[-202, 101, 452]
[-202, 102, 453]
[-202, 102, 454]
[-202, 102, 455]
[-202, 102, 456]
[-202, 103, 457]
[-202, 103, 458]
[-202, 103, 459]
[-202, 103, 460]
[-203, 103, 461]
[-203, 104, 463]
[-203, 104, 464]
[-203, 104, 465]
[-203, 104, 466]
[-203, 105, 467]
[-203, 105, 468]
[-203, 105, 469]
[-204, 105, 470]
[-204, 106, 471]
[-204, 106, 472]
[-204, 106, 473]
[-204, 107, 474]
[-204, 107, 475]
[-204, 107, 476]
[-204, 107, 476]
[-205, 108, 477]
[-205, 108, 478]
[-205, 108, 479]
[-205, 109, 480]
[-205, 109, 481]
[-205, 109, 482]
[-205, 110, 483]
[-206, 110, 484]
[-206, 110, 485]
[-206, 111, 486]
[-206, 111, 486]
[-206, 111, 487]
[-206, 112, 488]
[-207, 112, 489]
[-207, 112, 490]
[-207, 113, 491]
[-207, 113, 491]
[-207, 113, 492]
[-207, 114, 493]
[-208, 114, 494]
[-208, 115, 495]
[-208, 115, 495]
[-208, 115, 496]
[-208, 116, 497]
[-209, 116, 498]
[-209, 116, 498]
[-209, 117, 499]
[-209, 117, 500]
[-210, 118, 500]
[-210, 118, 501]
[-210, 118, 502]
[-210, 119, 503]
[-211, 119, 503]
[-211, 120, 504]
[-211, 120, 504]
[-212, 121, 505]
[-212, 121, 506]
[-212, 121, 506]
[-212, 122, 507]
[-213, 122, 508]
[-213, 123, 508]
[-213, 123, 509]
[-214, 124, 509]
[-214, 124, 510]
[-215, 124, 510]
[-215, 125, 511]
[-215, 125, 511]
[-216, 126, 512]
[-216, 126, 512]
[-217, 127, 513]
[-217, 127, 513]
[-217, 128, 514]
[-218, 128, 514]
[-218, 129, 515]
[-219, 129, 515]
[-219, 130, 516]
[-220, 130, 516]
[-220, 130, 516]
[-221, 131, 517]
[-221, 131, 517]
[-222, 132, 518]
[-222, 132, 518]
[-223, 133, 518]
[-224, 133, 519]
[-224, 134, 519]
[-225, 134, 519]
[-225, 135, 520]
[-226, 135, 520]
[-227, 136, 520]
[-227, 136, 521]
[-228, 137, 521]
[-228, 137, 521]
[-229, 138, 521]
[-230, 138, 521]
[-230, 139, 522]
[-231, 139, 522]
[-232, 140, 522]
[-233, 140, 522]
[-233, 141, 522]
[-234, 141, 523]
[-235, 142, 523]
[-236, 142, 523]
[-236, 143, 523]
[-237, 143, 523]
[-238, 144, 523]
[-239, 144, 523]
[-239, 145, 523]
[-240, 145, 524]
[-241, 146, 524]
[-242, 147, 524]
[-243, 147, 524]
[-243, 148, 524]
[-244, 148, 524]
[-245, 149, 524]
[-246, 149, 524]
[-247, 150, 524]
[-248, 150, 524]
[-249, 151, 524]
[-250, 151, 524]
[-250, 152, 523]
[-251, 152, 523]
[-252, 153, 523]
[-253, 153, 523]
[-254, 154, 523]
[-255, 154, 523]
[-256, 155, 523]
[-257, 155, 523]
[-258, 156, 523]
[-259, 157, 522]
[-259, 157, 522]
[-260, 158, 522]
[-261, 158, 522]
[-262, 159, 522]
[-263, 159, 521]
[-264, 160, 521]
[-265, 160, 521]
[-266, 161, 521]
[-267, 161, 520]
[-268, 162, 520]
[-269, 162, 520]
[-270, 163, 519]
[-270, 163, 519]
[-271, 164, 519]
[-272, 165, 518]
[-273, 165, 518]
[-274, 166, 518]
[-275, 166, 517]
[-276, 167, 517]
[-277, 167, 517]
[-278, 168, 516]
[-279, 168, 516]
[-279, 169, 515]
[-280, 169, 515]
[-281, 170, 514]
[-282, 170, 514]
[-283, 171, 514]
[-284, 171, 513]
[-285, 172, 513]
[-286, 172, 512]
[-286, 173, 512]
[-287, 173, 511]
[-288, 174, 510]
[-289, 175, 510]
[-290, 175, 509]
[-290, 176, 509]
[-291, 176, 508]
[-292, 177, 508]
[-293, 177, 507]
[-293, 178, 506]
[-294, 178, 506]
[-295, 179, 505]
[-296, 179, 505]
[-296, 180, 504]
[-297, 180, 503]
[-298, 181, 503]
[-299, 181, 502]
[-299, 182, 501]
[-300, 182, 500]
[-301, 183, 500]
[-301, 183, 499]
[-302, 184, 498]
[-302, 184, 498]
[-303, 185, 497]
[-304, 185, 496]
[-304, 186, 495]
[-305, 186, 495]
[-305, 187, 494]
[-306, 187, 493]
[-307, 188, 492]
[-307, 188, 491]
[-308, 189, 491]
[-308, 189, 490]
[-309, 190, 489]
[-309, 190, 488]
[-310, 190, 487]
[-310, 191, 486]
[-311, 191, 485]
[-311, 192, 485]
[-312, 192, 484]
[-312, 193, 483]
[-312, 193, 482]
[-313, 194, 481]
[-313, 194, 480]
[-314, 195, 479]
[-314, 195, 478]
[-314, 196, 477]
[-315, 196, 476]
[-315, 196, 475]
[-316, 197, 474]
[-316, 197, 473]
[-316, 198, 472]
[-317, 198, 471]
[-317, 199, 470]
[-317, 199, 469]
[-317, 199, 468]
[-318, 200, 467]
[-318, 200, 466]
[-318, 201, 465]
[-319, 201, 464]
[-319, 202, 463]
[-319, 202, 462]
[-319, 202, 461]
[-320, 203, 460]
[-320, 203, 459]
[-320, 204, 458]
[-320, 204, 457]
[-321, 204, 455]
[-321, 205, 454]
[-321, 205, 453]
[-321, 205, 452]
[-321, 206, 451]
[-322, 206, 450]
[-322, 207, 449]
[-322, 207, 448]
[-322, 207, 446]
[-322, 208, 445]
[-322, 208, 444]
[-323, 208, 443]
[-323, 209, 442]
[-323, 209, 441]
[-323, 209, 439]
[-323, 210, 438]
[-323, 210, 437]
[-324, 210, 436]
[-324, 211, 435]
[-324, 211, 433]
[-324, 211, 432]
[-324, 212, 431]
[-324, 212, 430]
[-324, 212, 429]
[-325, 213, 427]
[-325, 213, 426]
[-325, 213, 425]
[-325, 213, 424]
[-325, 214, 422]
[-325, 214, 421]
[-325, 214, 420]
[-325, 215, 419]
[-326, 215, 417]
[-326, 215, 416]
[-326, 215, 415]
[-326, 216, 414]
[-326, 216, 412]
[-326, 216, 411]
[-326, 216, 410]
[-326, 217, 409]
[-327, 217, 407]
[-327, 217, 406]
[-327, 217, 405]
[-327, 217, 403]
[-327, 218, 402]
[-327, 218, 401]
[-327, 218, 400]
[-327, 218, 398]
[-327, 219, 397]
[-328, 219, 396]
[-328, 219, 394]
[-328, 219, 393]
[-328, 219, 392]
[-328, 219, 391]
[-328, 220, 389]
[-328, 220, 388]
[-328, 220, 387]
[-328, 220, 385]
[-329, 220, 384]
[-329, 220, 383]
[-329, 220, 382]
[-329, 221, 380]
[-329, 221, 379]
[-329, 221, 378]
[-329, 221, 376]
[-329, 221, 375]
[-329, 221, 374]
[-329, 221, 372]
[-329, 221, 371]
[-329, 221, 370]
[-330, 221, 369]
[-330, 222, 367]
[-330, 222, 366]
[-330, 222, 365]
[-330, 222, 363]
[-330, 222, 362]
[-330, 222, 361]
[-330, 222, 360]
[-330, 222, 358]
[-330, 222, 357]
[-330, 222, 356]
[-330, 222, 355]
[-330, 222, 353]
[-330, 222, 352]
