# Curve Parameters
# y_end: 240
# loops: 1
# A (south bulge): 140
# B (lateral wiggle): 20
# samples: 350
#
# Analysis Results
# max_grade: 0.842814
# length_3d: 388.18
# length_2d: 352.40
# min_horiz_step: 0.249812
# status: OK
#
# Coordinates (x, y, z)
#==================================================

[-199, 98, 410]
[-199, 98, 411]
[-199, 98, 413]
[-199, 98, 414]
[-199, 98, 415]
[-199, 98, 416]
[-199, 98, 418]
[-199, 98, 419]
[-199, 98, 420]
[-199, 98, 421]
[-199, 98, 422]
[-199, 98, 424]
[-199, 98, 425]
[-199, 99, 426]
[-200, 99, 427]
[-200, 99, 429]
[-200, 99, 430]
[-200, 99, 431]
[-200, 99, 432]
[-200, 99, 433]
[-200, 99, 435]
[-200, 99, 436]
[-200, 100, 437]
[-200, 100, 438]
[-200, 100, 439]
[-200, 100, 440]
[-201, 100, 442]
[-201, 100, 443]
[-201, 101, 444]
[-201, 101, 445]
[-201, 101, 446]
[-201, 101, 447]
[-201, 101, 448]
[-201, 102, 450]
[-201, 102, 451]
[-202, 102, 452]
[-202, 102, 453]
[-202, 102, 454]
[-202, 103, 455]
[-202, 103, 456]
[-202, 103, 457]
[-202, 103, 458]
[-202, 104, 459]
[-202, 104, 460]
[-203, 104, 461]
[-203, 104, 463]
[-203, 105, 464]
[-203, 105, 465]
[-203, 105, 466]
[-203, 106, 467]
[-203, 106, 468]
[-203, 106, 469]
[-204, 107, 470]
[-204, 107, 471]
[-204, 107, 472]
[-204, 107, 473]
[-204, 108, 474]
[-204, 108, 475]
[-204, 108, 476]
[-204, 109, 476]
[-205, 109, 477]
[-205, 109, 478]
[-205, 110, 479]
[-205, 110, 480]
[-205, 111, 481]
[-205, 111, 482]
[-205, 111, 483]
[-206, 112, 484]
[-206, 112, 485]
[-206, 112, 486]
[-206, 113, 486]
[-206, 113, 487]
[-206, 114, 488]
[-207, 114, 489]
[-207, 114, 490]
[-207, 115, 491]
[-207, 115, 491]
[-207, 116, 492]
[-207, 116, 493]
[-208, 117, 494]
[-208, 117, 495]
[-208, 117, 495]
[-208, 118, 496]
[-208, 118, 497]
[-209, 119, 498]
[-209, 119, 498]
[-209, 120, 499]
[-209, 120, 500]
[-210, 121, 500]
[-210, 121, 501]
[-210, 121, 502]
[-210, 122, 503]
[-211, 122, 503]
[-211, 123, 504]
[-211, 123, 504]
[-212, 124, 505]
[-212, 124, 506]
[-212, 125, 506]
[-212, 125, 507]
[-213, 126, 508]
[-213, 126, 508]
[-213, 127, 509]
[-214, 127, 509]
[-214, 128, 510]
[-215, 128, 510]
[-215, 129, 511]
[-215, 129, 511]
[-216, 130, 512]
[-216, 130, 512]
[-217, 131, 513]
[-217, 131, 513]
[-217, 132, 514]
[-218, 132, 514]
[-218, 133, 515]
[-219, 134, 515]
[-219, 134, 516]
[-220, 135, 516]
[-220, 135, 516]
[-221, 136, 517]
[-221, 136, 517]
[-222, 137, 518]
[-222, 137, 518]
[-223, 138, 518]
[-224, 138, 519]
[-224, 139, 519]
[-225, 140, 519]
[-225, 140, 520]
[-226, 141, 520]
[-227, 141, 520]
[-227, 142, 521]
[-228, 142, 521]
[-228, 143, 521]
[-229, 144, 521]
[-230, 144, 521]
[-230, 145, 522]
[-231, 145, 522]
[-232, 146, 522]
[-233, 146, 522]
[-233, 147, 522]
[-234, 148, 523]
[-235, 148, 523]
[-236, 149, 523]
[-236, 149, 523]
[-237, 150, 523]
[-238, 151, 523]
[-239, 151, 523]
[-239, 152, 523]
[-240, 152, 524]
[-241, 153, 524]
[-242, 154, 524]
[-243, 154, 524]
[-243, 155, 524]
[-244, 155, 524]
[-245, 156, 524]
[-246, 157, 524]
[-247, 157, 524]
[-248, 158, 524]
[-249, 158, 524]
[-250, 159, 524]
[-250, 160, 523]
[-251, 160, 523]
[-252, 161, 523]
[-253, 161, 523]
[-254, 162, 523]
[-255, 163, 523]
[-256, 163, 523]
[-257, 164, 523]
[-258, 164, 523]
[-259, 165, 522]
[-259, 166, 522]
[-260, 166, 522]
[-261, 167, 522]
[-262, 167, 522]
[-263, 168, 521]
[-264, 169, 521]
[-265, 169, 521]
[-266, 170, 521]
[-267, 171, 520]
[-268, 171, 520]
[-269, 172, 520]
[-270, 172, 519]
[-270, 173, 519]
[-271, 174, 519]
[-272, 174, 518]
[-273, 175, 518]
[-274, 175, 518]
[-275, 176, 517]
[-276, 177, 517]
[-277, 177, 517]
[-278, 178, 516]
[-279, 178, 516]
[-279, 179, 515]
[-280, 180, 515]
[-281, 180, 514]
[-282, 181, 514]
[-283, 181, 514]
[-284, 182, 513]
[-285, 183, 513]
[-286, 183, 512]
[-286, 184, 512]
[-287, 184, 511]
[-288, 185, 510]
[-289, 186, 510]
[-290, 186, 509]
[-290, 187, 509]
[-291, 187, 508]
[-292, 188, 508]
[-293, 189, 507]
[-293, 189, 506]
[-294, 190, 506]
[-295, 190, 505]
[-296, 191, 505]
[-296, 192, 504]
[-297, 192, 503]
[-298, 193, 503]
[-299, 193, 502]
[-299, 194, 501]
[-300, 194, 500]
[-301, 195, 500]
[-301, 196, 499]
[-302, 196, 498]
[-302, 197, 498]
[-303, 197, 497]
[-304, 198, 496]
[-304, 198, 495]
[-305, 199, 495]
[-305, 200, 494]
[-306, 200, 493]
[-307, 201, 492]
[-307, 201, 491]
[-308, 202, 491]
[-308, 202, 490]
[-309, 203, 489]
[-309, 203, 488]
[-310, 204, 487]
[-310, 204, 486]
[-311, 205, 485]
[-311, 206, 485]
[-312, 206, 484]
[-312, 207, 483]
[-312, 207, 482]
[-313, 208, 481]
[-313, 208, 480]
[-314, 209, 479]
[-314, 209, 478]
[-314, 210, 477]
[-315, 210, 476]
[-315, 211, 475]
[-316, 211, 474]
[-316, 212, 473]
[-316, 212, 472]
[-317, 213, 471]
[-317, 213, 470]
[-317, 214, 469]
[-317, 214, 468]
[-318, 215, 467]
[-318, 215, 466]
[-318, 216, 465]
[-319, 216, 464]
[-319, 217, 463]
[-319, 217, 462]
[-319, 217, 461]
[-320, 218, 460]
[-320, 218, 459]
[-320, 219, 458]
[-320, 219, 457]
[-321, 220, 455]
[-321, 220, 454]
[-321, 221, 453]
[-321, 221, 452]
[-321, 221, 451]
[-322, 222, 450]
[-322, 222, 449]
[-322, 223, 448]
[-322, 223, 446]
[-322, 224, 445]
[-322, 224, 444]
[-323, 224, 443]
[-323, 225, 442]
[-323, 225, 441]
[-323, 226, 439]
[-323, 226, 438]
[-323, 226, 437]
[-324, 227, 436]
[-324, 227, 435]
[-324, 227, 433]
[-324, 228, 432]
[-324, 228, 431]
[-324, 229, 430]
[-324, 229, 429]
[-325, 229, 427]
[-325, 230, 426]
[-325, 230, 425]
[-325, 230, 424]
[-325, 231, 422]
[-325, 231, 421]
[-325, 231, 420]
[-325, 231, 419]
[-326, 232, 417]
[-326, 232, 416]
[-326, 232, 415]
[-326, 233, 414]
[-326, 233, 412]
[-326, 233, 411]
[-326, 234, 410]
[-326, 234, 409]
[-327, 234, 407]
[-327, 234, 406]
[-327, 235, 405]
[-327, 235, 403]
[-327, 235, 402]
[-327, 235, 401]
[-327, 236, 400]
[-327, 236, 398]
[-327, 236, 397]
[-328, 236, 396]
[-328, 236, 394]
[-328, 237, 393]
[-328, 237, 392]
[-328, 237, 391]
[-328, 237, 389]
[-328, 237, 388]
[-328, 238, 387]
[-328, 238, 385]
[-329, 238, 384]
[-329, 238, 383]
[-329, 238, 382]
[-329, 238, 380]
[-329, 239, 379]
[-329, 239, 378]
[-329, 239, 376]
[-329, 239, 375]
[-329, 239, 374]
[-329, 239, 372]
[-329, 239, 371]
[-329, 239, 370]
[-330, 239, 369]
[-330, 240, 367]
[-330, 240, 366]
[-330, 240, 365]
[-330, 240, 363]
[-330, 240, 362]
[-330, 240, 361]
[-330, 240, 360]
[-330, 240, 358]
[-330, 240, 357]
[-330, 240, 356]
[-330, 240, 355]
[-330, 240, 353]
[-330, 240, 352]
