# Curve Parameters
# y_end: 224
# loops: 1
# A (south bulge): 120
# B (lateral wiggle): 30
# samples: 350
#
# Analysis Results
# max_grade: 0.842036
# length_3d: 355.38
# length_2d: 326.08
# min_horiz_step: 0.210616
# status: OK
#
# Coordinates (x, y, z)
#==================================================

[-199, 98, 410]
[-199, 98, 411]
[-199, 98, 412]
[-199, 98, 413]
[-199, 98, 414]
[-199, 98, 415]
[-199, 98, 416]
[-199, 98, 417]
[-199, 98, 419]
[-199, 98, 420]
[-199, 98, 421]
[-199, 98, 422]
[-199, 98, 423]
[-199, 99, 424]
[-199, 99, 425]
[-200, 99, 426]
[-200, 99, 427]
[-200, 99, 428]
[-200, 99, 429]
[-200, 99, 430]
[-200, 99, 431]
[-200, 99, 432]
[-200, 99, 433]
[-200, 100, 434]
[-200, 100, 435]
[-200, 100, 436]
[-200, 100, 437]
[-200, 100, 438]
[-200, 100, 439]
[-201, 100, 440]
[-201, 101, 441]
[-201, 101, 442]
[-201, 101, 443]
[-201, 101, 444]
[-201, 101, 445]
[-201, 102, 446]
[-201, 102, 446]
[-201, 102, 447]
[-201, 102, 448]
[-201, 102, 449]
[-201, 103, 450]
[-201, 103, 451]
[-201, 103, 452]
[-201, 103, 453]
[-202, 104, 454]
[-202, 104, 455]
[-202, 104, 456]
[-202, 104, 456]
[-202, 104, 457]
[-202, 105, 458]
[-202, 105, 459]
[-202, 105, 460]
[-202, 106, 461]
[-202, 106, 461]
[-202, 106, 462]
[-202, 106, 463]
[-202, 107, 464]
[-202, 107, 465]
[-202, 107, 466]
[-202, 108, 466]
[-202, 108, 467]
[-202, 108, 468]
[-202, 109, 469]
[-202, 109, 469]
[-202, 109, 470]
[-203, 109, 471]
[-203, 110, 472]
[-203, 110, 472]
[-203, 110, 473]
[-203, 111, 474]
[-203, 111, 475]
[-203, 112, 475]
[-203, 112, 476]
[-203, 112, 477]
[-203, 113, 477]
[-203, 113, 478]
[-203, 113, 479]
[-203, 114, 479]
[-203, 114, 480]
[-203, 114, 481]
[-204, 115, 481]
[-204, 115, 482]
[-204, 116, 483]
[-204, 116, 483]
[-204, 116, 484]
[-204, 117, 484]
[-204, 117, 485]
[-204, 118, 486]
[-205, 118, 486]
[-205, 118, 487]
[-205, 119, 487]
[-205, 119, 488]
[-205, 120, 488]
[-205, 120, 489]
[-206, 120, 489]
[-206, 121, 490]
[-206, 121, 491]
[-206, 122, 491]
[-207, 122, 492]
[-207, 123, 492]
[-207, 123, 492]
[-207, 124, 493]
[-208, 124, 493]
[-208, 124, 494]
[-208, 125, 494]
[-209, 125, 495]
[-209, 126, 495]
[-209, 126, 496]
[-210, 127, 496]
[-210, 127, 496]
[-211, 128, 497]
[-211, 128, 497]
[-211, 129, 497]
[-212, 129, 498]
[-212, 130, 498]
[-213, 130, 498]
[-213, 131, 499]
[-214, 131, 499]
[-214, 131, 499]
[-215, 132, 500]
[-215, 132, 500]
[-216, 133, 500]
[-217, 133, 501]
[-217, 134, 501]
[-218, 134, 501]
[-218, 135, 501]
[-219, 135, 502]
[-220, 136, 502]
[-220, 136, 502]
[-221, 137, 502]
[-222, 137, 502]
[-222, 138, 503]
[-223, 138, 503]
[-224, 139, 503]
[-225, 139, 503]
[-225, 140, 503]
[-226, 140, 503]
[-227, 141, 503]
[-228, 142, 504]
[-229, 142, 504]
[-230, 143, 504]
[-230, 143, 504]
[-231, 144, 504]
[-232, 144, 504]
[-233, 145, 504]
[-234, 145, 504]
[-235, 146, 504]
[-236, 146, 504]
[-237, 147, 504]
[-238, 147, 504]
[-239, 148, 504]
[-240, 148, 504]
[-241, 149, 504]
[-242, 149, 504]
[-243, 150, 504]
[-244, 150, 504]
[-245, 151, 504]
[-246, 152, 504]
[-247, 152, 504]
[-248, 153, 504]
[-249, 153, 504]
[-250, 154, 503]
[-251, 154, 503]
[-252, 155, 503]
[-253, 155, 503]
[-254, 156, 503]
[-255, 156, 503]
[-256, 157, 503]
[-257, 157, 502]
[-258, 158, 502]
[-260, 159, 502]
[-261, 159, 502]
[-262, 160, 502]
[-263, 160, 501]
[-264, 161, 501]
[-265, 161, 501]
[-266, 162, 501]
[-267, 162, 500]
[-268, 163, 500]
[-269, 163, 500]
[-271, 164, 499]
[-272, 165, 499]
[-273, 165, 499]
[-274, 166, 499]
[-275, 166, 498]
[-276, 167, 498]
[-277, 167, 497]
[-278, 168, 497]
[-279, 168, 497]
[-280, 169, 496]
[-281, 169, 496]
[-282, 170, 496]
[-283, 170, 495]
[-284, 171, 495]
[-285, 172, 494]
[-286, 172, 494]
[-287, 173, 493]
[-288, 173, 493]
[-289, 174, 493]
[-290, 174, 492]
[-291, 175, 492]
[-292, 175, 491]
[-293, 176, 491]
[-294, 176, 490]
[-295, 177, 490]
[-296, 177, 489]
[-297, 178, 488]
[-298, 178, 488]
[-299, 179, 487]
[-299, 179, 487]
[-300, 180, 486]
[-301, 180, 486]
[-302, 181, 485]
[-303, 182, 484]
[-304, 182, 484]
[-304, 183, 483]
[-305, 183, 483]
[-306, 184, 482]
[-307, 184, 481]
[-307, 185, 481]
[-308, 185, 480]
[-309, 186, 479]
[-309, 186, 479]
[-310, 187, 478]
[-311, 187, 477]
[-311, 188, 477]
[-312, 188, 476]
[-312, 189, 475]
[-313, 189, 474]
[-314, 190, 474]
[-314, 190, 473]
[-315, 191, 472]
[-315, 191, 471]
[-316, 191, 471]
[-316, 192, 470]
[-317, 192, 469]
[-317, 193, 468]
[-318, 193, 468]
[-318, 194, 467]
[-318, 194, 466]
[-319, 195, 465]
[-319, 195, 464]
[-320, 196, 464]
[-320, 196, 463]
[-320, 197, 462]
[-321, 197, 461]
[-321, 198, 460]
[-321, 198, 459]
[-322, 198, 458]
[-322, 199, 458]
[-322, 199, 457]
[-322, 200, 456]
[-323, 200, 455]
[-323, 201, 454]
[-323, 201, 453]
[-323, 202, 452]
[-324, 202, 451]
[-324, 202, 450]
[-324, 203, 449]
[-324, 203, 449]
[-324, 204, 448]
[-324, 204, 447]
[-325, 204, 446]
[-325, 205, 445]
[-325, 205, 444]
[-325, 206, 443]
[-325, 206, 442]
[-325, 206, 441]
[-325, 207, 440]
[-325, 207, 439]
[-326, 208, 438]
[-326, 208, 437]
[-326, 208, 436]
[-326, 209, 435]
[-326, 209, 434]
[-326, 209, 433]
[-326, 210, 432]
[-326, 210, 431]
[-326, 210, 430]
[-326, 211, 429]
[-326, 211, 428]
[-326, 212, 427]
[-326, 212, 426]
[-326, 212, 425]
[-326, 213, 424]
[-327, 213, 423]
[-327, 213, 421]
[-327, 213, 420]
[-327, 214, 419]
[-327, 214, 418]
[-327, 214, 417]
[-327, 215, 416]
[-327, 215, 415]
[-327, 215, 414]
[-327, 216, 413]
[-327, 216, 412]
[-327, 216, 411]
[-327, 216, 410]
[-327, 217, 409]
[-327, 217, 407]
[-327, 217, 406]
[-327, 218, 405]
[-327, 218, 404]
[-327, 218, 403]
[-327, 218, 402]
[-327, 218, 401]
[-328, 219, 400]
[-328, 219, 399]
[-328, 219, 398]
[-328, 219, 396]
[-328, 220, 395]
[-328, 220, 394]
[-328, 220, 393]
[-328, 220, 392]
[-328, 220, 391]
[-328, 221, 390]
[-328, 221, 389]
[-328, 221, 387]
[-328, 221, 386]
[-328, 221, 385]
[-328, 222, 384]
[-329, 222, 383]
[-329, 222, 382]
[-329, 222, 381]
[-329, 222, 380]
[-329, 222, 379]
[-329, 222, 377]
[-329, 223, 376]
[-329, 223, 375]
[-329, 223, 374]
[-329, 223, 373]
[-329, 223, 372]
[-329, 223, 371]
[-329, 223, 370]
[-329, 223, 368]
[-330, 223, 367]
[-330, 223, 366]
[-330, 224, 365]
[-330, 224, 364]
[-330, 224, 363]
[-330, 224, 362]
[-330, 224, 361]
[-330, 224, 360]
[-330, 224, 359]
[-330, 224, 357]
[-330, 224, 356]
[-330, 224, 355]
[-330, 224, 354]
[-330, 224, 353]
[-330, 224, 352]
