# Curve Parameters
# y_end: 240
# loops: 1
# A (south bulge): 140
# B (lateral wiggle): 40
# samples: 350
#
# Analysis Results
# max_grade: 0.861851
# length_3d: 406.21
# length_2d: 373.34
# min_horiz_step: 0.235202
# status: OK
#
# Coordinates (x, y, z)
#==================================================

[-199, 98, 410]
[-199, 98, 411]
[-199, 98, 413]
[-199, 98, 414]
[-199, 98, 415]
[-199, 98, 416]
[-199, 98, 418]
[-199, 98, 419]
[-199, 98, 420]
[-199, 98, 421]
[-199, 98, 422]
[-199, 98, 424]
[-199, 98, 425]
[-199, 99, 426]
[-199, 99, 427]
[-200, 99, 429]
[-200, 99, 430]
[-200, 99, 431]
[-200, 99, 432]
[-200, 99, 433]
[-200, 99, 435]
[-200, 99, 436]
[-200, 100, 437]
[-200, 100, 438]
[-200, 100, 439]
[-200, 100, 440]
[-200, 100, 442]
[-200, 100, 443]
[-200, 101, 444]
[-200, 101, 445]
[-200, 101, 446]
[-200, 101, 447]
[-200, 101, 448]
[-200, 102, 450]
[-200, 102, 451]
[-200, 102, 452]
[-200, 102, 453]
[-200, 102, 454]
[-200, 103, 455]
[-200, 103, 456]
[-200, 103, 457]
[-200, 103, 458]
[-200, 104, 459]
[-200, 104, 460]
[-200, 104, 461]
[-200, 104, 463]
[-200, 105, 464]
[-200, 105, 465]
[-200, 105, 466]
[-200, 106, 467]
[-200, 106, 468]
[-200, 106, 469]
[-200, 107, 470]
[-200, 107, 471]
[-200, 107, 472]
[-200, 107, 473]
[-200, 108, 474]
[-200, 108, 475]
[-200, 108, 476]
[-200, 109, 476]
[-200, 109, 477]
[-200, 109, 478]
[-200, 110, 479]
[-200, 110, 480]
[-200, 111, 481]
[-200, 111, 482]
[-200, 111, 483]
[-200, 112, 484]
[-200, 112, 485]
[-200, 112, 486]
[-199, 113, 486]
[-199, 113, 487]
[-199, 114, 488]
[-199, 114, 489]
[-199, 114, 490]
[-199, 115, 491]
[-199, 115, 491]
[-199, 116, 492]
[-199, 116, 493]
[-199, 117, 494]
[-199, 117, 495]
[-199, 117, 495]
[-199, 118, 496]
[-199, 118, 497]
[-199, 119, 498]
[-199, 119, 498]
[-199, 120, 499]
[-199, 120, 500]
[-200, 121, 500]
[-200, 121, 501]
[-200, 121, 502]
[-200, 122, 503]
[-200, 122, 503]
[-200, 123, 504]
[-200, 123, 504]
[-200, 124, 505]
[-200, 124, 506]
[-201, 125, 506]
[-201, 125, 507]
[-201, 126, 508]
[-201, 126, 508]
[-201, 127, 509]
[-202, 127, 509]
[-202, 128, 510]
[-202, 128, 510]
[-202, 129, 511]
[-203, 129, 511]
[-203, 130, 512]
[-203, 130, 512]
[-204, 131, 513]
[-204, 131, 513]
[-205, 132, 514]
[-205, 132, 514]
[-205, 133, 515]
[-206, 134, 515]
[-206, 134, 516]
[-207, 135, 516]
[-207, 135, 516]
[-208, 136, 517]
[-208, 136, 517]
[-209, 137, 518]
[-210, 137, 518]
[-210, 138, 518]
[-211, 138, 519]
[-211, 139, 519]
[-212, 140, 519]
[-213, 140, 520]
[-213, 141, 520]
[-214, 141, 520]
[-215, 142, 521]
[-216, 142, 521]
[-216, 143, 521]
[-217, 144, 521]
[-218, 144, 521]
[-219, 145, 522]
[-220, 145, 522]
[-221, 146, 522]
[-221, 146, 522]
[-222, 147, 522]
[-223, 148, 523]
[-224, 148, 523]
[-225, 149, 523]
[-226, 149, 523]
[-227, 150, 523]
[-228, 151, 523]
[-229, 151, 523]
[-230, 152, 523]
[-231, 152, 524]
[-232, 153, 524]
[-233, 154, 524]
[-235, 154, 524]
[-236, 155, 524]
[-237, 155, 524]
[-238, 156, 524]
[-239, 157, 524]
[-240, 157, 524]
[-241, 158, 524]
[-243, 158, 524]
[-244, 159, 524]
[-245, 160, 523]
[-246, 160, 523]
[-247, 161, 523]
[-249, 161, 523]
[-250, 162, 523]
[-251, 163, 523]
[-252, 163, 523]
[-254, 164, 523]
[-255, 164, 523]
[-256, 165, 522]
[-257, 166, 522]
[-259, 166, 522]
[-260, 167, 522]
[-261, 167, 522]
[-263, 168, 521]
[-264, 169, 521]
[-265, 169, 521]
[-266, 170, 521]
[-268, 171, 520]
[-269, 171, 520]
[-270, 172, 520]
[-272, 172, 519]
[-273, 173, 519]
[-274, 174, 519]
[-275, 174, 518]
[-277, 175, 518]
[-278, 175, 518]
[-279, 176, 517]
[-280, 177, 517]
[-282, 177, 517]
[-283, 178, 516]
[-284, 178, 516]
[-285, 179, 515]
[-286, 180, 515]
[-288, 180, 514]
[-289, 181, 514]
[-290, 181, 514]
[-291, 182, 513]
[-292, 183, 513]
[-293, 183, 512]
[-294, 184, 512]
[-296, 184, 511]
[-297, 185, 510]
[-298, 186, 510]
[-299, 186, 509]
[-300, 187, 509]
[-301, 187, 508]
[-302, 188, 508]
[-303, 189, 507]
[-304, 189, 506]
[-305, 190, 506]
[-306, 190, 505]
[-307, 191, 505]
[-308, 192, 504]
[-308, 192, 503]
[-309, 193, 503]
[-310, 193, 502]
[-311, 194, 501]
[-312, 194, 500]
[-313, 195, 500]
[-313, 196, 499]
[-314, 196, 498]
[-315, 197, 498]
[-316, 197, 497]
[-316, 198, 496]
[-317, 198, 495]
[-318, 199, 495]
[-318, 200, 494]
[-319, 200, 493]
[-319, 201, 492]
[-320, 201, 491]
[-321, 202, 491]
[-321, 202, 490]
[-322, 203, 489]
[-322, 203, 488]
[-323, 204, 487]
[-323, 204, 486]
[-324, 205, 485]
[-324, 206, 485]
[-324, 206, 484]
[-325, 207, 483]
[-325, 207, 482]
[-326, 208, 481]
[-326, 208, 480]
[-326, 209, 479]
[-327, 209, 478]
[-327, 210, 477]
[-327, 210, 476]
[-327, 211, 475]
[-328, 211, 474]
[-328, 212, 473]
[-328, 212, 472]
[-328, 213, 471]
[-328, 213, 470]
[-329, 214, 469]
[-329, 214, 468]
[-329, 215, 467]
[-329, 215, 466]
[-329, 216, 465]
[-329, 216, 464]
[-329, 217, 463]
[-329, 217, 462]
[-329, 217, 461]
[-330, 218, 460]
[-330, 218, 459]
[-330, 219, 458]
[-330, 219, 457]
[-330, 220, 455]
[-330, 220, 454]
[-330, 221, 453]
[-330, 221, 452]
[-330, 221, 451]
[-330, 222, 450]
[-330, 222, 449]
[-330, 223, 448]
[-330, 223, 446]
[-330, 224, 445]
[-330, 224, 444]
[-330, 224, 443]
[-330, 225, 442]
[-330, 225, 441]
[-329, 226, 439]
[-329, 226, 438]
[-329, 226, 437]
[-329, 227, 436]
[-329, 227, 435]
[-329, 227, 433]
[-329, 228, 432]
[-329, 228, 431]
[-329, 229, 430]
[-329, 229, 429]
[-329, 229, 427]
[-329, 230, 426]
[-329, 230, 425]
[-329, 230, 424]
[-329, 231, 422]
[-329, 231, 421]
[-329, 231, 420]
[-329, 231, 419]
[-329, 232, 417]
[-329, 232, 416]
[-329, 232, 415]
[-329, 233, 414]
[-329, 233, 412]
[-329, 233, 411]
[-329, 234, 410]
[-329, 234, 409]
[-329, 234, 407]
[-329, 234, 406]
[-329, 235, 405]
[-329, 235, 403]
[-329, 235, 402]
[-329, 235, 401]
[-329, 236, 400]
[-329, 236, 398]
[-329, 236, 397]
[-329, 236, 396]
[-329, 236, 394]
[-329, 237, 393]
[-329, 237, 392]
[-329, 237, 391]
[-329, 237, 389]
[-329, 237, 388]
[-329, 238, 387]
[-329, 238, 385]
[-329, 238, 384]
[-329, 238, 383]
[-329, 238, 382]
[-329, 238, 380]
[-329, 239, 379]
[-329, 239, 378]
[-329, 239, 376]
[-329, 239, 375]
[-329, 239, 374]
[-329, 239, 372]
[-329, 239, 371]
[-330, 239, 370]
[-330, 239, 369]
[-330, 240, 367]
[-330, 240, 366]
[-330, 240, 365]
[-330, 240, 363]
[-330, 240, 362]
[-330, 240, 361]
[-330, 240, 360]
[-330, 240, 358]
[-330, 240, 357]
[-330, 240, 356]
[-330, 240, 355]
[-330, 240, 353]
[-330, 240, 352]
