# Curve Parameters
# y_end: 238
# loops: 1
# A (south bulge): 140
# B (lateral wiggle): 10
# samples: 350
#
# Analysis Results
# max_grade: 0.880982
# length_3d: 380.44
# length_2d: 343.72
# min_horiz_step: 0.247671
# status: OK
#
# Coordinates (x, y, z)
#==================================================

[-199, 98, 410]
[-199, 98, 411]
[-199, 98, 413]
[-199, 98, 414]
[-199, 98, 415]
[-199, 98, 416]
[-199, 98, 418]
[-199, 98, 419]
[-199, 98, 420]
[-199, 98, 421]
[-199, 98, 422]
[-199, 98, 424]
[-199, 98, 425]
[-200, 99, 426]
[-200, 99, 427]
[-200, 99, 429]
[-200, 99, 430]
[-200, 99, 431]
[-200, 99, 432]
[-200, 99, 433]
[-200, 99, 435]
[-200, 99, 436]
[-200, 100, 437]
[-200, 100, 438]
[-201, 100, 439]
[-201, 100, 440]
[-201, 100, 442]
[-201, 100, 443]
[-201, 101, 444]
[-201, 101, 445]
[-201, 101, 446]
[-202, 101, 447]
[-202, 101, 448]
[-202, 102, 450]
[-202, 102, 451]
[-202, 102, 452]
[-202, 102, 453]
[-202, 102, 454]
[-203, 103, 455]
[-203, 103, 456]
[-203, 103, 457]
[-203, 103, 458]
[-203, 104, 459]
[-203, 104, 460]
[-204, 104, 461]
[-204, 104, 463]
[-204, 105, 464]
[-204, 105, 465]
[-204, 105, 466]
[-205, 106, 467]
[-205, 106, 468]
[-205, 106, 469]
[-205, 106, 470]
[-205, 107, 471]
[-206, 107, 472]
[-206, 107, 473]
[-206, 108, 474]
[-206, 108, 475]
[-207, 108, 476]
[-207, 109, 476]
[-207, 109, 477]
[-207, 109, 478]
[-207, 110, 479]
[-208, 110, 480]
[-208, 110, 481]
[-208, 111, 482]
[-208, 111, 483]
[-209, 111, 484]
[-209, 112, 485]
[-209, 112, 486]
[-209, 113, 486]
[-210, 113, 487]
[-210, 113, 488]
[-210, 114, 489]
[-210, 114, 490]
[-211, 115, 491]
[-211, 115, 491]
[-211, 115, 492]
[-212, 116, 493]
[-212, 116, 494]
[-212, 117, 495]
[-212, 117, 495]
[-213, 118, 496]
[-213, 118, 497]
[-213, 118, 498]
[-214, 119, 498]
[-214, 119, 499]
[-214, 120, 500]
[-215, 120, 500]
[-215, 121, 501]
[-215, 121, 502]
[-216, 122, 503]
[-216, 122, 503]
[-216, 123, 504]
[-217, 123, 504]
[-217, 123, 505]
[-218, 124, 506]
[-218, 124, 506]
[-218, 125, 507]
[-219, 125, 508]
[-219, 126, 508]
[-220, 126, 509]
[-220, 127, 509]
[-220, 127, 510]
[-221, 128, 510]
[-221, 128, 511]
[-222, 129, 511]
[-222, 129, 512]
[-223, 130, 512]
[-223, 130, 513]
[-223, 131, 513]
[-224, 131, 514]
[-224, 132, 514]
[-225, 133, 515]
[-225, 133, 515]
[-226, 134, 516]
[-226, 134, 516]
[-227, 135, 516]
[-227, 135, 517]
[-228, 136, 517]
[-228, 136, 518]
[-229, 137, 518]
[-229, 137, 518]
[-230, 138, 519]
[-230, 138, 519]
[-231, 139, 519]
[-232, 140, 520]
[-232, 140, 520]
[-233, 141, 520]
[-233, 141, 521]
[-234, 142, 521]
[-234, 142, 521]
[-235, 143, 521]
[-236, 143, 521]
[-236, 144, 522]
[-237, 145, 522]
[-238, 145, 522]
[-238, 146, 522]
[-239, 146, 522]
[-239, 147, 523]
[-240, 148, 523]
[-241, 148, 523]
[-241, 149, 523]
[-242, 149, 523]
[-243, 150, 523]
[-243, 150, 523]
[-244, 151, 523]
[-245, 152, 524]
[-245, 152, 524]
[-246, 153, 524]
[-247, 153, 524]
[-247, 154, 524]
[-248, 155, 524]
[-249, 155, 524]
[-250, 156, 524]
[-250, 156, 524]
[-251, 157, 524]
[-252, 158, 524]
[-252, 158, 524]
[-253, 159, 523]
[-254, 159, 523]
[-255, 160, 523]
[-255, 160, 523]
[-256, 161, 523]
[-257, 162, 523]
[-257, 162, 523]
[-258, 163, 523]
[-259, 163, 523]
[-260, 164, 522]
[-260, 165, 522]
[-261, 165, 522]
[-262, 166, 522]
[-263, 166, 522]
[-263, 167, 521]
[-264, 168, 521]
[-265, 168, 521]
[-266, 169, 521]
[-266, 170, 520]
[-267, 170, 520]
[-268, 171, 520]
[-269, 171, 519]
[-269, 172, 519]
[-270, 173, 519]
[-271, 173, 518]
[-272, 174, 518]
[-272, 174, 518]
[-273, 175, 517]
[-274, 176, 517]
[-274, 176, 517]
[-275, 177, 516]
[-276, 177, 516]
[-277, 178, 515]
[-277, 178, 515]
[-278, 179, 514]
[-279, 180, 514]
[-279, 180, 514]
[-280, 181, 513]
[-281, 181, 513]
[-282, 182, 512]
[-282, 183, 512]
[-283, 183, 511]
[-284, 184, 510]
[-284, 184, 510]
[-285, 185, 509]
[-286, 186, 509]
[-286, 186, 508]
[-287, 187, 508]
[-288, 187, 507]
[-288, 188, 506]
[-289, 188, 506]
[-290, 189, 505]
[-290, 190, 505]
[-291, 190, 504]
[-291, 191, 503]
[-292, 191, 503]
[-293, 192, 502]
[-293, 193, 501]
[-294, 193, 500]
[-295, 194, 500]
[-295, 194, 499]
[-296, 195, 498]
[-296, 195, 498]
[-297, 196, 497]
[-297, 196, 496]
[-298, 197, 495]
[-299, 198, 495]
[-299, 198, 494]
[-300, 199, 493]
[-300, 199, 492]
[-301, 200, 491]
[-301, 200, 491]
[-302, 201, 490]
[-302, 201, 489]
[-303, 202, 488]
[-303, 202, 487]
[-304, 203, 486]
[-304, 203, 485]
[-305, 204, 485]
[-305, 205, 484]
[-306, 205, 483]
[-306, 206, 482]
[-306, 206, 481]
[-307, 207, 480]
[-307, 207, 479]
[-308, 208, 478]
[-308, 208, 477]
[-309, 209, 476]
[-309, 209, 475]
[-309, 210, 474]
[-310, 210, 473]
[-310, 211, 472]
[-311, 211, 471]
[-311, 212, 470]
[-311, 212, 469]
[-312, 213, 468]
[-312, 213, 467]
[-313, 213, 466]
[-313, 214, 465]
[-313, 214, 464]
[-314, 215, 463]
[-314, 215, 462]
[-314, 216, 461]
[-315, 216, 460]
[-315, 217, 459]
[-315, 217, 458]
[-316, 218, 457]
[-316, 218, 455]
[-316, 218, 454]
[-317, 219, 453]
[-317, 219, 452]
[-317, 220, 451]
[-317, 220, 450]
[-318, 221, 449]
[-318, 221, 448]
[-318, 221, 446]
[-319, 222, 445]
[-319, 222, 444]
[-319, 223, 443]
[-319, 223, 442]
[-320, 223, 441]
[-320, 224, 439]
[-320, 224, 438]
[-320, 225, 437]
[-321, 225, 436]
[-321, 225, 435]
[-321, 226, 433]
[-321, 226, 432]
[-322, 226, 431]
[-322, 227, 430]
[-322, 227, 429]
[-322, 227, 427]
[-322, 228, 426]
[-323, 228, 425]
[-323, 228, 424]
[-323, 229, 422]
[-323, 229, 421]
[-324, 229, 420]
[-324, 230, 419]
[-324, 230, 417]
[-324, 230, 416]
[-324, 230, 415]
[-325, 231, 414]
[-325, 231, 412]
[-325, 231, 411]
[-325, 232, 410]
[-325, 232, 409]
[-326, 232, 407]
[-326, 232, 406]
[-326, 233, 405]
[-326, 233, 403]
[-326, 233, 402]
[-326, 233, 401]
[-327, 234, 400]
[-327, 234, 398]
[-327, 234, 397]
[-327, 234, 396]
[-327, 234, 394]
[-327, 235, 393]
[-327, 235, 392]
[-328, 235, 391]
[-328, 235, 389]
[-328, 235, 388]
[-328, 236, 387]
[-328, 236, 385]
[-328, 236, 384]
[-328, 236, 383]
[-329, 236, 382]
[-329, 236, 380]
[-329, 237, 379]
[-329, 237, 378]
[-329, 237, 376]
[-329, 237, 375]
[-329, 237, 374]
[-329, 237, 372]
[-329, 237, 371]
[-329, 237, 370]
[-329, 237, 369]
[-330, 238, 367]
[-330, 238, 366]
[-330, 238, 365]
[-330, 238, 363]
[-330, 238, 362]
[-330, 238, 361]
[-330, 238, 360]
[-330, 238, 358]
[-330, 238, 357]
[-330, 238, 356]
[-330, 238, 355]
[-330, 238, 353]
[-330, 238, 352]
