# Curve Parameters
# y_end: 236
# loops: 1
# A (south bulge): 140
# B (lateral wiggle): 60
# samples: 350
#
# Analysis Results
# max_grade: 0.887029
# length_3d: 427.88
# length_2d: 398.86
# min_horiz_step: 0.220531
# status: OK
#
# Coordinates (x, y, z)
#==================================================

[-199, 98, 410]
[-199, 98, 411]
[-199, 98, 413]
[-199, 98, 414]
[-199, 98, 415]
[-199, 98, 416]
[-199, 98, 418]
[-199, 98, 419]
[-199, 98, 420]
[-199, 98, 421]
[-199, 98, 422]
[-199, 98, 424]
[-199, 98, 425]
[-199, 99, 426]
[-199, 99, 427]
[-199, 99, 429]
[-199, 99, 430]
[-199, 99, 431]
[-200, 99, 432]
[-200, 99, 433]
[-200, 99, 435]
[-200, 99, 436]
[-200, 100, 437]
[-200, 100, 438]
[-200, 100, 439]
[-200, 100, 440]
[-200, 100, 442]
[-200, 100, 443]
[-200, 101, 444]
[-200, 101, 445]
[-200, 101, 446]
[-200, 101, 447]
[-199, 101, 448]
[-199, 101, 450]
[-199, 102, 451]
[-199, 102, 452]
[-199, 102, 453]
[-199, 102, 454]
[-199, 103, 455]
[-199, 103, 456]
[-199, 103, 457]
[-199, 103, 458]
[-199, 104, 459]
[-198, 104, 460]
[-198, 104, 461]
[-198, 104, 463]
[-198, 105, 464]
[-198, 105, 465]
[-198, 105, 466]
[-198, 105, 467]
[-197, 106, 468]
[-197, 106, 469]
[-197, 106, 470]
[-197, 107, 471]
[-197, 107, 472]
[-196, 107, 473]
[-196, 108, 474]
[-196, 108, 475]
[-196, 108, 476]
[-196, 108, 476]
[-195, 109, 477]
[-195, 109, 478]
[-195, 110, 479]
[-195, 110, 480]
[-194, 110, 481]
[-194, 111, 482]
[-194, 111, 483]
[-194, 111, 484]
[-193, 112, 485]
[-193, 112, 486]
[-193, 112, 486]
[-193, 113, 487]
[-192, 113, 488]
[-192, 114, 489]
[-192, 114, 490]
[-192, 114, 491]
[-191, 115, 491]
[-191, 115, 492]
[-191, 116, 493]
[-191, 116, 494]
[-191, 116, 495]
[-190, 117, 495]
[-190, 117, 496]
[-190, 118, 497]
[-190, 118, 498]
[-190, 119, 498]
[-190, 119, 499]
[-189, 119, 500]
[-189, 120, 500]
[-189, 120, 501]
[-189, 121, 502]
[-189, 121, 503]
[-189, 122, 503]
[-189, 122, 504]
[-189, 123, 504]
[-189, 123, 505]
[-189, 124, 506]
[-189, 124, 506]
[-189, 125, 507]
[-189, 125, 508]
[-189, 125, 508]
[-189, 126, 509]
[-189, 126, 509]
[-190, 127, 510]
[-190, 127, 510]
[-190, 128, 511]
[-190, 128, 511]
[-190, 129, 512]
[-191, 129, 512]
[-191, 130, 513]
[-191, 130, 513]
[-192, 131, 514]
[-192, 132, 514]
[-192, 132, 515]
[-193, 133, 515]
[-193, 133, 516]
[-194, 134, 516]
[-194, 134, 516]
[-195, 135, 517]
[-195, 135, 517]
[-196, 136, 518]
[-197, 136, 518]
[-197, 137, 518]
[-198, 137, 519]
[-199, 138, 519]
[-199, 138, 519]
[-200, 139, 520]
[-201, 140, 520]
[-202, 140, 520]
[-203, 141, 521]
[-203, 141, 521]
[-204, 142, 521]
[-205, 142, 521]
[-206, 143, 521]
[-207, 143, 522]
[-208, 144, 522]
[-209, 145, 522]
[-210, 145, 522]
[-211, 146, 522]
[-213, 146, 523]
[-214, 147, 523]
[-215, 147, 523]
[-216, 148, 523]
[-217, 149, 523]
[-218, 149, 523]
[-220, 150, 523]
[-221, 150, 523]
[-222, 151, 524]
[-224, 151, 524]
[-225, 152, 524]
[-226, 153, 524]
[-228, 153, 524]
[-229, 154, 524]
[-231, 154, 524]
[-232, 155, 524]
[-234, 155, 524]
[-235, 156, 524]
[-237, 157, 524]
[-238, 157, 524]
[-240, 158, 523]
[-241, 158, 523]
[-243, 159, 523]
[-244, 160, 523]
[-246, 160, 523]
[-247, 161, 523]
[-249, 161, 523]
[-251, 162, 523]
[-252, 163, 523]
[-254, 163, 522]
[-255, 164, 522]
[-257, 164, 522]
[-259, 165, 522]
[-260, 166, 522]
[-262, 166, 521]
[-264, 167, 521]
[-265, 167, 521]
[-267, 168, 521]
[-269, 168, 520]
[-270, 169, 520]
[-272, 170, 520]
[-274, 170, 519]
[-275, 171, 519]
[-277, 171, 519]
[-278, 172, 518]
[-280, 173, 518]
[-282, 173, 518]
[-283, 174, 517]
[-285, 174, 517]
[-286, 175, 517]
[-288, 176, 516]
[-289, 176, 516]
[-291, 177, 515]
[-292, 177, 515]
[-294, 178, 514]
[-295, 179, 514]
[-297, 179, 514]
[-298, 180, 513]
[-300, 180, 513]
[-301, 181, 512]
[-303, 181, 512]
[-304, 182, 511]
[-305, 183, 510]
[-307, 183, 510]
[-308, 184, 509]
[-309, 184, 509]
[-311, 185, 508]
[-312, 185, 508]
[-313, 186, 507]
[-314, 187, 506]
[-315, 187, 506]
[-316, 188, 505]
[-318, 188, 505]
[-319, 189, 504]
[-320, 189, 503]
[-321, 190, 503]
[-322, 191, 502]
[-323, 191, 501]
[-324, 192, 500]
[-325, 192, 500]
[-326, 193, 499]
[-326, 193, 498]
[-327, 194, 498]
[-328, 194, 497]
[-329, 195, 496]
[-330, 196, 495]
[-330, 196, 495]
[-331, 197, 494]
[-332, 197, 493]
[-332, 198, 492]
[-333, 198, 491]
[-334, 199, 491]
[-334, 199, 490]
[-335, 200, 489]
[-335, 200, 488]
[-336, 201, 487]
[-336, 201, 486]
[-337, 202, 485]
[-337, 202, 485]
[-337, 203, 484]
[-338, 204, 483]
[-338, 204, 482]
[-338, 205, 481]
[-339, 205, 480]
[-339, 206, 479]
[-339, 206, 478]
[-339, 207, 477]
[-339, 207, 476]
[-340, 208, 475]
[-340, 208, 474]
[-340, 209, 473]
[-340, 209, 472]
[-340, 209, 471]
[-340, 210, 470]
[-340, 210, 469]
[-340, 211, 468]
[-340, 211, 467]
[-340, 212, 466]
[-340, 212, 465]
[-340, 213, 464]
[-340, 213, 463]
[-340, 214, 462]
[-340, 214, 461]
[-340, 215, 460]
[-339, 215, 459]
[-339, 215, 458]
[-339, 216, 457]
[-339, 216, 455]
[-339, 217, 454]
[-339, 217, 453]
[-338, 218, 452]
[-338, 218, 451]
[-338, 218, 450]
[-338, 219, 449]
[-338, 219, 448]
[-337, 220, 446]
[-337, 220, 445]
[-337, 220, 444]
[-337, 221, 443]
[-336, 221, 442]
[-336, 222, 441]
[-336, 222, 439]
[-336, 222, 438]
[-335, 223, 437]
[-335, 223, 436]
[-335, 223, 435]
[-335, 224, 433]
[-334, 224, 432]
[-334, 224, 431]
[-334, 225, 430]
[-334, 225, 429]
[-333, 226, 427]
[-333, 226, 426]
[-333, 226, 425]
[-333, 226, 424]
[-333, 227, 422]
[-332, 227, 421]
[-332, 227, 420]
[-332, 228, 419]
[-332, 228, 417]
[-332, 228, 416]
[-331, 229, 415]
[-331, 229, 414]
[-331, 229, 412]
[-331, 229, 411]
[-331, 230, 410]
[-331, 230, 409]
[-331, 230, 407]
[-330, 230, 406]
[-330, 231, 405]
[-330, 231, 403]
[-330, 231, 402]
[-330, 231, 401]
[-330, 232, 400]
[-330, 232, 398]
[-330, 232, 397]
[-330, 232, 396]
[-330, 233, 394]
[-330, 233, 393]
[-329, 233, 392]
[-329, 233, 391]
[-329, 233, 389]
[-329, 233, 388]
[-329, 234, 387]
[-329, 234, 385]
[-329, 234, 384]
[-329, 234, 383]
[-329, 234, 382]
[-329, 234, 380]
[-329, 235, 379]
[-329, 235, 378]
[-329, 235, 376]
[-329, 235, 375]
[-330, 235, 374]
[-330, 235, 372]
[-330, 235, 371]
[-330, 235, 370]
[-330, 235, 369]
[-330, 236, 367]
[-330, 236, 366]
[-330, 236, 365]
[-330, 236, 363]
[-330, 236, 362]
[-330, 236, 361]
[-330, 236, 360]
[-330, 236, 358]
[-330, 236, 357]
[-330, 236, 356]
[-330, 236, 355]
[-330, 236, 353]
[-330, 236, 352]
