# Curve Parameters
# y_end: 260
# loops: 1
# A (south bulge): 140
# B (lateral wiggle): 30
# samples: 350
#
# Analysis Results
# max_grade: 0.962390
# length_3d: 405.92
# length_2d: 362.28
# min_horiz_step: 0.243295
# status: OK
#
# Coordinates (x, y, z)
#==================================================

[-199, 98, 410]
[-199, 98, 411]
[-199, 98, 413]
[-199, 98, 414]
[-199, 98, 415]
[-199, 98, 416]
[-199, 98, 418]
[-199, 98, 419]
[-199, 98, 420]
[-199, 98, 421]
[-199, 98, 422]
[-199, 98, 424]
[-199, 99, 425]
[-199, 99, 426]
[-199, 99, 427]
[-200, 99, 429]
[-200, 99, 430]
[-200, 99, 431]
[-200, 99, 432]
[-200, 99, 433]
[-200, 100, 435]
[-200, 100, 436]
[-200, 100, 437]
[-200, 100, 438]
[-200, 100, 439]
[-200, 100, 440]
[-200, 101, 442]
[-200, 101, 443]
[-200, 101, 444]
[-201, 101, 445]
[-201, 101, 446]
[-201, 102, 447]
[-201, 102, 448]
[-201, 102, 450]
[-201, 102, 451]
[-201, 103, 452]
[-201, 103, 453]
[-201, 103, 454]
[-201, 103, 455]
[-201, 104, 456]
[-201, 104, 457]
[-201, 104, 458]
[-201, 104, 459]
[-201, 105, 460]
[-202, 105, 461]
[-202, 105, 463]
[-202, 106, 464]
[-202, 106, 465]
[-202, 106, 466]
[-202, 107, 467]
[-202, 107, 468]
[-202, 107, 469]
[-202, 108, 470]
[-202, 108, 471]
[-202, 108, 472]
[-202, 109, 473]
[-202, 109, 474]
[-202, 110, 475]
[-202, 110, 476]
[-202, 110, 476]
[-202, 111, 477]
[-202, 111, 478]
[-202, 112, 479]
[-202, 112, 480]
[-202, 112, 481]
[-203, 113, 482]
[-203, 113, 483]
[-203, 114, 484]
[-203, 114, 485]
[-203, 114, 486]
[-203, 115, 486]
[-203, 115, 487]
[-203, 116, 488]
[-203, 116, 489]
[-203, 117, 490]
[-203, 117, 491]
[-203, 118, 491]
[-203, 118, 492]
[-203, 119, 493]
[-203, 119, 494]
[-204, 120, 495]
[-204, 120, 495]
[-204, 121, 496]
[-204, 121, 497]
[-204, 122, 498]
[-204, 122, 498]
[-204, 123, 499]
[-204, 123, 500]
[-205, 124, 500]
[-205, 124, 501]
[-205, 125, 502]
[-205, 125, 503]
[-205, 126, 503]
[-205, 126, 504]
[-206, 127, 504]
[-206, 127, 505]
[-206, 128, 506]
[-206, 129, 506]
[-207, 129, 507]
[-207, 130, 508]
[-207, 130, 508]
[-207, 131, 509]
[-208, 131, 509]
[-208, 132, 510]
[-208, 133, 510]
[-209, 133, 511]
[-209, 134, 511]
[-209, 134, 512]
[-210, 135, 512]
[-210, 136, 513]
[-211, 136, 513]
[-211, 137, 514]
[-211, 137, 514]
[-212, 138, 515]
[-212, 139, 515]
[-213, 139, 516]
[-213, 140, 516]
[-214, 140, 516]
[-214, 141, 517]
[-215, 142, 517]
[-215, 142, 518]
[-216, 143, 518]
[-217, 144, 518]
[-217, 144, 519]
[-218, 145, 519]
[-218, 145, 519]
[-219, 146, 520]
[-220, 147, 520]
[-220, 147, 520]
[-221, 148, 521]
[-222, 149, 521]
[-222, 149, 521]
[-223, 150, 521]
[-224, 151, 521]
[-225, 151, 522]
[-225, 152, 522]
[-226, 153, 522]
[-227, 153, 522]
[-228, 154, 522]
[-229, 155, 523]
[-230, 155, 523]
[-230, 156, 523]
[-231, 157, 523]
[-232, 157, 523]
[-233, 158, 523]
[-234, 159, 523]
[-235, 159, 523]
[-236, 160, 524]
[-237, 161, 524]
[-238, 161, 524]
[-239, 162, 524]
[-240, 163, 524]
[-241, 163, 524]
[-242, 164, 524]
[-243, 165, 524]
[-244, 165, 524]
[-245, 166, 524]
[-246, 167, 524]
[-247, 168, 524]
[-248, 168, 523]
[-249, 169, 523]
[-250, 170, 523]
[-251, 170, 523]
[-252, 171, 523]
[-253, 172, 523]
[-254, 172, 523]
[-255, 173, 523]
[-256, 174, 523]
[-257, 174, 522]
[-258, 175, 522]
[-260, 176, 522]
[-261, 177, 522]
[-262, 177, 522]
[-263, 178, 521]
[-264, 179, 521]
[-265, 179, 521]
[-266, 180, 521]
[-267, 181, 520]
[-268, 181, 520]
[-269, 182, 520]
[-271, 183, 519]
[-272, 184, 519]
[-273, 184, 519]
[-274, 185, 518]
[-275, 186, 518]
[-276, 186, 518]
[-277, 187, 517]
[-278, 188, 517]
[-279, 188, 517]
[-280, 189, 516]
[-281, 190, 516]
[-282, 190, 515]
[-283, 191, 515]
[-284, 192, 514]
[-285, 193, 514]
[-286, 193, 514]
[-287, 194, 513]
[-288, 195, 513]
[-289, 195, 512]
[-290, 196, 512]
[-291, 197, 511]
[-292, 197, 510]
[-293, 198, 510]
[-294, 199, 509]
[-295, 199, 509]
[-296, 200, 508]
[-297, 201, 508]
[-298, 201, 507]
[-299, 202, 506]
[-299, 203, 506]
[-300, 203, 505]
[-301, 204, 505]
[-302, 205, 504]
[-303, 205, 503]
[-304, 206, 503]
[-304, 207, 502]
[-305, 207, 501]
[-306, 208, 500]
[-307, 209, 500]
[-307, 209, 499]
[-308, 210, 498]
[-309, 211, 498]
[-309, 211, 497]
[-310, 212, 496]
[-311, 213, 495]
[-311, 213, 495]
[-312, 214, 494]
[-312, 214, 493]
[-313, 215, 492]
[-314, 216, 491]
[-314, 216, 491]
[-315, 217, 490]
[-315, 218, 489]
[-316, 218, 488]
[-316, 219, 487]
[-317, 219, 486]
[-317, 220, 485]
[-318, 221, 485]
[-318, 221, 484]
[-318, 222, 483]
[-319, 222, 482]
[-319, 223, 481]
[-320, 224, 480]
[-320, 224, 479]
[-320, 225, 478]
[-321, 225, 477]
[-321, 226, 476]
[-321, 227, 475]
[-322, 227, 474]
[-322, 228, 473]
[-322, 228, 472]
[-322, 229, 471]
[-323, 229, 470]
[-323, 230, 469]
[-323, 231, 468]
[-323, 231, 467]
[-324, 232, 466]
[-324, 232, 465]
[-324, 233, 464]
[-324, 233, 463]
[-324, 234, 462]
[-324, 234, 461]
[-325, 235, 460]
[-325, 235, 459]
[-325, 236, 458]
[-325, 236, 457]
[-325, 237, 455]
[-325, 237, 454]
[-325, 238, 453]
[-325, 238, 452]
[-326, 239, 451]
[-326, 239, 450]
[-326, 240, 449]
[-326, 240, 448]
[-326, 241, 446]
[-326, 241, 445]
[-326, 242, 444]
[-326, 242, 443]
[-326, 243, 442]
[-326, 243, 441]
[-326, 244, 439]
[-326, 244, 438]
[-326, 244, 437]
[-326, 245, 436]
[-326, 245, 435]
[-327, 246, 433]
[-327, 246, 432]
[-327, 246, 431]
[-327, 247, 430]
[-327, 247, 429]
[-327, 248, 427]
[-327, 248, 426]
[-327, 248, 425]
[-327, 249, 424]
[-327, 249, 422]
[-327, 250, 421]
[-327, 250, 420]
[-327, 250, 419]
[-327, 251, 417]
[-327, 251, 416]
[-327, 251, 415]
[-327, 252, 414]
[-327, 252, 412]
[-327, 252, 411]
[-327, 253, 410]
[-327, 253, 409]
[-328, 253, 407]
[-328, 254, 406]
[-328, 254, 405]
[-328, 254, 403]
[-328, 254, 402]
[-328, 255, 401]
[-328, 255, 400]
[-328, 255, 398]
[-328, 255, 397]
[-328, 256, 396]
[-328, 256, 394]
[-328, 256, 393]
[-328, 256, 392]
[-328, 257, 391]
[-328, 257, 389]
[-329, 257, 388]
[-329, 257, 387]
[-329, 257, 385]
[-329, 258, 384]
[-329, 258, 383]
[-329, 258, 382]
[-329, 258, 380]
[-329, 258, 379]
[-329, 258, 378]
[-329, 259, 376]
[-329, 259, 375]
[-329, 259, 374]
[-329, 259, 372]
[-329, 259, 371]
[-330, 259, 370]
[-330, 259, 369]
[-330, 259, 367]
[-330, 260, 366]
[-330, 260, 365]
[-330, 260, 363]
[-330, 260, 362]
[-330, 260, 361]
[-330, 260, 360]
[-330, 260, 358]
[-330, 260, 357]
[-330, 260, 356]
[-330, 260, 355]
[-330, 260, 353]
[-330, 260, 352]
