# Curve Parameters
# y_end: 234
# loops: 1
# A (south bulge): 140
# B (lateral wiggle): 60
# samples: 350
#
# Analysis Results
# max_grade: 0.874173
# length_3d: 427.09
# length_2d: 398.86
# min_horiz_step: 0.220531
# status: OK
#
# Coordinates (x, y, z)
#==================================================

[-199, 98, 410]
[-199, 98, 411]
[-199, 98, 413]
[-199, 98, 414]
[-199, 98, 415]
[-199, 98, 416]
[-199, 98, 418]
[-199, 98, 419]
[-199, 98, 420]
[-199, 98, 421]
[-199, 98, 422]
[-199, 98, 424]
[-199, 98, 425]
[-199, 99, 426]
[-199, 99, 427]
[-199, 99, 429]
[-199, 99, 430]
[-199, 99, 431]
[-200, 99, 432]
[-200, 99, 433]
[-200, 99, 435]
[-200, 99, 436]
[-200, 100, 437]
[-200, 100, 438]
[-200, 100, 439]
[-200, 100, 440]
[-200, 100, 442]
[-200, 100, 443]
[-200, 100, 444]
[-200, 101, 445]
[-200, 101, 446]
[-200, 101, 447]
[-199, 101, 448]
[-199, 101, 450]
[-199, 102, 451]
[-199, 102, 452]
[-199, 102, 453]
[-199, 102, 454]
[-199, 102, 455]
[-199, 103, 456]
[-199, 103, 457]
[-199, 103, 458]
[-199, 103, 459]
[-198, 104, 460]
[-198, 104, 461]
[-198, 104, 463]
[-198, 104, 464]
[-198, 105, 465]
[-198, 105, 466]
[-198, 105, 467]
[-197, 106, 468]
[-197, 106, 469]
[-197, 106, 470]
[-197, 106, 471]
[-197, 107, 472]
[-196, 107, 473]
[-196, 107, 474]
[-196, 108, 475]
[-196, 108, 476]
[-196, 108, 476]
[-195, 109, 477]
[-195, 109, 478]
[-195, 109, 479]
[-195, 110, 480]
[-194, 110, 481]
[-194, 110, 482]
[-194, 111, 483]
[-194, 111, 484]
[-193, 111, 485]
[-193, 112, 486]
[-193, 112, 486]
[-193, 113, 487]
[-192, 113, 488]
[-192, 113, 489]
[-192, 114, 490]
[-192, 114, 491]
[-191, 115, 491]
[-191, 115, 492]
[-191, 115, 493]
[-191, 116, 494]
[-191, 116, 495]
[-190, 117, 495]
[-190, 117, 496]
[-190, 117, 497]
[-190, 118, 498]
[-190, 118, 498]
[-190, 119, 499]
[-189, 119, 500]
[-189, 120, 500]
[-189, 120, 501]
[-189, 120, 502]
[-189, 121, 503]
[-189, 121, 503]
[-189, 122, 504]
[-189, 122, 504]
[-189, 123, 505]
[-189, 123, 506]
[-189, 124, 506]
[-189, 124, 507]
[-189, 125, 508]
[-189, 125, 508]
[-189, 126, 509]
[-189, 126, 509]
[-190, 127, 510]
[-190, 127, 510]
[-190, 128, 511]
[-190, 128, 511]
[-190, 129, 512]
[-191, 129, 512]
[-191, 130, 513]
[-191, 130, 513]
[-192, 131, 514]
[-192, 131, 514]
[-192, 132, 515]
[-193, 132, 515]
[-193, 133, 516]
[-194, 133, 516]
[-194, 134, 516]
[-195, 134, 517]
[-195, 135, 517]
[-196, 135, 518]
[-197, 136, 518]
[-197, 136, 518]
[-198, 137, 519]
[-199, 137, 519]
[-199, 138, 519]
[-200, 138, 520]
[-201, 139, 520]
[-202, 139, 520]
[-203, 140, 521]
[-203, 141, 521]
[-204, 141, 521]
[-205, 142, 521]
[-206, 142, 521]
[-207, 143, 522]
[-208, 143, 522]
[-209, 144, 522]
[-210, 144, 522]
[-211, 145, 522]
[-213, 146, 523]
[-214, 146, 523]
[-215, 147, 523]
[-216, 147, 523]
[-217, 148, 523]
[-218, 148, 523]
[-220, 149, 523]
[-221, 149, 523]
[-222, 150, 524]
[-224, 151, 524]
[-225, 151, 524]
[-226, 152, 524]
[-228, 152, 524]
[-229, 153, 524]
[-231, 153, 524]
[-232, 154, 524]
[-234, 155, 524]
[-235, 155, 524]
[-237, 156, 524]
[-238, 156, 524]
[-240, 157, 523]
[-241, 158, 523]
[-243, 158, 523]
[-244, 159, 523]
[-246, 159, 523]
[-247, 160, 523]
[-249, 160, 523]
[-251, 161, 523]
[-252, 162, 523]
[-254, 162, 522]
[-255, 163, 522]
[-257, 163, 522]
[-259, 164, 522]
[-260, 165, 522]
[-262, 165, 521]
[-264, 166, 521]
[-265, 166, 521]
[-267, 167, 521]
[-269, 167, 520]
[-270, 168, 520]
[-272, 169, 520]
[-274, 169, 519]
[-275, 170, 519]
[-277, 170, 519]
[-278, 171, 518]
[-280, 172, 518]
[-282, 172, 518]
[-283, 173, 517]
[-285, 173, 517]
[-286, 174, 517]
[-288, 174, 516]
[-289, 175, 516]
[-291, 176, 515]
[-292, 176, 515]
[-294, 177, 514]
[-295, 177, 514]
[-297, 178, 514]
[-298, 179, 513]
[-300, 179, 513]
[-301, 180, 512]
[-303, 180, 512]
[-304, 181, 511]
[-305, 181, 510]
[-307, 182, 510]
[-308, 183, 509]
[-309, 183, 509]
[-311, 184, 508]
[-312, 184, 508]
[-313, 185, 507]
[-314, 185, 506]
[-315, 186, 506]
[-316, 186, 505]
[-318, 187, 505]
[-319, 188, 504]
[-320, 188, 503]
[-321, 189, 503]
[-322, 189, 502]
[-323, 190, 501]
[-324, 190, 500]
[-325, 191, 500]
[-326, 191, 499]
[-326, 192, 498]
[-327, 193, 498]
[-328, 193, 497]
[-329, 194, 496]
[-330, 194, 495]
[-330, 195, 495]
[-331, 195, 494]
[-332, 196, 493]
[-332, 196, 492]
[-333, 197, 491]
[-334, 197, 491]
[-334, 198, 490]
[-335, 198, 489]
[-335, 199, 488]
[-336, 199, 487]
[-336, 200, 486]
[-337, 200, 485]
[-337, 201, 485]
[-337, 201, 484]
[-338, 202, 483]
[-338, 202, 482]
[-338, 203, 481]
[-339, 203, 480]
[-339, 204, 479]
[-339, 204, 478]
[-339, 205, 477]
[-339, 205, 476]
[-340, 206, 475]
[-340, 206, 474]
[-340, 207, 473]
[-340, 207, 472]
[-340, 208, 471]
[-340, 208, 470]
[-340, 209, 469]
[-340, 209, 468]
[-340, 210, 467]
[-340, 210, 466]
[-340, 211, 465]
[-340, 211, 464]
[-340, 212, 463]
[-340, 212, 462]
[-340, 212, 461]
[-340, 213, 460]
[-339, 213, 459]
[-339, 214, 458]
[-339, 214, 457]
[-339, 215, 455]
[-339, 215, 454]
[-339, 215, 453]
[-338, 216, 452]
[-338, 216, 451]
[-338, 217, 450]
[-338, 217, 449]
[-338, 217, 448]
[-337, 218, 446]
[-337, 218, 445]
[-337, 219, 444]
[-337, 219, 443]
[-336, 219, 442]
[-336, 220, 441]
[-336, 220, 439]
[-336, 221, 438]
[-335, 221, 437]
[-335, 221, 436]
[-335, 222, 435]
[-335, 222, 433]
[-334, 222, 432]
[-334, 223, 431]
[-334, 223, 430]
[-334, 223, 429]
[-333, 224, 427]
[-333, 224, 426]
[-333, 224, 425]
[-333, 225, 424]
[-333, 225, 422]
[-332, 225, 421]
[-332, 226, 420]
[-332, 226, 419]
[-332, 226, 417]
[-332, 226, 416]
[-331, 227, 415]
[-331, 227, 414]
[-331, 227, 412]
[-331, 228, 411]
[-331, 228, 410]
[-331, 228, 409]
[-331, 228, 407]
[-330, 229, 406]
[-330, 229, 405]
[-330, 229, 403]
[-330, 229, 402]
[-330, 230, 401]
[-330, 230, 400]
[-330, 230, 398]
[-330, 230, 397]
[-330, 230, 396]
[-330, 231, 394]
[-330, 231, 393]
[-329, 231, 392]
[-329, 231, 391]
[-329, 231, 389]
[-329, 232, 388]
[-329, 232, 387]
[-329, 232, 385]
[-329, 232, 384]
[-329, 232, 383]
[-329, 232, 382]
[-329, 232, 380]
[-329, 233, 379]
[-329, 233, 378]
[-329, 233, 376]
[-329, 233, 375]
[-330, 233, 374]
[-330, 233, 372]
[-330, 233, 371]
[-330, 233, 370]
[-330, 233, 369]
[-330, 234, 367]
[-330, 234, 366]
[-330, 234, 365]
[-330, 234, 363]
[-330, 234, 362]
[-330, 234, 361]
[-330, 234, 360]
[-330, 234, 358]
[-330, 234, 357]
[-330, 234, 356]
[-330, 234, 355]
[-330, 234, 353]
[-330, 234, 352]
