# Curve Parameters
# y_end: 228
# loops: 1
# A (south bulge): 120
# B (lateral wiggle): 40
# samples: 350
#
# Analysis Results
# max_grade: 0.909456
# length_3d: 367.00
# length_2d: 337.06
# min_horiz_step: 0.199709
# status: OK
#
# Coordinates (x, y, z)
#==================================================

[-199, 98, 410]
[-199, 98, 411]
[-199, 98, 412]
[-199, 98, 413]
[-199, 98, 414]
[-199, 98, 415]
[-199, 98, 416]
[-199, 98, 417]
[-199, 98, 419]
[-199, 98, 420]
[-199, 98, 421]
[-199, 98, 422]
[-199, 98, 423]
[-199, 99, 424]
[-199, 99, 425]
[-200, 99, 426]
[-200, 99, 427]
[-200, 99, 428]
[-200, 99, 429]
[-200, 99, 430]
[-200, 99, 431]
[-200, 99, 432]
[-200, 99, 433]
[-200, 100, 434]
[-200, 100, 435]
[-200, 100, 436]
[-200, 100, 437]
[-200, 100, 438]
[-200, 100, 439]
[-200, 101, 440]
[-200, 101, 441]
[-200, 101, 442]
[-200, 101, 443]
[-200, 101, 444]
[-200, 101, 445]
[-200, 102, 446]
[-200, 102, 446]
[-200, 102, 447]
[-200, 102, 448]
[-200, 103, 449]
[-200, 103, 450]
[-200, 103, 451]
[-200, 103, 452]
[-200, 103, 453]
[-200, 104, 454]
[-200, 104, 455]
[-200, 104, 456]
[-200, 104, 456]
[-200, 105, 457]
[-200, 105, 458]
[-200, 105, 459]
[-200, 106, 460]
[-200, 106, 461]
[-200, 106, 461]
[-200, 106, 462]
[-200, 107, 463]
[-200, 107, 464]
[-200, 107, 465]
[-200, 108, 466]
[-200, 108, 466]
[-200, 108, 467]
[-200, 109, 468]
[-200, 109, 469]
[-200, 109, 469]
[-200, 110, 470]
[-200, 110, 471]
[-200, 110, 472]
[-200, 111, 472]
[-200, 111, 473]
[-200, 111, 474]
[-199, 112, 475]
[-199, 112, 475]
[-199, 112, 476]
[-199, 113, 477]
[-199, 113, 477]
[-199, 113, 478]
[-199, 114, 479]
[-199, 114, 479]
[-199, 115, 480]
[-199, 115, 481]
[-199, 115, 481]
[-199, 116, 482]
[-199, 116, 483]
[-199, 117, 483]
[-199, 117, 484]
[-199, 117, 484]
[-199, 118, 485]
[-199, 118, 486]
[-200, 119, 486]
[-200, 119, 487]
[-200, 119, 487]
[-200, 120, 488]
[-200, 120, 488]
[-200, 121, 489]
[-200, 121, 489]
[-200, 122, 490]
[-200, 122, 491]
[-201, 123, 491]
[-201, 123, 492]
[-201, 123, 492]
[-201, 124, 492]
[-201, 124, 493]
[-202, 125, 493]
[-202, 125, 494]
[-202, 126, 494]
[-202, 126, 495]
[-203, 127, 495]
[-203, 127, 496]
[-203, 128, 496]
[-204, 128, 496]
[-204, 129, 497]
[-205, 129, 497]
[-205, 130, 497]
[-205, 130, 498]
[-206, 131, 498]
[-206, 131, 498]
[-207, 132, 499]
[-207, 132, 499]
[-208, 133, 499]
[-208, 133, 500]
[-209, 134, 500]
[-210, 134, 500]
[-210, 135, 501]
[-211, 135, 501]
[-211, 136, 501]
[-212, 136, 501]
[-213, 137, 502]
[-213, 137, 502]
[-214, 138, 502]
[-215, 138, 502]
[-216, 139, 502]
[-216, 139, 503]
[-217, 140, 503]
[-218, 140, 503]
[-219, 141, 503]
[-220, 141, 503]
[-221, 142, 503]
[-221, 142, 503]
[-222, 143, 504]
[-223, 143, 504]
[-224, 144, 504]
[-225, 145, 504]
[-226, 145, 504]
[-227, 146, 504]
[-228, 146, 504]
[-229, 147, 504]
[-230, 147, 504]
[-231, 148, 504]
[-232, 148, 504]
[-233, 149, 504]
[-235, 149, 504]
[-236, 150, 504]
[-237, 150, 504]
[-238, 151, 504]
[-239, 152, 504]
[-240, 152, 504]
[-241, 153, 504]
[-243, 153, 504]
[-244, 154, 504]
[-245, 154, 504]
[-246, 155, 504]
[-247, 155, 503]
[-249, 156, 503]
[-250, 157, 503]
[-251, 157, 503]
[-252, 158, 503]
[-254, 158, 503]
[-255, 159, 503]
[-256, 159, 502]
[-257, 160, 502]
[-259, 160, 502]
[-260, 161, 502]
[-261, 162, 502]
[-263, 162, 501]
[-264, 163, 501]
[-265, 163, 501]
[-266, 164, 501]
[-268, 164, 500]
[-269, 165, 500]
[-270, 166, 500]
[-272, 166, 499]
[-273, 167, 499]
[-274, 167, 499]
[-275, 168, 499]
[-277, 168, 498]
[-278, 169, 498]
[-279, 169, 497]
[-280, 170, 497]
[-282, 171, 497]
[-283, 171, 496]
[-284, 172, 496]
[-285, 172, 496]
[-286, 173, 495]
[-288, 173, 495]
[-289, 174, 494]
[-290, 174, 494]
[-291, 175, 493]
[-292, 176, 493]
[-293, 176, 493]
[-294, 177, 492]
[-296, 177, 492]
[-297, 178, 491]
[-298, 178, 491]
[-299, 179, 490]
[-300, 179, 490]
[-301, 180, 489]
[-302, 180, 488]
[-303, 181, 488]
[-304, 181, 487]
[-305, 182, 487]
[-306, 183, 486]
[-307, 183, 486]
[-308, 184, 485]
[-308, 184, 484]
[-309, 185, 484]
[-310, 185, 483]
[-311, 186, 483]
[-312, 186, 482]
[-313, 187, 481]
[-313, 187, 481]
[-314, 188, 480]
[-315, 188, 479]
[-316, 189, 479]
[-316, 189, 478]
[-317, 190, 477]
[-318, 190, 477]
[-318, 191, 476]
[-319, 191, 475]
[-319, 192, 474]
[-320, 192, 474]
[-321, 193, 473]
[-321, 193, 472]
[-322, 194, 471]
[-322, 194, 471]
[-323, 195, 470]
[-323, 195, 469]
[-324, 196, 468]
[-324, 196, 468]
[-324, 197, 467]
[-325, 197, 466]
[-325, 198, 465]
[-326, 198, 464]
[-326, 199, 464]
[-326, 199, 463]
[-327, 200, 462]
[-327, 200, 461]
[-327, 201, 460]
[-327, 201, 459]
[-328, 202, 458]
[-328, 202, 458]
[-328, 203, 457]
[-328, 203, 456]
[-328, 203, 455]
[-329, 204, 454]
[-329, 204, 453]
[-329, 205, 452]
[-329, 205, 451]
[-329, 206, 450]
[-329, 206, 449]
[-329, 207, 449]
[-329, 207, 448]
[-329, 207, 447]
[-330, 208, 446]
[-330, 208, 445]
[-330, 209, 444]
[-330, 209, 443]
[-330, 209, 442]
[-330, 210, 441]
[-330, 210, 440]
[-330, 211, 439]
[-330, 211, 438]
[-330, 211, 437]
[-330, 212, 436]
[-330, 212, 435]
[-330, 213, 434]
[-330, 213, 433]
[-330, 213, 432]
[-330, 214, 431]
[-330, 214, 430]
[-330, 214, 429]
[-329, 215, 428]
[-329, 215, 427]
[-329, 215, 426]
[-329, 216, 425]
[-329, 216, 424]
[-329, 216, 423]
[-329, 217, 421]
[-329, 217, 420]
[-329, 217, 419]
[-329, 218, 418]
[-329, 218, 417]
[-329, 218, 416]
[-329, 219, 415]
[-329, 219, 414]
[-329, 219, 413]
[-329, 220, 412]
[-329, 220, 411]
[-329, 220, 410]
[-329, 220, 409]
[-329, 221, 407]
[-329, 221, 406]
[-329, 221, 405]
[-329, 222, 404]
[-329, 222, 403]
[-329, 222, 402]
[-329, 222, 401]
[-329, 223, 400]
[-329, 223, 399]
[-329, 223, 398]
[-329, 223, 396]
[-329, 223, 395]
[-329, 224, 394]
[-329, 224, 393]
[-329, 224, 392]
[-329, 224, 391]
[-329, 225, 390]
[-329, 225, 389]
[-329, 225, 387]
[-329, 225, 386]
[-329, 225, 385]
[-329, 225, 384]
[-329, 226, 383]
[-329, 226, 382]
[-329, 226, 381]
[-329, 226, 380]
[-329, 226, 379]
[-329, 226, 377]
[-329, 227, 376]
[-329, 227, 375]
[-329, 227, 374]
[-329, 227, 373]
[-329, 227, 372]
[-329, 227, 371]
[-329, 227, 370]
[-329, 227, 368]
[-330, 227, 367]
[-330, 227, 366]
[-330, 228, 365]
[-330, 228, 364]
[-330, 228, 363]
[-330, 228, 362]
[-330, 228, 361]
[-330, 228, 360]
[-330, 228, 359]
[-330, 228, 357]
[-330, 228, 356]
[-330, 228, 355]
[-330, 228, 354]
[-330, 228, 353]
[-330, 228, 352]
