# Curve Parameters
# y_end: 246
# loops: 1
# A (south bulge): 120
# B (lateral wiggle): 20
# samples: 350
#
# Analysis Results
# max_grade: 0.956838
# length_3d: 357.51
# length_2d: 316.42
# min_horiz_step: 0.222167
# status: OK
#
# Coordinates (x, y, z)
#==================================================

[-199, 98, 410]
[-199, 98, 411]
[-199, 98, 412]
[-199, 98, 413]
[-199, 98, 414]
[-199, 98, 415]
[-199, 98, 416]
[-199, 98, 417]
[-199, 98, 419]
[-199, 98, 420]
[-199, 98, 421]
[-199, 98, 422]
[-199, 99, 423]
[-199, 99, 424]
[-200, 99, 425]
[-200, 99, 426]
[-200, 99, 427]
[-200, 99, 428]
[-200, 99, 429]
[-200, 99, 430]
[-200, 99, 431]
[-200, 100, 432]
[-200, 100, 433]
[-200, 100, 434]
[-200, 100, 435]
[-200, 100, 436]
[-201, 100, 437]
[-201, 101, 438]
[-201, 101, 439]
[-201, 101, 440]
[-201, 101, 441]
[-201, 101, 442]
[-201, 102, 443]
[-201, 102, 444]
[-201, 102, 445]
[-202, 102, 446]
[-202, 102, 446]
[-202, 103, 447]
[-202, 103, 448]
[-202, 103, 449]
[-202, 103, 450]
[-202, 104, 451]
[-202, 104, 452]
[-202, 104, 453]
[-203, 104, 454]
[-203, 105, 455]
[-203, 105, 456]
[-203, 105, 456]
[-203, 106, 457]
[-203, 106, 458]
[-203, 106, 459]
[-203, 107, 460]
[-204, 107, 461]
[-204, 107, 461]
[-204, 108, 462]
[-204, 108, 463]
[-204, 108, 464]
[-204, 109, 465]
[-204, 109, 466]
[-204, 109, 466]
[-205, 110, 467]
[-205, 110, 468]
[-205, 110, 469]
[-205, 111, 469]
[-205, 111, 470]
[-205, 111, 471]
[-205, 112, 472]
[-206, 112, 472]
[-206, 113, 473]
[-206, 113, 474]
[-206, 113, 475]
[-206, 114, 475]
[-206, 114, 476]
[-207, 115, 477]
[-207, 115, 477]
[-207, 116, 478]
[-207, 116, 479]
[-207, 116, 479]
[-207, 117, 480]
[-208, 117, 481]
[-208, 118, 481]
[-208, 118, 482]
[-208, 119, 483]
[-208, 119, 483]
[-209, 120, 484]
[-209, 120, 484]
[-209, 121, 485]
[-209, 121, 486]
[-210, 121, 486]
[-210, 122, 487]
[-210, 122, 487]
[-210, 123, 488]
[-211, 123, 488]
[-211, 124, 489]
[-211, 124, 489]
[-212, 125, 490]
[-212, 125, 491]
[-212, 126, 491]
[-212, 126, 492]
[-213, 127, 492]
[-213, 127, 492]
[-213, 128, 493]
[-214, 129, 493]
[-214, 129, 494]
[-215, 130, 494]
[-215, 130, 495]
[-215, 131, 495]
[-216, 131, 496]
[-216, 132, 496]
[-217, 132, 496]
[-217, 133, 497]
[-217, 133, 497]
[-218, 134, 497]
[-218, 134, 498]
[-219, 135, 498]
[-219, 136, 498]
[-220, 136, 499]
[-220, 137, 499]
[-221, 137, 499]
[-221, 138, 500]
[-222, 138, 500]
[-222, 139, 500]
[-223, 140, 501]
[-224, 140, 501]
[-224, 141, 501]
[-225, 141, 501]
[-225, 142, 502]
[-226, 143, 502]
[-227, 143, 502]
[-227, 144, 502]
[-228, 144, 502]
[-228, 145, 503]
[-229, 146, 503]
[-230, 146, 503]
[-230, 147, 503]
[-231, 147, 503]
[-232, 148, 503]
[-233, 149, 503]
[-233, 149, 504]
[-234, 150, 504]
[-235, 150, 504]
[-236, 151, 504]
[-236, 152, 504]
[-237, 152, 504]
[-238, 153, 504]
[-239, 153, 504]
[-239, 154, 504]
[-240, 155, 504]
[-241, 155, 504]
[-242, 156, 504]
[-243, 157, 504]
[-243, 157, 504]
[-244, 158, 504]
[-245, 158, 504]
[-246, 159, 504]
[-247, 160, 504]
[-248, 160, 504]
[-249, 161, 504]
[-250, 162, 504]
[-250, 162, 504]
[-251, 163, 504]
[-252, 163, 503]
[-253, 164, 503]
[-254, 165, 503]
[-255, 165, 503]
[-256, 166, 503]
[-257, 167, 503]
[-258, 167, 503]
[-259, 168, 502]
[-259, 169, 502]
[-260, 169, 502]
[-261, 170, 502]
[-262, 170, 502]
[-263, 171, 501]
[-264, 172, 501]
[-265, 172, 501]
[-266, 173, 501]
[-267, 174, 500]
[-268, 174, 500]
[-269, 175, 500]
[-270, 175, 499]
[-270, 176, 499]
[-271, 177, 499]
[-272, 177, 499]
[-273, 178, 498]
[-274, 179, 498]
[-275, 179, 497]
[-276, 180, 497]
[-277, 181, 497]
[-278, 181, 496]
[-279, 182, 496]
[-279, 182, 496]
[-280, 183, 495]
[-281, 184, 495]
[-282, 184, 494]
[-283, 185, 494]
[-284, 186, 493]
[-285, 186, 493]
[-286, 187, 493]
[-286, 187, 492]
[-287, 188, 492]
[-288, 189, 491]
[-289, 189, 491]
[-290, 190, 490]
[-290, 191, 490]
[-291, 191, 489]
[-292, 192, 488]
[-293, 192, 488]
[-293, 193, 487]
[-294, 194, 487]
[-295, 194, 486]
[-296, 195, 486]
[-296, 195, 485]
[-297, 196, 484]
[-298, 197, 484]
[-299, 197, 483]
[-299, 198, 483]
[-300, 198, 482]
[-301, 199, 481]
[-301, 200, 481]
[-302, 200, 480]
[-302, 201, 479]
[-303, 201, 479]
[-304, 202, 478]
[-304, 203, 477]
[-305, 203, 477]
[-305, 204, 476]
[-306, 204, 475]
[-307, 205, 474]
[-307, 206, 474]
[-308, 206, 473]
[-308, 207, 472]
[-309, 207, 471]
[-309, 208, 471]
[-310, 208, 470]
[-310, 209, 469]
[-311, 210, 468]
[-311, 210, 468]
[-312, 211, 467]
[-312, 211, 466]
[-312, 212, 465]
[-313, 212, 464]
[-313, 213, 464]
[-314, 213, 463]
[-314, 214, 462]
[-314, 214, 461]
[-315, 215, 460]
[-315, 215, 459]
[-316, 216, 458]
[-316, 217, 458]
[-316, 217, 457]
[-317, 218, 456]
[-317, 218, 455]
[-317, 219, 454]
[-317, 219, 453]
[-318, 220, 452]
[-318, 220, 451]
[-318, 221, 450]
[-319, 221, 449]
[-319, 222, 449]
[-319, 222, 448]
[-319, 223, 447]
[-320, 223, 446]
[-320, 223, 445]
[-320, 224, 444]
[-320, 224, 443]
[-321, 225, 442]
[-321, 225, 441]
[-321, 226, 440]
[-321, 226, 439]
[-321, 227, 438]
[-322, 227, 437]
[-322, 228, 436]
[-322, 228, 435]
[-322, 228, 434]
[-322, 229, 433]
[-322, 229, 432]
[-323, 230, 431]
[-323, 230, 430]
[-323, 231, 429]
[-323, 231, 428]
[-323, 231, 427]
[-323, 232, 426]
[-324, 232, 425]
[-324, 233, 424]
[-324, 233, 423]
[-324, 233, 421]
[-324, 234, 420]
[-324, 234, 419]
[-324, 234, 418]
[-325, 235, 417]
[-325, 235, 416]
[-325, 235, 415]
[-325, 236, 414]
[-325, 236, 413]
[-325, 236, 412]
[-325, 237, 411]
[-325, 237, 410]
[-326, 237, 409]
[-326, 238, 407]
[-326, 238, 406]
[-326, 238, 405]
[-326, 239, 404]
[-326, 239, 403]
[-326, 239, 402]
[-326, 240, 401]
[-327, 240, 400]
[-327, 240, 399]
[-327, 240, 398]
[-327, 241, 396]
[-327, 241, 395]
[-327, 241, 394]
[-327, 241, 393]
[-327, 242, 392]
[-327, 242, 391]
[-328, 242, 390]
[-328, 242, 389]
[-328, 242, 387]
[-328, 243, 386]
[-328, 243, 385]
[-328, 243, 384]
[-328, 243, 383]
[-328, 243, 382]
[-328, 244, 381]
[-329, 244, 380]
[-329, 244, 379]
[-329, 244, 377]
[-329, 244, 376]
[-329, 244, 375]
[-329, 245, 374]
[-329, 245, 373]
[-329, 245, 372]
[-329, 245, 371]
[-329, 245, 370]
[-329, 245, 368]
[-329, 245, 367]
[-330, 245, 366]
[-330, 245, 365]
[-330, 246, 364]
[-330, 246, 363]
[-330, 246, 362]
[-330, 246, 361]
[-330, 246, 360]
[-330, 246, 359]
[-330, 246, 357]
[-330, 246, 356]
[-330, 246, 355]
[-330, 246, 354]
[-330, 246, 353]
[-330, 246, 352]
