# Curve Parameters
# y_end: 254
# loops: 1
# A (south bulge): 140
# B (lateral wiggle): 40
# samples: 350
#
# Analysis Results
# max_grade: 0.946822
# length_3d: 412.50
# length_2d: 373.34
# min_horiz_step: 0.235202
# status: OK
#
# Coordinates (x, y, z)
#==================================================

[-199, 98, 410]
[-199, 98, 411]
[-199, 98, 413]
[-199, 98, 414]
[-199, 98, 415]
[-199, 98, 416]
[-199, 98, 418]
[-199, 98, 419]
[-199, 98, 420]
[-199, 98, 421]
[-199, 98, 422]
[-199, 98, 424]
[-199, 99, 425]
[-199, 99, 426]
[-199, 99, 427]
[-200, 99, 429]
[-200, 99, 430]
[-200, 99, 431]
[-200, 99, 432]
[-200, 99, 433]
[-200, 99, 435]
[-200, 100, 436]
[-200, 100, 437]
[-200, 100, 438]
[-200, 100, 439]
[-200, 100, 440]
[-200, 100, 442]
[-200, 101, 443]
[-200, 101, 444]
[-200, 101, 445]
[-200, 101, 446]
[-200, 101, 447]
[-200, 102, 448]
[-200, 102, 450]
[-200, 102, 451]
[-200, 102, 452]
[-200, 103, 453]
[-200, 103, 454]
[-200, 103, 455]
[-200, 103, 456]
[-200, 104, 457]
[-200, 104, 458]
[-200, 104, 459]
[-200, 105, 460]
[-200, 105, 461]
[-200, 105, 463]
[-200, 105, 464]
[-200, 106, 465]
[-200, 106, 466]
[-200, 106, 467]
[-200, 107, 468]
[-200, 107, 469]
[-200, 107, 470]
[-200, 108, 471]
[-200, 108, 472]
[-200, 108, 473]
[-200, 109, 474]
[-200, 109, 475]
[-200, 109, 476]
[-200, 110, 476]
[-200, 110, 477]
[-200, 111, 478]
[-200, 111, 479]
[-200, 111, 480]
[-200, 112, 481]
[-200, 112, 482]
[-200, 113, 483]
[-200, 113, 484]
[-200, 113, 485]
[-200, 114, 486]
[-199, 114, 486]
[-199, 115, 487]
[-199, 115, 488]
[-199, 116, 489]
[-199, 116, 490]
[-199, 117, 491]
[-199, 117, 491]
[-199, 117, 492]
[-199, 118, 493]
[-199, 118, 494]
[-199, 119, 495]
[-199, 119, 495]
[-199, 120, 496]
[-199, 120, 497]
[-199, 121, 498]
[-199, 121, 498]
[-199, 122, 499]
[-199, 122, 500]
[-200, 123, 500]
[-200, 123, 501]
[-200, 124, 502]
[-200, 124, 503]
[-200, 125, 503]
[-200, 125, 504]
[-200, 126, 504]
[-200, 126, 505]
[-200, 127, 506]
[-201, 127, 506]
[-201, 128, 507]
[-201, 129, 508]
[-201, 129, 508]
[-201, 130, 509]
[-202, 130, 509]
[-202, 131, 510]
[-202, 131, 510]
[-202, 132, 511]
[-203, 132, 511]
[-203, 133, 512]
[-203, 134, 512]
[-204, 134, 513]
[-204, 135, 513]
[-205, 135, 514]
[-205, 136, 514]
[-205, 136, 515]
[-206, 137, 515]
[-206, 138, 516]
[-207, 138, 516]
[-207, 139, 516]
[-208, 139, 517]
[-208, 140, 517]
[-209, 141, 518]
[-210, 141, 518]
[-210, 142, 518]
[-211, 142, 519]
[-211, 143, 519]
[-212, 144, 519]
[-213, 144, 520]
[-213, 145, 520]
[-214, 146, 520]
[-215, 146, 521]
[-216, 147, 521]
[-216, 147, 521]
[-217, 148, 521]
[-218, 149, 521]
[-219, 149, 522]
[-220, 150, 522]
[-221, 151, 522]
[-221, 151, 522]
[-222, 152, 522]
[-223, 153, 523]
[-224, 153, 523]
[-225, 154, 523]
[-226, 154, 523]
[-227, 155, 523]
[-228, 156, 523]
[-229, 156, 523]
[-230, 157, 523]
[-231, 158, 524]
[-232, 158, 524]
[-233, 159, 524]
[-235, 160, 524]
[-236, 160, 524]
[-237, 161, 524]
[-238, 162, 524]
[-239, 162, 524]
[-240, 163, 524]
[-241, 164, 524]
[-243, 164, 524]
[-244, 165, 524]
[-245, 166, 523]
[-246, 166, 523]
[-247, 167, 523]
[-249, 168, 523]
[-250, 168, 523]
[-251, 169, 523]
[-252, 170, 523]
[-254, 170, 523]
[-255, 171, 523]
[-256, 172, 522]
[-257, 172, 522]
[-259, 173, 522]
[-260, 174, 522]
[-261, 174, 522]
[-263, 175, 521]
[-264, 176, 521]
[-265, 176, 521]
[-266, 177, 521]
[-268, 178, 520]
[-269, 178, 520]
[-270, 179, 520]
[-272, 180, 519]
[-273, 180, 519]
[-274, 181, 519]
[-275, 182, 518]
[-277, 182, 518]
[-278, 183, 518]
[-279, 184, 517]
[-280, 184, 517]
[-282, 185, 517]
[-283, 186, 516]
[-284, 186, 516]
[-285, 187, 515]
[-286, 188, 515]
[-288, 188, 514]
[-289, 189, 514]
[-290, 190, 514]
[-291, 190, 513]
[-292, 191, 513]
[-293, 192, 512]
[-294, 192, 512]
[-296, 193, 511]
[-297, 194, 510]
[-298, 194, 510]
[-299, 195, 509]
[-300, 196, 509]
[-301, 196, 508]
[-302, 197, 508]
[-303, 198, 507]
[-304, 198, 506]
[-305, 199, 506]
[-306, 199, 505]
[-307, 200, 505]
[-308, 201, 504]
[-308, 201, 503]
[-309, 202, 503]
[-310, 203, 502]
[-311, 203, 501]
[-312, 204, 500]
[-313, 205, 500]
[-313, 205, 499]
[-314, 206, 498]
[-315, 206, 498]
[-316, 207, 497]
[-316, 208, 496]
[-317, 208, 495]
[-318, 209, 495]
[-318, 210, 494]
[-319, 210, 493]
[-319, 211, 492]
[-320, 211, 491]
[-321, 212, 491]
[-321, 213, 490]
[-322, 213, 489]
[-322, 214, 488]
[-323, 214, 487]
[-323, 215, 486]
[-324, 216, 485]
[-324, 216, 485]
[-324, 217, 484]
[-325, 217, 483]
[-325, 218, 482]
[-326, 218, 481]
[-326, 219, 480]
[-326, 220, 479]
[-327, 220, 478]
[-327, 221, 477]
[-327, 221, 476]
[-327, 222, 475]
[-328, 222, 474]
[-328, 223, 473]
[-328, 223, 472]
[-328, 224, 471]
[-328, 225, 470]
[-329, 225, 469]
[-329, 226, 468]
[-329, 226, 467]
[-329, 227, 466]
[-329, 227, 465]
[-329, 228, 464]
[-329, 228, 463]
[-329, 229, 462]
[-329, 229, 461]
[-330, 230, 460]
[-330, 230, 459]
[-330, 231, 458]
[-330, 231, 457]
[-330, 232, 455]
[-330, 232, 454]
[-330, 233, 453]
[-330, 233, 452]
[-330, 234, 451]
[-330, 234, 450]
[-330, 235, 449]
[-330, 235, 448]
[-330, 235, 446]
[-330, 236, 445]
[-330, 236, 444]
[-330, 237, 443]
[-330, 237, 442]
[-330, 238, 441]
[-329, 238, 439]
[-329, 239, 438]
[-329, 239, 437]
[-329, 239, 436]
[-329, 240, 435]
[-329, 240, 433]
[-329, 241, 432]
[-329, 241, 431]
[-329, 241, 430]
[-329, 242, 429]
[-329, 242, 427]
[-329, 243, 426]
[-329, 243, 425]
[-329, 243, 424]
[-329, 244, 422]
[-329, 244, 421]
[-329, 244, 420]
[-329, 245, 419]
[-329, 245, 417]
[-329, 245, 416]
[-329, 246, 415]
[-329, 246, 414]
[-329, 246, 412]
[-329, 247, 411]
[-329, 247, 410]
[-329, 247, 409]
[-329, 247, 407]
[-329, 248, 406]
[-329, 248, 405]
[-329, 248, 403]
[-329, 249, 402]
[-329, 249, 401]
[-329, 249, 400]
[-329, 249, 398]
[-329, 250, 397]
[-329, 250, 396]
[-329, 250, 394]
[-329, 250, 393]
[-329, 251, 392]
[-329, 251, 391]
[-329, 251, 389]
[-329, 251, 388]
[-329, 251, 387]
[-329, 252, 385]
[-329, 252, 384]
[-329, 252, 383]
[-329, 252, 382]
[-329, 252, 380]
[-329, 252, 379]
[-329, 253, 378]
[-329, 253, 376]
[-329, 253, 375]
[-329, 253, 374]
[-329, 253, 372]
[-329, 253, 371]
[-330, 253, 370]
[-330, 253, 369]
[-330, 253, 367]
[-330, 254, 366]
[-330, 254, 365]
[-330, 254, 363]
[-330, 254, 362]
[-330, 254, 361]
[-330, 254, 360]
[-330, 254, 358]
[-330, 254, 357]
[-330, 254, 356]
[-330, 254, 355]
[-330, 254, 353]
[-330, 254, 352]
