# Curve Parameters
# y_end: 244
# loops: 1
# A (south bulge): 140
# B (lateral wiggle): 20
# samples: 350
#
# Analysis Results
# max_grade: 0.866555
# length_3d: 390.06
# length_2d: 352.40
# min_horiz_step: 0.249812
# status: OK
#
# Coordinates (x, y, z)
#==================================================

[-199, 98, 410]
[-199, 98, 411]
[-199, 98, 413]
[-199, 98, 414]
[-199, 98, 415]
[-199, 98, 416]
[-199, 98, 418]
[-199, 98, 419]
[-199, 98, 420]
[-199, 98, 421]
[-199, 98, 422]
[-199, 98, 424]
[-199, 99, 425]
[-199, 99, 426]
[-200, 99, 427]
[-200, 99, 429]
[-200, 99, 430]
[-200, 99, 431]
[-200, 99, 432]
[-200, 99, 433]
[-200, 99, 435]
[-200, 100, 436]
[-200, 100, 437]
[-200, 100, 438]
[-200, 100, 439]
[-200, 100, 440]
[-201, 100, 442]
[-201, 100, 443]
[-201, 101, 444]
[-201, 101, 445]
[-201, 101, 446]
[-201, 101, 447]
[-201, 101, 448]
[-201, 102, 450]
[-201, 102, 451]
[-202, 102, 452]
[-202, 102, 453]
[-202, 103, 454]
[-202, 103, 455]
[-202, 103, 456]
[-202, 103, 457]
[-202, 104, 458]
[-202, 104, 459]
[-202, 104, 460]
[-203, 104, 461]
[-203, 105, 463]
[-203, 105, 464]
[-203, 105, 465]
[-203, 106, 466]
[-203, 106, 467]
[-203, 106, 468]
[-203, 106, 469]
[-204, 107, 470]
[-204, 107, 471]
[-204, 107, 472]
[-204, 108, 473]
[-204, 108, 474]
[-204, 108, 475]
[-204, 109, 476]
[-204, 109, 476]
[-205, 109, 477]
[-205, 110, 478]
[-205, 110, 479]
[-205, 111, 480]
[-205, 111, 481]
[-205, 111, 482]
[-205, 112, 483]
[-206, 112, 484]
[-206, 112, 485]
[-206, 113, 486]
[-206, 113, 486]
[-206, 114, 487]
[-206, 114, 488]
[-207, 114, 489]
[-207, 115, 490]
[-207, 115, 491]
[-207, 116, 491]
[-207, 116, 492]
[-207, 117, 493]
[-208, 117, 494]
[-208, 117, 495]
[-208, 118, 495]
[-208, 118, 496]
[-208, 119, 497]
[-209, 119, 498]
[-209, 120, 498]
[-209, 120, 499]
[-209, 121, 500]
[-210, 121, 500]
[-210, 122, 501]
[-210, 122, 502]
[-210, 123, 503]
[-211, 123, 503]
[-211, 124, 504]
[-211, 124, 504]
[-212, 125, 505]
[-212, 125, 506]
[-212, 126, 506]
[-212, 126, 507]
[-213, 127, 508]
[-213, 127, 508]
[-213, 128, 509]
[-214, 128, 509]
[-214, 129, 510]
[-215, 129, 510]
[-215, 130, 511]
[-215, 130, 511]
[-216, 131, 512]
[-216, 131, 512]
[-217, 132, 513]
[-217, 132, 513]
[-217, 133, 514]
[-218, 133, 514]
[-218, 134, 515]
[-219, 135, 515]
[-219, 135, 516]
[-220, 136, 516]
[-220, 136, 516]
[-221, 137, 517]
[-221, 137, 517]
[-222, 138, 518]
[-222, 138, 518]
[-223, 139, 518]
[-224, 140, 519]
[-224, 140, 519]
[-225, 141, 519]
[-225, 141, 520]
[-226, 142, 520]
[-227, 143, 520]
[-227, 143, 521]
[-228, 144, 521]
[-228, 144, 521]
[-229, 145, 521]
[-230, 145, 521]
[-230, 146, 522]
[-231, 147, 522]
[-232, 147, 522]
[-233, 148, 522]
[-233, 148, 522]
[-234, 149, 523]
[-235, 150, 523]
[-236, 150, 523]
[-236, 151, 523]
[-237, 151, 523]
[-238, 152, 523]
[-239, 153, 523]
[-239, 153, 523]
[-240, 154, 524]
[-241, 154, 524]
[-242, 155, 524]
[-243, 156, 524]
[-243, 156, 524]
[-244, 157, 524]
[-245, 158, 524]
[-246, 158, 524]
[-247, 159, 524]
[-248, 159, 524]
[-249, 160, 524]
[-250, 161, 524]
[-250, 161, 523]
[-251, 162, 523]
[-252, 163, 523]
[-253, 163, 523]
[-254, 164, 523]
[-255, 164, 523]
[-256, 165, 523]
[-257, 166, 523]
[-258, 166, 523]
[-259, 167, 522]
[-259, 168, 522]
[-260, 168, 522]
[-261, 169, 522]
[-262, 169, 522]
[-263, 170, 521]
[-264, 171, 521]
[-265, 171, 521]
[-266, 172, 521]
[-267, 173, 520]
[-268, 173, 520]
[-269, 174, 520]
[-270, 174, 519]
[-270, 175, 519]
[-271, 176, 519]
[-272, 176, 518]
[-273, 177, 518]
[-274, 178, 518]
[-275, 178, 517]
[-276, 179, 517]
[-277, 179, 517]
[-278, 180, 516]
[-279, 181, 516]
[-279, 181, 515]
[-280, 182, 515]
[-281, 183, 514]
[-282, 183, 514]
[-283, 184, 514]
[-284, 184, 513]
[-285, 185, 513]
[-286, 186, 512]
[-286, 186, 512]
[-287, 187, 511]
[-288, 188, 510]
[-289, 188, 510]
[-290, 189, 509]
[-290, 189, 509]
[-291, 190, 508]
[-292, 191, 508]
[-293, 191, 507]
[-293, 192, 506]
[-294, 192, 506]
[-295, 193, 505]
[-296, 194, 505]
[-296, 194, 504]
[-297, 195, 503]
[-298, 195, 503]
[-299, 196, 502]
[-299, 197, 501]
[-300, 197, 500]
[-301, 198, 500]
[-301, 198, 499]
[-302, 199, 498]
[-302, 199, 498]
[-303, 200, 497]
[-304, 201, 496]
[-304, 201, 495]
[-305, 202, 495]
[-305, 202, 494]
[-306, 203, 493]
[-307, 204, 492]
[-307, 204, 491]
[-308, 205, 491]
[-308, 205, 490]
[-309, 206, 489]
[-309, 206, 488]
[-310, 207, 487]
[-310, 207, 486]
[-311, 208, 485]
[-311, 209, 485]
[-312, 209, 484]
[-312, 210, 483]
[-312, 210, 482]
[-313, 211, 481]
[-313, 211, 480]
[-314, 212, 479]
[-314, 212, 478]
[-314, 213, 477]
[-315, 213, 476]
[-315, 214, 475]
[-316, 214, 474]
[-316, 215, 473]
[-316, 215, 472]
[-317, 216, 471]
[-317, 216, 470]
[-317, 217, 469]
[-317, 217, 468]
[-318, 218, 467]
[-318, 218, 466]
[-318, 219, 465]
[-319, 219, 464]
[-319, 220, 463]
[-319, 220, 462]
[-319, 221, 461]
[-320, 221, 460]
[-320, 222, 459]
[-320, 222, 458]
[-320, 223, 457]
[-321, 223, 455]
[-321, 224, 454]
[-321, 224, 453]
[-321, 225, 452]
[-321, 225, 451]
[-322, 225, 450]
[-322, 226, 449]
[-322, 226, 448]
[-322, 227, 446]
[-322, 227, 445]
[-322, 228, 444]
[-323, 228, 443]
[-323, 228, 442]
[-323, 229, 441]
[-323, 229, 439]
[-323, 230, 438]
[-323, 230, 437]
[-324, 230, 436]
[-324, 231, 435]
[-324, 231, 433]
[-324, 231, 432]
[-324, 232, 431]
[-324, 232, 430]
[-324, 233, 429]
[-325, 233, 427]
[-325, 233, 426]
[-325, 234, 425]
[-325, 234, 424]
[-325, 234, 422]
[-325, 235, 421]
[-325, 235, 420]
[-325, 235, 419]
[-326, 236, 417]
[-326, 236, 416]
[-326, 236, 415]
[-326, 236, 414]
[-326, 237, 412]
[-326, 237, 411]
[-326, 237, 410]
[-326, 238, 409]
[-327, 238, 407]
[-327, 238, 406]
[-327, 238, 405]
[-327, 239, 403]
[-327, 239, 402]
[-327, 239, 401]
[-327, 239, 400]
[-327, 240, 398]
[-327, 240, 397]
[-328, 240, 396]
[-328, 240, 394]
[-328, 241, 393]
[-328, 241, 392]
[-328, 241, 391]
[-328, 241, 389]
[-328, 241, 388]
[-328, 242, 387]
[-328, 242, 385]
[-329, 242, 384]
[-329, 242, 383]
[-329, 242, 382]
[-329, 242, 380]
[-329, 242, 379]
[-329, 243, 378]
[-329, 243, 376]
[-329, 243, 375]
[-329, 243, 374]
[-329, 243, 372]
[-329, 243, 371]
[-329, 243, 370]
[-330, 243, 369]
[-330, 243, 367]
[-330, 244, 366]
[-330, 244, 365]
[-330, 244, 363]
[-330, 244, 362]
[-330, 244, 361]
[-330, 244, 360]
[-330, 244, 358]
[-330, 244, 357]
[-330, 244, 356]
[-330, 244, 355]
[-330, 244, 353]
[-330, 244, 352]
