# Curve Parameters
# y_end: 230
# loops: 1
# A (south bulge): 120
# B (lateral wiggle): 40
# samples: 350
#
# Analysis Results
# max_grade: 0.923448
# length_3d: 367.87
# length_2d: 337.06
# min_horiz_step: 0.199709
# status: OK
#
# Coordinates (x, y, z)
#==================================================

[-199, 98, 410]
[-199, 98, 411]
[-199, 98, 412]
[-199, 98, 413]
[-199, 98, 414]
[-199, 98, 415]
[-199, 98, 416]
[-199, 98, 417]
[-199, 98, 419]
[-199, 98, 420]
[-199, 98, 421]
[-199, 98, 422]
[-199, 98, 423]
[-199, 99, 424]
[-199, 99, 425]
[-200, 99, 426]
[-200, 99, 427]
[-200, 99, 428]
[-200, 99, 429]
[-200, 99, 430]
[-200, 99, 431]
[-200, 99, 432]
[-200, 100, 433]
[-200, 100, 434]
[-200, 100, 435]
[-200, 100, 436]
[-200, 100, 437]
[-200, 100, 438]
[-200, 100, 439]
[-200, 101, 440]
[-200, 101, 441]
[-200, 101, 442]
[-200, 101, 443]
[-200, 101, 444]
[-200, 102, 445]
[-200, 102, 446]
[-200, 102, 446]
[-200, 102, 447]
[-200, 102, 448]
[-200, 103, 449]
[-200, 103, 450]
[-200, 103, 451]
[-200, 103, 452]
[-200, 104, 453]
[-200, 104, 454]
[-200, 104, 455]
[-200, 104, 456]
[-200, 105, 456]
[-200, 105, 457]
[-200, 105, 458]
[-200, 105, 459]
[-200, 106, 460]
[-200, 106, 461]
[-200, 106, 461]
[-200, 107, 462]
[-200, 107, 463]
[-200, 107, 464]
[-200, 107, 465]
[-200, 108, 466]
[-200, 108, 466]
[-200, 108, 467]
[-200, 109, 468]
[-200, 109, 469]
[-200, 109, 469]
[-200, 110, 470]
[-200, 110, 471]
[-200, 110, 472]
[-200, 111, 472]
[-200, 111, 473]
[-200, 111, 474]
[-199, 112, 475]
[-199, 112, 475]
[-199, 113, 476]
[-199, 113, 477]
[-199, 113, 477]
[-199, 114, 478]
[-199, 114, 479]
[-199, 114, 479]
[-199, 115, 480]
[-199, 115, 481]
[-199, 116, 481]
[-199, 116, 482]
[-199, 116, 483]
[-199, 117, 483]
[-199, 117, 484]
[-199, 118, 484]
[-199, 118, 485]
[-199, 119, 486]
[-200, 119, 486]
[-200, 119, 487]
[-200, 120, 487]
[-200, 120, 488]
[-200, 121, 488]
[-200, 121, 489]
[-200, 122, 489]
[-200, 122, 490]
[-200, 122, 491]
[-201, 123, 491]
[-201, 123, 492]
[-201, 124, 492]
[-201, 124, 492]
[-201, 125, 493]
[-202, 125, 493]
[-202, 126, 494]
[-202, 126, 494]
[-202, 127, 495]
[-203, 127, 495]
[-203, 128, 496]
[-203, 128, 496]
[-204, 129, 496]
[-204, 129, 497]
[-205, 130, 497]
[-205, 130, 497]
[-205, 131, 498]
[-206, 131, 498]
[-206, 132, 498]
[-207, 132, 499]
[-207, 133, 499]
[-208, 133, 499]
[-208, 134, 500]
[-209, 134, 500]
[-210, 135, 500]
[-210, 135, 501]
[-211, 136, 501]
[-211, 136, 501]
[-212, 137, 501]
[-213, 137, 502]
[-213, 138, 502]
[-214, 138, 502]
[-215, 139, 502]
[-216, 139, 502]
[-216, 140, 503]
[-217, 140, 503]
[-218, 141, 503]
[-219, 141, 503]
[-220, 142, 503]
[-221, 143, 503]
[-221, 143, 503]
[-222, 144, 504]
[-223, 144, 504]
[-224, 145, 504]
[-225, 145, 504]
[-226, 146, 504]
[-227, 146, 504]
[-228, 147, 504]
[-229, 147, 504]
[-230, 148, 504]
[-231, 149, 504]
[-232, 149, 504]
[-233, 150, 504]
[-235, 150, 504]
[-236, 151, 504]
[-237, 151, 504]
[-238, 152, 504]
[-239, 152, 504]
[-240, 153, 504]
[-241, 154, 504]
[-243, 154, 504]
[-244, 155, 504]
[-245, 155, 504]
[-246, 156, 504]
[-247, 156, 503]
[-249, 157, 503]
[-250, 157, 503]
[-251, 158, 503]
[-252, 159, 503]
[-254, 159, 503]
[-255, 160, 503]
[-256, 160, 502]
[-257, 161, 502]
[-259, 161, 502]
[-260, 162, 502]
[-261, 163, 502]
[-263, 163, 501]
[-264, 164, 501]
[-265, 164, 501]
[-266, 165, 501]
[-268, 165, 500]
[-269, 166, 500]
[-270, 167, 500]
[-272, 167, 499]
[-273, 168, 499]
[-274, 168, 499]
[-275, 169, 499]
[-277, 169, 498]
[-278, 170, 498]
[-279, 171, 497]
[-280, 171, 497]
[-282, 172, 497]
[-283, 172, 496]
[-284, 173, 496]
[-285, 173, 496]
[-286, 174, 495]
[-288, 174, 495]
[-289, 175, 494]
[-290, 176, 494]
[-291, 176, 493]
[-292, 177, 493]
[-293, 177, 493]
[-294, 178, 492]
[-296, 178, 492]
[-297, 179, 491]
[-298, 179, 491]
[-299, 180, 490]
[-300, 181, 490]
[-301, 181, 489]
[-302, 182, 488]
[-303, 182, 488]
[-304, 183, 487]
[-305, 183, 487]
[-306, 184, 486]
[-307, 184, 486]
[-308, 185, 485]
[-308, 185, 484]
[-309, 186, 484]
[-310, 187, 483]
[-311, 187, 483]
[-312, 188, 482]
[-313, 188, 481]
[-313, 189, 481]
[-314, 189, 480]
[-315, 190, 479]
[-316, 190, 479]
[-316, 191, 478]
[-317, 191, 477]
[-318, 192, 477]
[-318, 192, 476]
[-319, 193, 475]
[-319, 193, 474]
[-320, 194, 474]
[-321, 194, 473]
[-321, 195, 472]
[-322, 195, 471]
[-322, 196, 471]
[-323, 196, 470]
[-323, 197, 469]
[-324, 197, 468]
[-324, 198, 468]
[-324, 198, 467]
[-325, 199, 466]
[-325, 199, 465]
[-326, 200, 464]
[-326, 200, 464]
[-326, 201, 463]
[-327, 201, 462]
[-327, 202, 461]
[-327, 202, 460]
[-327, 203, 459]
[-328, 203, 458]
[-328, 204, 458]
[-328, 204, 457]
[-328, 205, 456]
[-328, 205, 455]
[-329, 206, 454]
[-329, 206, 453]
[-329, 206, 452]
[-329, 207, 451]
[-329, 207, 450]
[-329, 208, 449]
[-329, 208, 449]
[-329, 209, 448]
[-329, 209, 447]
[-330, 209, 446]
[-330, 210, 445]
[-330, 210, 444]
[-330, 211, 443]
[-330, 211, 442]
[-330, 212, 441]
[-330, 212, 440]
[-330, 212, 439]
[-330, 213, 438]
[-330, 213, 437]
[-330, 214, 436]
[-330, 214, 435]
[-330, 214, 434]
[-330, 215, 433]
[-330, 215, 432]
[-330, 215, 431]
[-330, 216, 430]
[-330, 216, 429]
[-329, 217, 428]
[-329, 217, 427]
[-329, 217, 426]
[-329, 218, 425]
[-329, 218, 424]
[-329, 218, 423]
[-329, 219, 421]
[-329, 219, 420]
[-329, 219, 419]
[-329, 220, 418]
[-329, 220, 417]
[-329, 220, 416]
[-329, 221, 415]
[-329, 221, 414]
[-329, 221, 413]
[-329, 221, 412]
[-329, 222, 411]
[-329, 222, 410]
[-329, 222, 409]
[-329, 223, 407]
[-329, 223, 406]
[-329, 223, 405]
[-329, 223, 404]
[-329, 224, 403]
[-329, 224, 402]
[-329, 224, 401]
[-329, 224, 400]
[-329, 225, 399]
[-329, 225, 398]
[-329, 225, 396]
[-329, 225, 395]
[-329, 226, 394]
[-329, 226, 393]
[-329, 226, 392]
[-329, 226, 391]
[-329, 226, 390]
[-329, 227, 389]
[-329, 227, 387]
[-329, 227, 386]
[-329, 227, 385]
[-329, 227, 384]
[-329, 228, 383]
[-329, 228, 382]
[-329, 228, 381]
[-329, 228, 380]
[-329, 228, 379]
[-329, 228, 377]
[-329, 228, 376]
[-329, 229, 375]
[-329, 229, 374]
[-329, 229, 373]
[-329, 229, 372]
[-329, 229, 371]
[-329, 229, 370]
[-329, 229, 368]
[-330, 229, 367]
[-330, 229, 366]
[-330, 230, 365]
[-330, 230, 364]
[-330, 230, 363]
[-330, 230, 362]
[-330, 230, 361]
[-330, 230, 360]
[-330, 230, 359]
[-330, 230, 357]
[-330, 230, 356]
[-330, 230, 355]
[-330, 230, 354]
[-330, 230, 353]
[-330, 230, 352]
