# Curve Parameters
# y_end: 226
# loops: 1
# A (south bulge): 140
# B (lateral wiggle): 80
# samples: 350
#
# Analysis Results
# max_grade: 0.867877
# length_3d: 452.16
# length_2d: 428.63
# min_horiz_step: 0.209470
# status: OK
#
# Coordinates (x, y, z)
#==================================================

[-199, 98, 410]
[-199, 98, 411]
[-199, 98, 413]
[-199, 98, 414]
[-199, 98, 415]
[-199, 98, 416]
[-199, 98, 418]
[-199, 98, 419]
[-199, 98, 420]
[-199, 98, 421]
[-199, 98, 422]
[-199, 98, 424]
[-199, 98, 425]
[-199, 99, 426]
[-199, 99, 427]
[-199, 99, 429]
[-199, 99, 430]
[-199, 99, 431]
[-199, 99, 432]
[-199, 99, 433]
[-199, 99, 435]
[-199, 99, 436]
[-199, 99, 437]
[-199, 100, 438]
[-199, 100, 439]
[-199, 100, 440]
[-199, 100, 442]
[-199, 100, 443]
[-199, 100, 444]
[-199, 101, 445]
[-199, 101, 446]
[-199, 101, 447]
[-199, 101, 448]
[-198, 101, 450]
[-198, 101, 451]
[-198, 102, 452]
[-198, 102, 453]
[-198, 102, 454]
[-198, 102, 455]
[-197, 102, 456]
[-197, 103, 457]
[-197, 103, 458]
[-197, 103, 459]
[-197, 103, 460]
[-196, 104, 461]
[-196, 104, 463]
[-196, 104, 464]
[-195, 104, 465]
[-195, 105, 466]
[-195, 105, 467]
[-194, 105, 468]
[-194, 105, 469]
[-194, 106, 470]
[-193, 106, 471]
[-193, 106, 472]
[-193, 107, 473]
[-192, 107, 474]
[-192, 107, 475]
[-191, 107, 476]
[-191, 108, 476]
[-191, 108, 477]
[-190, 108, 478]
[-190, 109, 479]
[-189, 109, 480]
[-189, 109, 481]
[-188, 110, 482]
[-188, 110, 483]
[-188, 110, 484]
[-187, 111, 485]
[-187, 111, 486]
[-186, 111, 486]
[-186, 112, 487]
[-185, 112, 488]
[-185, 112, 489]
[-184, 113, 490]
[-184, 113, 491]
[-184, 114, 491]
[-183, 114, 492]
[-183, 114, 493]
[-182, 115, 494]
[-182, 115, 495]
[-182, 115, 495]
[-181, 116, 496]
[-181, 116, 497]
[-181, 117, 498]
[-180, 117, 498]
[-180, 117, 499]
[-180, 118, 500]
[-179, 118, 500]
[-179, 119, 501]
[-179, 119, 502]
[-178, 120, 503]
[-178, 120, 503]
[-178, 120, 504]
[-178, 121, 504]
[-178, 121, 505]
[-178, 122, 506]
[-177, 122, 506]
[-177, 123, 507]
[-177, 123, 508]
[-177, 124, 508]
[-177, 124, 509]
[-177, 124, 509]
[-177, 125, 510]
[-177, 125, 510]
[-178, 126, 511]
[-178, 126, 511]
[-178, 127, 512]
[-178, 127, 512]
[-178, 128, 513]
[-179, 128, 513]
[-179, 129, 514]
[-179, 129, 514]
[-180, 130, 515]
[-180, 130, 515]
[-180, 131, 516]
[-181, 131, 516]
[-181, 132, 516]
[-182, 132, 517]
[-182, 132, 517]
[-183, 133, 518]
[-184, 133, 518]
[-184, 134, 518]
[-185, 134, 519]
[-186, 135, 519]
[-187, 135, 519]
[-188, 136, 520]
[-188, 137, 520]
[-189, 137, 520]
[-190, 138, 521]
[-191, 138, 521]
[-192, 139, 521]
[-193, 139, 521]
[-194, 140, 521]
[-196, 140, 522]
[-197, 141, 522]
[-198, 141, 522]
[-199, 142, 522]
[-200, 142, 522]
[-202, 143, 523]
[-203, 143, 523]
[-204, 144, 523]
[-206, 144, 523]
[-207, 145, 523]
[-209, 145, 523]
[-210, 146, 523]
[-212, 146, 523]
[-213, 147, 524]
[-215, 148, 524]
[-217, 148, 524]
[-218, 149, 524]
[-220, 149, 524]
[-222, 150, 524]
[-223, 150, 524]
[-225, 151, 524]
[-227, 151, 524]
[-229, 152, 524]
[-231, 152, 524]
[-232, 153, 524]
[-234, 153, 523]
[-236, 154, 523]
[-238, 155, 523]
[-240, 155, 523]
[-242, 156, 523]
[-244, 156, 523]
[-246, 157, 523]
[-248, 157, 523]
[-250, 158, 523]
[-252, 158, 522]
[-254, 159, 522]
[-256, 160, 522]
[-257, 160, 522]
[-259, 161, 522]
[-261, 161, 521]
[-263, 162, 521]
[-266, 162, 521]
[-268, 163, 521]
[-270, 163, 520]
[-272, 164, 520]
[-273, 164, 520]
[-275, 165, 519]
[-277, 166, 519]
[-279, 166, 519]
[-281, 167, 518]
[-283, 167, 518]
[-285, 168, 518]
[-287, 168, 517]
[-289, 169, 517]
[-291, 169, 517]
[-293, 170, 516]
[-295, 171, 516]
[-297, 171, 515]
[-298, 172, 515]
[-300, 172, 514]
[-302, 173, 514]
[-304, 173, 514]
[-306, 174, 513]
[-307, 174, 513]
[-309, 175, 512]
[-311, 175, 512]
[-312, 176, 511]
[-314, 176, 510]
[-316, 177, 510]
[-317, 178, 509]
[-319, 178, 509]
[-320, 179, 508]
[-322, 179, 508]
[-323, 180, 507]
[-325, 180, 506]
[-326, 181, 506]
[-327, 181, 505]
[-329, 182, 505]
[-330, 182, 504]
[-331, 183, 503]
[-332, 183, 503]
[-333, 184, 502]
[-335, 184, 501]
[-336, 185, 500]
[-337, 185, 500]
[-338, 186, 499]
[-339, 186, 498]
[-340, 187, 498]
[-341, 187, 497]
[-341, 188, 496]
[-342, 189, 495]
[-343, 189, 495]
[-344, 190, 494]
[-345, 190, 493]
[-345, 191, 492]
[-346, 191, 491]
[-347, 192, 491]
[-347, 192, 490]
[-348, 192, 489]
[-348, 193, 488]
[-349, 193, 487]
[-349, 194, 486]
[-349, 194, 485]
[-350, 195, 485]
[-350, 195, 484]
[-350, 196, 483]
[-351, 196, 482]
[-351, 197, 481]
[-351, 197, 480]
[-351, 198, 479]
[-351, 198, 478]
[-352, 199, 477]
[-352, 199, 476]
[-352, 200, 475]
[-352, 200, 474]
[-352, 200, 473]
[-352, 201, 472]
[-352, 201, 471]
[-352, 202, 470]
[-351, 202, 469]
[-351, 203, 468]
[-351, 203, 467]
[-351, 204, 466]
[-351, 204, 465]
[-351, 204, 464]
[-350, 205, 463]
[-350, 205, 462]
[-350, 206, 461]
[-349, 206, 460]
[-349, 207, 459]
[-349, 207, 458]
[-348, 207, 457]
[-348, 208, 455]
[-348, 208, 454]
[-347, 209, 453]
[-347, 209, 452]
[-347, 209, 451]
[-346, 210, 450]
[-346, 210, 449]
[-345, 210, 448]
[-345, 211, 446]
[-345, 211, 445]
[-344, 212, 444]
[-344, 212, 443]
[-343, 212, 442]
[-343, 213, 441]
[-342, 213, 439]
[-342, 213, 438]
[-341, 214, 437]
[-341, 214, 436]
[-341, 214, 435]
[-340, 215, 433]
[-340, 215, 432]
[-339, 215, 431]
[-339, 216, 430]
[-338, 216, 429]
[-338, 216, 427]
[-338, 217, 426]
[-337, 217, 425]
[-337, 217, 424]
[-336, 217, 422]
[-336, 218, 421]
[-336, 218, 420]
[-335, 218, 419]
[-335, 219, 417]
[-335, 219, 416]
[-334, 219, 415]
[-334, 219, 414]
[-334, 220, 412]
[-333, 220, 411]
[-333, 220, 410]
[-333, 220, 409]
[-332, 221, 407]
[-332, 221, 406]
[-332, 221, 405]
[-332, 221, 403]
[-332, 222, 402]
[-331, 222, 401]
[-331, 222, 400]
[-331, 222, 398]
[-331, 222, 397]
[-331, 223, 396]
[-331, 223, 394]
[-330, 223, 393]
[-330, 223, 392]
[-330, 223, 391]
[-330, 223, 389]
[-330, 224, 388]
[-330, 224, 387]
[-330, 224, 385]
[-330, 224, 384]
[-330, 224, 383]
[-330, 224, 382]
[-330, 225, 380]
[-330, 225, 379]
[-330, 225, 378]
[-330, 225, 376]
[-330, 225, 375]
[-330, 225, 374]
[-330, 225, 372]
[-330, 225, 371]
[-330, 225, 370]
[-330, 225, 369]
[-330, 226, 367]
[-330, 226, 366]
[-330, 226, 365]
[-330, 226, 363]
[-330, 226, 362]
[-330, 226, 361]
[-330, 226, 360]
[-330, 226, 358]
[-330, 226, 357]
[-330, 226, 356]
[-330, 226, 355]
[-330, 226, 353]
[-330, 226, 352]
