# Curve Parameters
# y_end: 232
# loops: 1
# A (south bulge): 120
# B (lateral wiggle): 10
# samples: 350
#
# Analysis Results
# max_grade: 0.877443
# length_3d: 343.99
# length_2d: 308.06
# min_horiz_step: 0.230196
# status: OK
#
# Coordinates (x, y, z)
#==================================================

[-199, 98, 410]
[-199, 98, 411]
[-199, 98, 412]
[-199, 98, 413]
[-199, 98, 414]
[-199, 98, 415]
[-199, 98, 416]
[-199, 98, 417]
[-199, 98, 419]
[-199, 98, 420]
[-199, 98, 421]
[-199, 98, 422]
[-199, 98, 423]
[-200, 99, 424]
[-200, 99, 425]
[-200, 99, 426]
[-200, 99, 427]
[-200, 99, 428]
[-200, 99, 429]
[-200, 99, 430]
[-200, 99, 431]
[-200, 99, 432]
[-200, 100, 433]
[-200, 100, 434]
[-201, 100, 435]
[-201, 100, 436]
[-201, 100, 437]
[-201, 100, 438]
[-201, 100, 439]
[-201, 101, 440]
[-201, 101, 441]
[-202, 101, 442]
[-202, 101, 443]
[-202, 101, 444]
[-202, 102, 445]
[-202, 102, 446]
[-202, 102, 446]
[-202, 102, 447]
[-203, 102, 448]
[-203, 103, 449]
[-203, 103, 450]
[-203, 103, 451]
[-203, 103, 452]
[-203, 104, 453]
[-204, 104, 454]
[-204, 104, 455]
[-204, 104, 456]
[-204, 105, 456]
[-204, 105, 457]
[-205, 105, 458]
[-205, 105, 459]
[-205, 106, 460]
[-205, 106, 461]
[-205, 106, 461]
[-206, 107, 462]
[-206, 107, 463]
[-206, 107, 464]
[-206, 108, 465]
[-207, 108, 466]
[-207, 108, 466]
[-207, 109, 467]
[-207, 109, 468]
[-207, 109, 469]
[-208, 110, 469]
[-208, 110, 470]
[-208, 110, 471]
[-208, 111, 472]
[-209, 111, 472]
[-209, 111, 473]
[-209, 112, 474]
[-209, 112, 475]
[-210, 112, 475]
[-210, 113, 476]
[-210, 113, 477]
[-210, 114, 477]
[-211, 114, 478]
[-211, 114, 479]
[-211, 115, 479]
[-212, 115, 480]
[-212, 115, 481]
[-212, 116, 481]
[-212, 116, 482]
[-213, 117, 483]
[-213, 117, 483]
[-213, 118, 484]
[-214, 118, 484]
[-214, 118, 485]
[-214, 119, 486]
[-215, 119, 486]
[-215, 120, 487]
[-215, 120, 487]
[-216, 121, 488]
[-216, 121, 488]
[-216, 121, 489]
[-217, 122, 489]
[-217, 122, 490]
[-218, 123, 491]
[-218, 123, 491]
[-218, 124, 492]
[-219, 124, 492]
[-219, 125, 492]
[-220, 125, 493]
[-220, 126, 493]
[-220, 126, 494]
[-221, 127, 494]
[-221, 127, 495]
[-222, 128, 495]
[-222, 128, 496]
[-223, 129, 496]
[-223, 129, 496]
[-223, 130, 497]
[-224, 130, 497]
[-224, 131, 497]
[-225, 131, 498]
[-225, 132, 498]
[-226, 132, 498]
[-226, 133, 499]
[-227, 133, 499]
[-227, 134, 499]
[-228, 134, 500]
[-228, 135, 500]
[-229, 135, 500]
[-229, 136, 501]
[-230, 136, 501]
[-230, 137, 501]
[-231, 137, 501]
[-232, 138, 502]
[-232, 138, 502]
[-233, 139, 502]
[-233, 139, 502]
[-234, 140, 502]
[-234, 140, 503]
[-235, 141, 503]
[-236, 142, 503]
[-236, 142, 503]
[-237, 143, 503]
[-238, 143, 503]
[-238, 144, 503]
[-239, 144, 504]
[-239, 145, 504]
[-240, 145, 504]
[-241, 146, 504]
[-241, 146, 504]
[-242, 147, 504]
[-243, 148, 504]
[-243, 148, 504]
[-244, 149, 504]
[-245, 149, 504]
[-245, 150, 504]
[-246, 150, 504]
[-247, 151, 504]
[-247, 152, 504]
[-248, 152, 504]
[-249, 153, 504]
[-250, 153, 504]
[-250, 154, 504]
[-251, 154, 504]
[-252, 155, 504]
[-252, 156, 504]
[-253, 156, 504]
[-254, 157, 504]
[-255, 157, 503]
[-255, 158, 503]
[-256, 158, 503]
[-257, 159, 503]
[-257, 160, 503]
[-258, 160, 503]
[-259, 161, 503]
[-260, 161, 502]
[-260, 162, 502]
[-261, 162, 502]
[-262, 163, 502]
[-263, 164, 502]
[-263, 164, 501]
[-264, 165, 501]
[-265, 165, 501]
[-266, 166, 501]
[-266, 166, 500]
[-267, 167, 500]
[-268, 168, 500]
[-269, 168, 499]
[-269, 169, 499]
[-270, 169, 499]
[-271, 170, 499]
[-272, 170, 498]
[-272, 171, 498]
[-273, 172, 497]
[-274, 172, 497]
[-274, 173, 497]
[-275, 173, 496]
[-276, 174, 496]
[-277, 174, 496]
[-277, 175, 495]
[-278, 176, 495]
[-279, 176, 494]
[-279, 177, 494]
[-280, 177, 493]
[-281, 178, 493]
[-282, 178, 493]
[-282, 179, 492]
[-283, 180, 492]
[-284, 180, 491]
[-284, 181, 491]
[-285, 181, 490]
[-286, 182, 490]
[-286, 182, 489]
[-287, 183, 488]
[-288, 184, 488]
[-288, 184, 487]
[-289, 185, 487]
[-290, 185, 486]
[-290, 186, 486]
[-291, 186, 485]
[-291, 187, 484]
[-292, 187, 484]
[-293, 188, 483]
[-293, 188, 483]
[-294, 189, 482]
[-295, 190, 481]
[-295, 190, 481]
[-296, 191, 480]
[-296, 191, 479]
[-297, 192, 479]
[-297, 192, 478]
[-298, 193, 477]
[-299, 193, 477]
[-299, 194, 476]
[-300, 194, 475]
[-300, 195, 474]
[-301, 195, 474]
[-301, 196, 473]
[-302, 196, 472]
[-302, 197, 471]
[-303, 197, 471]
[-303, 198, 470]
[-304, 198, 469]
[-304, 199, 468]
[-305, 199, 468]
[-305, 200, 467]
[-306, 200, 466]
[-306, 201, 465]
[-306, 201, 464]
[-307, 202, 464]
[-307, 202, 463]
[-308, 203, 462]
[-308, 203, 461]
[-309, 204, 460]
[-309, 204, 459]
[-309, 205, 458]
[-310, 205, 458]
[-310, 206, 457]
[-311, 206, 456]
[-311, 207, 455]
[-311, 207, 454]
[-312, 208, 453]
[-312, 208, 452]
[-313, 209, 451]
[-313, 209, 450]
[-313, 209, 449]
[-314, 210, 449]
[-314, 210, 448]
[-314, 211, 447]
[-315, 211, 446]
[-315, 212, 445]
[-315, 212, 444]
[-316, 212, 443]
[-316, 213, 442]
[-316, 213, 441]
[-317, 214, 440]
[-317, 214, 439]
[-317, 215, 438]
[-317, 215, 437]
[-318, 215, 436]
[-318, 216, 435]
[-318, 216, 434]
[-319, 216, 433]
[-319, 217, 432]
[-319, 217, 431]
[-319, 218, 430]
[-320, 218, 429]
[-320, 218, 428]
[-320, 219, 427]
[-320, 219, 426]
[-321, 219, 425]
[-321, 220, 424]
[-321, 220, 423]
[-321, 220, 421]
[-322, 221, 420]
[-322, 221, 419]
[-322, 221, 418]
[-322, 222, 417]
[-322, 222, 416]
[-323, 222, 415]
[-323, 223, 414]
[-323, 223, 413]
[-323, 223, 412]
[-324, 224, 411]
[-324, 224, 410]
[-324, 224, 409]
[-324, 225, 407]
[-324, 225, 406]
[-325, 225, 405]
[-325, 225, 404]
[-325, 226, 403]
[-325, 226, 402]
[-325, 226, 401]
[-326, 226, 400]
[-326, 227, 399]
[-326, 227, 398]
[-326, 227, 396]
[-326, 227, 395]
[-326, 228, 394]
[-327, 228, 393]
[-327, 228, 392]
[-327, 228, 391]
[-327, 228, 390]
[-327, 229, 389]
[-327, 229, 387]
[-327, 229, 386]
[-328, 229, 385]
[-328, 229, 384]
[-328, 230, 383]
[-328, 230, 382]
[-328, 230, 381]
[-328, 230, 380]
[-328, 230, 379]
[-329, 230, 377]
[-329, 230, 376]
[-329, 231, 375]
[-329, 231, 374]
[-329, 231, 373]
[-329, 231, 372]
[-329, 231, 371]
[-329, 231, 370]
[-329, 231, 368]
[-329, 231, 367]
[-329, 231, 366]
[-330, 232, 365]
[-330, 232, 364]
[-330, 232, 363]
[-330, 232, 362]
[-330, 232, 361]
[-330, 232, 360]
[-330, 232, 359]
[-330, 232, 357]
[-330, 232, 356]
[-330, 232, 355]
[-330, 232, 354]
[-330, 232, 353]
[-330, 232, 352]
