# Curve Parameters
# y_end: 236
# loops: 1
# A (south bulge): 100
# B (lateral wiggle): 20
# samples: 350
#
# Analysis Results
# max_grade: 0.999087
# length_3d: 319.88
# length_2d: 281.12
# min_horiz_step: 0.190791
# status: OK
#
# Coordinates (x, y, z)
#==================================================

[-199, 98, 410]
[-199, 98, 411]
[-199, 98, 412]
[-199, 98, 413]
[-199, 98, 414]
[-199, 98, 414]
[-199, 98, 415]
[-199, 98, 416]
[-199, 98, 417]
[-199, 98, 418]
[-199, 98, 419]
[-199, 98, 420]
[-199, 98, 421]
[-199, 99, 421]
[-200, 99, 422]
[-200, 99, 423]
[-200, 99, 424]
[-200, 99, 425]
[-200, 99, 426]
[-200, 99, 427]
[-200, 99, 427]
[-200, 99, 428]
[-200, 100, 429]
[-200, 100, 430]
[-200, 100, 431]
[-200, 100, 431]
[-201, 100, 432]
[-201, 100, 433]
[-201, 101, 434]
[-201, 101, 435]
[-201, 101, 435]
[-201, 101, 436]
[-201, 101, 437]
[-201, 101, 438]
[-201, 102, 439]
[-202, 102, 439]
[-202, 102, 440]
[-202, 102, 441]
[-202, 103, 442]
[-202, 103, 442]
[-202, 103, 443]
[-202, 103, 444]
[-202, 104, 445]
[-202, 104, 445]
[-203, 104, 446]
[-203, 104, 447]
[-203, 105, 447]
[-203, 105, 448]
[-203, 105, 449]
[-203, 105, 450]
[-203, 106, 450]
[-203, 106, 451]
[-204, 106, 452]
[-204, 107, 452]
[-204, 107, 453]
[-204, 107, 454]
[-204, 108, 454]
[-204, 108, 455]
[-204, 108, 456]
[-204, 108, 456]
[-205, 109, 457]
[-205, 109, 457]
[-205, 110, 458]
[-205, 110, 459]
[-205, 110, 459]
[-205, 111, 460]
[-205, 111, 461]
[-206, 111, 461]
[-206, 112, 462]
[-206, 112, 462]
[-206, 112, 463]
[-206, 113, 463]
[-206, 113, 464]
[-207, 114, 465]
[-207, 114, 465]
[-207, 114, 466]
[-207, 115, 466]
[-207, 115, 467]
[-207, 116, 467]
[-208, 116, 468]
[-208, 116, 468]
[-208, 117, 469]
[-208, 117, 469]
[-208, 118, 470]
[-209, 118, 470]
[-209, 119, 471]
[-209, 119, 471]
[-209, 119, 472]
[-210, 120, 472]
[-210, 120, 472]
[-210, 121, 473]
[-210, 121, 473]
[-211, 122, 474]
[-211, 122, 474]
[-211, 123, 475]
[-212, 123, 475]
[-212, 124, 475]
[-212, 124, 476]
[-212, 125, 476]
[-213, 125, 476]
[-213, 125, 477]
[-213, 126, 477]
[-214, 126, 477]
[-214, 127, 478]
[-215, 127, 478]
[-215, 128, 478]
[-215, 128, 479]
[-216, 129, 479]
[-216, 129, 479]
[-217, 130, 480]
[-217, 130, 480]
[-217, 131, 480]
[-218, 132, 481]
[-218, 132, 481]
[-219, 133, 481]
[-219, 133, 481]
[-220, 134, 481]
[-220, 134, 482]
[-221, 135, 482]
[-221, 135, 482]
[-222, 136, 482]
[-222, 136, 483]
[-223, 137, 483]
[-224, 137, 483]
[-224, 138, 483]
[-225, 138, 483]
[-225, 139, 483]
[-226, 140, 484]
[-227, 140, 484]
[-227, 141, 484]
[-228, 141, 484]
[-228, 142, 484]
[-229, 142, 484]
[-230, 143, 484]
[-230, 143, 484]
[-231, 144, 484]
[-232, 145, 484]
[-233, 145, 485]
[-233, 146, 485]
[-234, 146, 485]
[-235, 147, 485]
[-236, 147, 485]
[-236, 148, 485]
[-237, 149, 485]
[-238, 149, 485]
[-239, 150, 485]
[-239, 150, 485]
[-240, 151, 485]
[-241, 151, 485]
[-242, 152, 485]
[-243, 153, 485]
[-243, 153, 485]
[-244, 154, 485]
[-245, 154, 484]
[-246, 155, 484]
[-247, 155, 484]
[-248, 156, 484]
[-249, 157, 484]
[-250, 157, 484]
[-250, 158, 484]
[-251, 158, 484]
[-252, 159, 484]
[-253, 160, 483]
[-254, 160, 483]
[-255, 161, 483]
[-256, 161, 483]
[-257, 162, 483]
[-258, 163, 483]
[-259, 163, 482]
[-259, 164, 482]
[-260, 164, 482]
[-261, 165, 482]
[-262, 166, 482]
[-263, 166, 481]
[-264, 167, 481]
[-265, 167, 481]
[-266, 168, 481]
[-267, 168, 480]
[-268, 169, 480]
[-269, 170, 480]
[-270, 170, 480]
[-270, 171, 479]
[-271, 171, 479]
[-272, 172, 479]
[-273, 173, 478]
[-274, 173, 478]
[-275, 174, 478]
[-276, 174, 477]
[-277, 175, 477]
[-278, 176, 477]
[-279, 176, 476]
[-279, 177, 476]
[-280, 177, 475]
[-281, 178, 475]
[-282, 179, 475]
[-283, 179, 474]
[-284, 180, 474]
[-285, 180, 473]
[-286, 181, 473]
[-286, 181, 473]
[-287, 182, 472]
[-288, 183, 472]
[-289, 183, 471]
[-290, 184, 471]
[-290, 184, 470]
[-291, 185, 470]
[-292, 185, 469]
[-293, 186, 469]
[-293, 187, 468]
[-294, 187, 468]
[-295, 188, 467]
[-296, 188, 467]
[-296, 189, 466]
[-297, 189, 466]
[-298, 190, 465]
[-299, 191, 465]
[-299, 191, 464]
[-300, 192, 463]
[-301, 192, 463]
[-301, 193, 462]
[-302, 193, 462]
[-302, 194, 461]
[-303, 194, 460]
[-304, 195, 460]
[-304, 196, 459]
[-305, 196, 459]
[-305, 197, 458]
[-306, 197, 457]
[-307, 198, 457]
[-307, 198, 456]
[-308, 199, 455]
[-308, 199, 455]
[-309, 200, 454]
[-309, 200, 453]
[-310, 201, 453]
[-310, 201, 452]
[-311, 202, 451]
[-311, 202, 451]
[-312, 203, 450]
[-312, 204, 449]
[-312, 204, 449]
[-313, 205, 448]
[-313, 205, 447]
[-314, 206, 446]
[-314, 206, 446]
[-314, 207, 445]
[-315, 207, 444]
[-315, 208, 443]
[-316, 208, 443]
[-316, 209, 442]
[-316, 209, 441]
[-317, 209, 440]
[-317, 210, 440]
[-317, 210, 439]
[-317, 211, 438]
[-318, 211, 437]
[-318, 212, 436]
[-318, 212, 436]
[-319, 213, 435]
[-319, 213, 434]
[-319, 214, 433]
[-319, 214, 432]
[-320, 215, 432]
[-320, 215, 431]
[-320, 215, 430]
[-320, 216, 429]
[-321, 216, 428]
[-321, 217, 427]
[-321, 217, 427]
[-321, 218, 426]
[-321, 218, 425]
[-322, 218, 424]
[-322, 219, 423]
[-322, 219, 422]
[-322, 220, 421]
[-322, 220, 421]
[-322, 220, 420]
[-323, 221, 419]
[-323, 221, 418]
[-323, 222, 417]
[-323, 222, 416]
[-323, 222, 415]
[-323, 223, 414]
[-324, 223, 413]
[-324, 223, 413]
[-324, 224, 412]
[-324, 224, 411]
[-324, 224, 410]
[-324, 225, 409]
[-324, 225, 408]
[-325, 226, 407]
[-325, 226, 406]
[-325, 226, 405]
[-325, 226, 404]
[-325, 227, 403]
[-325, 227, 402]
[-325, 227, 402]
[-325, 228, 401]
[-326, 228, 400]
[-326, 228, 399]
[-326, 229, 398]
[-326, 229, 397]
[-326, 229, 396]
[-326, 229, 395]
[-326, 230, 394]
[-326, 230, 393]
[-327, 230, 392]
[-327, 230, 391]
[-327, 231, 390]
[-327, 231, 389]
[-327, 231, 388]
[-327, 231, 387]
[-327, 232, 387]
[-327, 232, 386]
[-327, 232, 385]
[-328, 232, 384]
[-328, 233, 383]
[-328, 233, 382]
[-328, 233, 381]
[-328, 233, 380]
[-328, 233, 379]
[-328, 233, 378]
[-328, 234, 377]
[-328, 234, 376]
[-329, 234, 375]
[-329, 234, 374]
[-329, 234, 373]
[-329, 234, 372]
[-329, 235, 371]
[-329, 235, 370]
[-329, 235, 370]
[-329, 235, 369]
[-329, 235, 368]
[-329, 235, 367]
[-329, 235, 366]
[-329, 235, 365]
[-330, 235, 364]
[-330, 236, 363]
[-330, 236, 362]
[-330, 236, 361]
[-330, 236, 360]
[-330, 236, 359]
[-330, 236, 358]
[-330, 236, 357]
[-330, 236, 357]
[-330, 236, 356]
[-330, 236, 355]
[-330, 236, 354]
[-330, 236, 353]
[-330, 236, 352]
