# Curve Parameters
# y_end: 260
# loops: 1
# A (south bulge): 140
# B (lateral wiggle): 20
# samples: 350
#
# Analysis Results
# max_grade: 0.961520
# length_3d: 397.96
# length_2d: 352.40
# min_horiz_step: 0.249812
# status: OK
#
# Coordinates (x, y, z)
#==================================================

[-199, 98, 410]
[-199, 98, 411]
[-199, 98, 413]
[-199, 98, 414]
[-199, 98, 415]
[-199, 98, 416]
[-199, 98, 418]
[-199, 98, 419]
[-199, 98, 420]
[-199, 98, 421]
[-199, 98, 422]
[-199, 98, 424]
[-199, 99, 425]
[-199, 99, 426]
[-200, 99, 427]
[-200, 99, 429]
[-200, 99, 430]
[-200, 99, 431]
[-200, 99, 432]
[-200, 99, 433]
[-200, 100, 435]
[-200, 100, 436]
[-200, 100, 437]
[-200, 100, 438]
[-200, 100, 439]
[-200, 100, 440]
[-201, 101, 442]
[-201, 101, 443]
[-201, 101, 444]
[-201, 101, 445]
[-201, 101, 446]
[-201, 102, 447]
[-201, 102, 448]
[-201, 102, 450]
[-201, 102, 451]
[-202, 103, 452]
[-202, 103, 453]
[-202, 103, 454]
[-202, 103, 455]
[-202, 104, 456]
[-202, 104, 457]
[-202, 104, 458]
[-202, 104, 459]
[-202, 105, 460]
[-203, 105, 461]
[-203, 105, 463]
[-203, 106, 464]
[-203, 106, 465]
[-203, 106, 466]
[-203, 107, 467]
[-203, 107, 468]
[-203, 107, 469]
[-204, 108, 470]
[-204, 108, 471]
[-204, 108, 472]
[-204, 109, 473]
[-204, 109, 474]
[-204, 110, 475]
[-204, 110, 476]
[-204, 110, 476]
[-205, 111, 477]
[-205, 111, 478]
[-205, 112, 479]
[-205, 112, 480]
[-205, 112, 481]
[-205, 113, 482]
[-205, 113, 483]
[-206, 114, 484]
[-206, 114, 485]
[-206, 114, 486]
[-206, 115, 486]
[-206, 115, 487]
[-206, 116, 488]
[-207, 116, 489]
[-207, 117, 490]
[-207, 117, 491]
[-207, 118, 491]
[-207, 118, 492]
[-207, 119, 493]
[-208, 119, 494]
[-208, 120, 495]
[-208, 120, 495]
[-208, 121, 496]
[-208, 121, 497]
[-209, 122, 498]
[-209, 122, 498]
[-209, 123, 499]
[-209, 123, 500]
[-210, 124, 500]
[-210, 124, 501]
[-210, 125, 502]
[-210, 125, 503]
[-211, 126, 503]
[-211, 126, 504]
[-211, 127, 504]
[-212, 127, 505]
[-212, 128, 506]
[-212, 129, 506]
[-212, 129, 507]
[-213, 130, 508]
[-213, 130, 508]
[-213, 131, 509]
[-214, 131, 509]
[-214, 132, 510]
[-215, 133, 510]
[-215, 133, 511]
[-215, 134, 511]
[-216, 134, 512]
[-216, 135, 512]
[-217, 136, 513]
[-217, 136, 513]
[-217, 137, 514]
[-218, 137, 514]
[-218, 138, 515]
[-219, 139, 515]
[-219, 139, 516]
[-220, 140, 516]
[-220, 140, 516]
[-221, 141, 517]
[-221, 142, 517]
[-222, 142, 518]
[-222, 143, 518]
[-223, 144, 518]
[-224, 144, 519]
[-224, 145, 519]
[-225, 145, 519]
[-225, 146, 520]
[-226, 147, 520]
[-227, 147, 520]
[-227, 148, 521]
[-228, 149, 521]
[-228, 149, 521]
[-229, 150, 521]
[-230, 151, 521]
[-230, 151, 522]
[-231, 152, 522]
[-232, 153, 522]
[-233, 153, 522]
[-233, 154, 522]
[-234, 155, 523]
[-235, 155, 523]
[-236, 156, 523]
[-236, 157, 523]
[-237, 157, 523]
[-238, 158, 523]
[-239, 159, 523]
[-239, 159, 523]
[-240, 160, 524]
[-241, 161, 524]
[-242, 161, 524]
[-243, 162, 524]
[-243, 163, 524]
[-244, 163, 524]
[-245, 164, 524]
[-246, 165, 524]
[-247, 165, 524]
[-248, 166, 524]
[-249, 167, 524]
[-250, 168, 524]
[-250, 168, 523]
[-251, 169, 523]
[-252, 170, 523]
[-253, 170, 523]
[-254, 171, 523]
[-255, 172, 523]
[-256, 172, 523]
[-257, 173, 523]
[-258, 174, 523]
[-259, 174, 522]
[-259, 175, 522]
[-260, 176, 522]
[-261, 177, 522]
[-262, 177, 522]
[-263, 178, 521]
[-264, 179, 521]
[-265, 179, 521]
[-266, 180, 521]
[-267, 181, 520]
[-268, 181, 520]
[-269, 182, 520]
[-270, 183, 519]
[-270, 184, 519]
[-271, 184, 519]
[-272, 185, 518]
[-273, 186, 518]
[-274, 186, 518]
[-275, 187, 517]
[-276, 188, 517]
[-277, 188, 517]
[-278, 189, 516]
[-279, 190, 516]
[-279, 190, 515]
[-280, 191, 515]
[-281, 192, 514]
[-282, 193, 514]
[-283, 193, 514]
[-284, 194, 513]
[-285, 195, 513]
[-286, 195, 512]
[-286, 196, 512]
[-287, 197, 511]
[-288, 197, 510]
[-289, 198, 510]
[-290, 199, 509]
[-290, 199, 509]
[-291, 200, 508]
[-292, 201, 508]
[-293, 201, 507]
[-293, 202, 506]
[-294, 203, 506]
[-295, 203, 505]
[-296, 204, 505]
[-296, 205, 504]
[-297, 205, 503]
[-298, 206, 503]
[-299, 207, 502]
[-299, 207, 501]
[-300, 208, 500]
[-301, 209, 500]
[-301, 209, 499]
[-302, 210, 498]
[-302, 211, 498]
[-303, 211, 497]
[-304, 212, 496]
[-304, 213, 495]
[-305, 213, 495]
[-305, 214, 494]
[-306, 214, 493]
[-307, 215, 492]
[-307, 216, 491]
[-308, 216, 491]
[-308, 217, 490]
[-309, 218, 489]
[-309, 218, 488]
[-310, 219, 487]
[-310, 219, 486]
[-311, 220, 485]
[-311, 221, 485]
[-312, 221, 484]
[-312, 222, 483]
[-312, 222, 482]
[-313, 223, 481]
[-313, 224, 480]
[-314, 224, 479]
[-314, 225, 478]
[-314, 225, 477]
[-315, 226, 476]
[-315, 227, 475]
[-316, 227, 474]
[-316, 228, 473]
[-316, 228, 472]
[-317, 229, 471]
[-317, 229, 470]
[-317, 230, 469]
[-317, 231, 468]
[-318, 231, 467]
[-318, 232, 466]
[-318, 232, 465]
[-319, 233, 464]
[-319, 233, 463]
[-319, 234, 462]
[-319, 234, 461]
[-320, 235, 460]
[-320, 235, 459]
[-320, 236, 458]
[-320, 236, 457]
[-321, 237, 455]
[-321, 237, 454]
[-321, 238, 453]
[-321, 238, 452]
[-321, 239, 451]
[-322, 239, 450]
[-322, 240, 449]
[-322, 240, 448]
[-322, 241, 446]
[-322, 241, 445]
[-322, 242, 444]
[-323, 242, 443]
[-323, 243, 442]
[-323, 243, 441]
[-323, 244, 439]
[-323, 244, 438]
[-323, 244, 437]
[-324, 245, 436]
[-324, 245, 435]
[-324, 246, 433]
[-324, 246, 432]
[-324, 246, 431]
[-324, 247, 430]
[-324, 247, 429]
[-325, 248, 427]
[-325, 248, 426]
[-325, 248, 425]
[-325, 249, 424]
[-325, 249, 422]
[-325, 250, 421]
[-325, 250, 420]
[-325, 250, 419]
[-326, 251, 417]
[-326, 251, 416]
[-326, 251, 415]
[-326, 252, 414]
[-326, 252, 412]
[-326, 252, 411]
[-326, 253, 410]
[-326, 253, 409]
[-327, 253, 407]
[-327, 254, 406]
[-327, 254, 405]
[-327, 254, 403]
[-327, 254, 402]
[-327, 255, 401]
[-327, 255, 400]
[-327, 255, 398]
[-327, 255, 397]
[-328, 256, 396]
[-328, 256, 394]
[-328, 256, 393]
[-328, 256, 392]
[-328, 257, 391]
[-328, 257, 389]
[-328, 257, 388]
[-328, 257, 387]
[-328, 257, 385]
[-329, 258, 384]
[-329, 258, 383]
[-329, 258, 382]
[-329, 258, 380]
[-329, 258, 379]
[-329, 258, 378]
[-329, 259, 376]
[-329, 259, 375]
[-329, 259, 374]
[-329, 259, 372]
[-329, 259, 371]
[-329, 259, 370]
[-330, 259, 369]
[-330, 259, 367]
[-330, 260, 366]
[-330, 260, 365]
[-330, 260, 363]
[-330, 260, 362]
[-330, 260, 361]
[-330, 260, 360]
[-330, 260, 358]
[-330, 260, 357]
[-330, 260, 356]
[-330, 260, 355]
[-330, 260, 353]
[-330, 260, 352]
