# Curve Parameters
# y_end: 222
# loops: 1
# A (south bulge): 120
# B (lateral wiggle): 20
# samples: 350
#
# Analysis Results
# max_grade: 0.801675
# length_3d: 346.06
# length_2d: 316.42
# min_horiz_step: 0.222167
# status: OK
#
# Coordinates (x, y, z)
#==================================================

[-199, 98, 410]
[-199, 98, 411]
[-199, 98, 412]
[-199, 98, 413]
[-199, 98, 414]
[-199, 98, 415]
[-199, 98, 416]
[-199, 98, 417]
[-199, 98, 419]
[-199, 98, 420]
[-199, 98, 421]
[-199, 98, 422]
[-199, 98, 423]
[-199, 99, 424]
[-200, 99, 425]
[-200, 99, 426]
[-200, 99, 427]
[-200, 99, 428]
[-200, 99, 429]
[-200, 99, 430]
[-200, 99, 431]
[-200, 99, 432]
[-200, 99, 433]
[-200, 100, 434]
[-200, 100, 435]
[-200, 100, 436]
[-201, 100, 437]
[-201, 100, 438]
[-201, 100, 439]
[-201, 100, 440]
[-201, 101, 441]
[-201, 101, 442]
[-201, 101, 443]
[-201, 101, 444]
[-201, 101, 445]
[-202, 101, 446]
[-202, 102, 446]
[-202, 102, 447]
[-202, 102, 448]
[-202, 102, 449]
[-202, 103, 450]
[-202, 103, 451]
[-202, 103, 452]
[-202, 103, 453]
[-203, 103, 454]
[-203, 104, 455]
[-203, 104, 456]
[-203, 104, 456]
[-203, 104, 457]
[-203, 105, 458]
[-203, 105, 459]
[-203, 105, 460]
[-204, 105, 461]
[-204, 106, 461]
[-204, 106, 462]
[-204, 106, 463]
[-204, 107, 464]
[-204, 107, 465]
[-204, 107, 466]
[-204, 107, 466]
[-205, 108, 467]
[-205, 108, 468]
[-205, 108, 469]
[-205, 109, 469]
[-205, 109, 470]
[-205, 109, 471]
[-205, 110, 472]
[-206, 110, 472]
[-206, 110, 473]
[-206, 111, 474]
[-206, 111, 475]
[-206, 111, 475]
[-206, 112, 476]
[-207, 112, 477]
[-207, 112, 477]
[-207, 113, 478]
[-207, 113, 479]
[-207, 113, 479]
[-207, 114, 480]
[-208, 114, 481]
[-208, 115, 481]
[-208, 115, 482]
[-208, 115, 483]
[-208, 116, 483]
[-209, 116, 484]
[-209, 116, 484]
[-209, 117, 485]
[-209, 117, 486]
[-210, 118, 486]
[-210, 118, 487]
[-210, 118, 487]
[-210, 119, 488]
[-211, 119, 488]
[-211, 120, 489]
[-211, 120, 489]
[-212, 121, 490]
[-212, 121, 491]
[-212, 121, 491]
[-212, 122, 492]
[-213, 122, 492]
[-213, 123, 492]
[-213, 123, 493]
[-214, 124, 493]
[-214, 124, 494]
[-215, 124, 494]
[-215, 125, 495]
[-215, 125, 495]
[-216, 126, 496]
[-216, 126, 496]
[-217, 127, 496]
[-217, 127, 497]
[-217, 128, 497]
[-218, 128, 497]
[-218, 129, 498]
[-219, 129, 498]
[-219, 130, 498]
[-220, 130, 499]
[-220, 130, 499]
[-221, 131, 499]
[-221, 131, 500]
[-222, 132, 500]
[-222, 132, 500]
[-223, 133, 501]
[-224, 133, 501]
[-224, 134, 501]
[-225, 134, 501]
[-225, 135, 502]
[-226, 135, 502]
[-227, 136, 502]
[-227, 136, 502]
[-228, 137, 502]
[-228, 137, 503]
[-229, 138, 503]
[-230, 138, 503]
[-230, 139, 503]
[-231, 139, 503]
[-232, 140, 503]
[-233, 140, 503]
[-233, 141, 504]
[-234, 141, 504]
[-235, 142, 504]
[-236, 142, 504]
[-236, 143, 504]
[-237, 143, 504]
[-238, 144, 504]
[-239, 144, 504]
[-239, 145, 504]
[-240, 145, 504]
[-241, 146, 504]
[-242, 147, 504]
[-243, 147, 504]
[-243, 148, 504]
[-244, 148, 504]
[-245, 149, 504]
[-246, 149, 504]
[-247, 150, 504]
[-248, 150, 504]
[-249, 151, 504]
[-250, 151, 504]
[-250, 152, 504]
[-251, 152, 504]
[-252, 153, 503]
[-253, 153, 503]
[-254, 154, 503]
[-255, 154, 503]
[-256, 155, 503]
[-257, 155, 503]
[-258, 156, 503]
[-259, 157, 502]
[-259, 157, 502]
[-260, 158, 502]
[-261, 158, 502]
[-262, 159, 502]
[-263, 159, 501]
[-264, 160, 501]
[-265, 160, 501]
[-266, 161, 501]
[-267, 161, 500]
[-268, 162, 500]
[-269, 162, 500]
[-270, 163, 499]
[-270, 163, 499]
[-271, 164, 499]
[-272, 165, 499]
[-273, 165, 498]
[-274, 166, 498]
[-275, 166, 497]
[-276, 167, 497]
[-277, 167, 497]
[-278, 168, 496]
[-279, 168, 496]
[-279, 169, 496]
[-280, 169, 495]
[-281, 170, 495]
[-282, 170, 494]
[-283, 171, 494]
[-284, 171, 493]
[-285, 172, 493]
[-286, 172, 493]
[-286, 173, 492]
[-287, 173, 492]
[-288, 174, 491]
[-289, 175, 491]
[-290, 175, 490]
[-290, 176, 490]
[-291, 176, 489]
[-292, 177, 488]
[-293, 177, 488]
[-293, 178, 487]
[-294, 178, 487]
[-295, 179, 486]
[-296, 179, 486]
[-296, 180, 485]
[-297, 180, 484]
[-298, 181, 484]
[-299, 181, 483]
[-299, 182, 483]
[-300, 182, 482]
[-301, 183, 481]
[-301, 183, 481]
[-302, 184, 480]
[-302, 184, 479]
[-303, 185, 479]
[-304, 185, 478]
[-304, 186, 477]
[-305, 186, 477]
[-305, 187, 476]
[-306, 187, 475]
[-307, 188, 474]
[-307, 188, 474]
[-308, 189, 473]
[-308, 189, 472]
[-309, 190, 471]
[-309, 190, 471]
[-310, 190, 470]
[-310, 191, 469]
[-311, 191, 468]
[-311, 192, 468]
[-312, 192, 467]
[-312, 193, 466]
[-312, 193, 465]
[-313, 194, 464]
[-313, 194, 464]
[-314, 195, 463]
[-314, 195, 462]
[-314, 196, 461]
[-315, 196, 460]
[-315, 196, 459]
[-316, 197, 458]
[-316, 197, 458]
[-316, 198, 457]
[-317, 198, 456]
[-317, 199, 455]
[-317, 199, 454]
[-317, 199, 453]
[-318, 200, 452]
[-318, 200, 451]
[-318, 201, 450]
[-319, 201, 449]
[-319, 202, 449]
[-319, 202, 448]
[-319, 202, 447]
[-320, 203, 446]
[-320, 203, 445]
[-320, 204, 444]
[-320, 204, 443]
[-321, 204, 442]
[-321, 205, 441]
[-321, 205, 440]
[-321, 205, 439]
[-321, 206, 438]
[-322, 206, 437]
[-322, 207, 436]
[-322, 207, 435]
[-322, 207, 434]
[-322, 208, 433]
[-322, 208, 432]
[-323, 208, 431]
[-323, 209, 430]
[-323, 209, 429]
[-323, 209, 428]
[-323, 210, 427]
[-323, 210, 426]
[-324, 210, 425]
[-324, 211, 424]
[-324, 211, 423]
[-324, 211, 421]
[-324, 212, 420]
[-324, 212, 419]
[-324, 212, 418]
[-325, 213, 417]
[-325, 213, 416]
[-325, 213, 415]
[-325, 213, 414]
[-325, 214, 413]
[-325, 214, 412]
[-325, 214, 411]
[-325, 215, 410]
[-326, 215, 409]
[-326, 215, 407]
[-326, 215, 406]
[-326, 216, 405]
[-326, 216, 404]
[-326, 216, 403]
[-326, 216, 402]
[-326, 217, 401]
[-327, 217, 400]
[-327, 217, 399]
[-327, 217, 398]
[-327, 217, 396]
[-327, 218, 395]
[-327, 218, 394]
[-327, 218, 393]
[-327, 218, 392]
[-327, 219, 391]
[-328, 219, 390]
[-328, 219, 389]
[-328, 219, 387]
[-328, 219, 386]
[-328, 219, 385]
[-328, 220, 384]
[-328, 220, 383]
[-328, 220, 382]
[-328, 220, 381]
[-329, 220, 380]
[-329, 220, 379]
[-329, 220, 377]
[-329, 221, 376]
[-329, 221, 375]
[-329, 221, 374]
[-329, 221, 373]
[-329, 221, 372]
[-329, 221, 371]
[-329, 221, 370]
[-329, 221, 368]
[-329, 221, 367]
[-330, 221, 366]
[-330, 222, 365]
[-330, 222, 364]
[-330, 222, 363]
[-330, 222, 362]
[-330, 222, 361]
[-330, 222, 360]
[-330, 222, 359]
[-330, 222, 357]
[-330, 222, 356]
[-330, 222, 355]
[-330, 222, 354]
[-330, 222, 353]
[-330, 222, 352]
