# Curve Parameters
# y_end: 228
# loops: 1
# A (south bulge): 140
# B (lateral wiggle): 10
# samples: 350
#
# Analysis Results
# max_grade: 0.818055
# length_3d: 375.76
# length_2d: 343.72
# min_horiz_step: 0.247671
# status: OK
#
# Coordinates (x, y, z)
#==================================================

[-199, 98, 410]
[-199, 98, 411]
[-199, 98, 413]
[-199, 98, 414]
[-199, 98, 415]
[-199, 98, 416]
[-199, 98, 418]
[-199, 98, 419]
[-199, 98, 420]
[-199, 98, 421]
[-199, 98, 422]
[-199, 98, 424]
[-199, 98, 425]
[-200, 99, 426]
[-200, 99, 427]
[-200, 99, 429]
[-200, 99, 430]
[-200, 99, 431]
[-200, 99, 432]
[-200, 99, 433]
[-200, 99, 435]
[-200, 99, 436]
[-200, 99, 437]
[-200, 100, 438]
[-201, 100, 439]
[-201, 100, 440]
[-201, 100, 442]
[-201, 100, 443]
[-201, 100, 444]
[-201, 101, 445]
[-201, 101, 446]
[-202, 101, 447]
[-202, 101, 448]
[-202, 101, 450]
[-202, 101, 451]
[-202, 102, 452]
[-202, 102, 453]
[-202, 102, 454]
[-203, 102, 455]
[-203, 103, 456]
[-203, 103, 457]
[-203, 103, 458]
[-203, 103, 459]
[-203, 103, 460]
[-204, 104, 461]
[-204, 104, 463]
[-204, 104, 464]
[-204, 104, 465]
[-204, 105, 466]
[-205, 105, 467]
[-205, 105, 468]
[-205, 106, 469]
[-205, 106, 470]
[-205, 106, 471]
[-206, 106, 472]
[-206, 107, 473]
[-206, 107, 474]
[-206, 107, 475]
[-207, 108, 476]
[-207, 108, 476]
[-207, 108, 477]
[-207, 109, 478]
[-207, 109, 479]
[-208, 109, 480]
[-208, 110, 481]
[-208, 110, 482]
[-208, 110, 483]
[-209, 111, 484]
[-209, 111, 485]
[-209, 111, 486]
[-209, 112, 486]
[-210, 112, 487]
[-210, 112, 488]
[-210, 113, 489]
[-210, 113, 490]
[-211, 113, 491]
[-211, 114, 491]
[-211, 114, 492]
[-212, 115, 493]
[-212, 115, 494]
[-212, 115, 495]
[-212, 116, 495]
[-213, 116, 496]
[-213, 117, 497]
[-213, 117, 498]
[-214, 117, 498]
[-214, 118, 499]
[-214, 118, 500]
[-215, 119, 500]
[-215, 119, 501]
[-215, 119, 502]
[-216, 120, 503]
[-216, 120, 503]
[-216, 121, 504]
[-217, 121, 504]
[-217, 122, 505]
[-218, 122, 506]
[-218, 123, 506]
[-218, 123, 507]
[-219, 123, 508]
[-219, 124, 508]
[-220, 124, 509]
[-220, 125, 509]
[-220, 125, 510]
[-221, 126, 510]
[-221, 126, 511]
[-222, 127, 511]
[-222, 127, 512]
[-223, 128, 512]
[-223, 128, 513]
[-223, 129, 513]
[-224, 129, 514]
[-224, 130, 514]
[-225, 130, 515]
[-225, 131, 515]
[-226, 131, 516]
[-226, 132, 516]
[-227, 132, 516]
[-227, 133, 517]
[-228, 133, 517]
[-228, 134, 518]
[-229, 134, 518]
[-229, 135, 518]
[-230, 135, 519]
[-230, 136, 519]
[-231, 136, 519]
[-232, 137, 520]
[-232, 137, 520]
[-233, 138, 520]
[-233, 138, 521]
[-234, 139, 521]
[-234, 139, 521]
[-235, 140, 521]
[-236, 140, 521]
[-236, 141, 522]
[-237, 141, 522]
[-238, 142, 522]
[-238, 142, 522]
[-239, 143, 522]
[-239, 143, 523]
[-240, 144, 523]
[-241, 145, 523]
[-241, 145, 523]
[-242, 146, 523]
[-243, 146, 523]
[-243, 147, 523]
[-244, 147, 523]
[-245, 148, 524]
[-245, 148, 524]
[-246, 149, 524]
[-247, 149, 524]
[-247, 150, 524]
[-248, 150, 524]
[-249, 151, 524]
[-250, 152, 524]
[-250, 152, 524]
[-251, 153, 524]
[-252, 153, 524]
[-252, 154, 524]
[-253, 154, 523]
[-254, 155, 523]
[-255, 155, 523]
[-255, 156, 523]
[-256, 157, 523]
[-257, 157, 523]
[-257, 158, 523]
[-258, 158, 523]
[-259, 159, 523]
[-260, 159, 522]
[-260, 160, 522]
[-261, 160, 522]
[-262, 161, 522]
[-263, 162, 522]
[-263, 162, 521]
[-264, 163, 521]
[-265, 163, 521]
[-266, 164, 521]
[-266, 164, 520]
[-267, 165, 520]
[-268, 166, 520]
[-269, 166, 519]
[-269, 167, 519]
[-270, 167, 519]
[-271, 168, 518]
[-272, 168, 518]
[-272, 169, 518]
[-273, 169, 517]
[-274, 170, 517]
[-274, 171, 517]
[-275, 171, 516]
[-276, 172, 516]
[-277, 172, 515]
[-277, 173, 515]
[-278, 173, 514]
[-279, 174, 514]
[-279, 174, 514]
[-280, 175, 513]
[-281, 176, 513]
[-282, 176, 512]
[-282, 177, 512]
[-283, 177, 511]
[-284, 178, 510]
[-284, 178, 510]
[-285, 179, 509]
[-286, 179, 509]
[-286, 180, 508]
[-287, 180, 508]
[-288, 181, 507]
[-288, 181, 506]
[-289, 182, 506]
[-290, 183, 505]
[-290, 183, 505]
[-291, 184, 504]
[-291, 184, 503]
[-292, 185, 503]
[-293, 185, 502]
[-293, 186, 501]
[-294, 186, 500]
[-295, 187, 500]
[-295, 187, 499]
[-296, 188, 498]
[-296, 188, 498]
[-297, 189, 497]
[-297, 189, 496]
[-298, 190, 495]
[-299, 190, 495]
[-299, 191, 494]
[-300, 191, 493]
[-300, 192, 492]
[-301, 192, 491]
[-301, 193, 491]
[-302, 193, 490]
[-302, 194, 489]
[-303, 194, 488]
[-303, 195, 487]
[-304, 195, 486]
[-304, 196, 485]
[-305, 196, 485]
[-305, 197, 484]
[-306, 197, 483]
[-306, 198, 482]
[-306, 198, 481]
[-307, 199, 480]
[-307, 199, 479]
[-308, 200, 478]
[-308, 200, 477]
[-309, 201, 476]
[-309, 201, 475]
[-309, 202, 474]
[-310, 202, 473]
[-310, 203, 472]
[-311, 203, 471]
[-311, 203, 470]
[-311, 204, 469]
[-312, 204, 468]
[-312, 205, 467]
[-313, 205, 466]
[-313, 206, 465]
[-313, 206, 464]
[-314, 207, 463]
[-314, 207, 462]
[-314, 207, 461]
[-315, 208, 460]
[-315, 208, 459]
[-315, 209, 458]
[-316, 209, 457]
[-316, 209, 455]
[-316, 210, 454]
[-317, 210, 453]
[-317, 211, 452]
[-317, 211, 451]
[-317, 211, 450]
[-318, 212, 449]
[-318, 212, 448]
[-318, 213, 446]
[-319, 213, 445]
[-319, 213, 444]
[-319, 214, 443]
[-319, 214, 442]
[-320, 214, 441]
[-320, 215, 439]
[-320, 215, 438]
[-320, 215, 437]
[-321, 216, 436]
[-321, 216, 435]
[-321, 216, 433]
[-321, 217, 432]
[-322, 217, 431]
[-322, 217, 430]
[-322, 218, 429]
[-322, 218, 427]
[-322, 218, 426]
[-323, 219, 425]
[-323, 219, 424]
[-323, 219, 422]
[-323, 220, 421]
[-324, 220, 420]
[-324, 220, 419]
[-324, 220, 417]
[-324, 221, 416]
[-324, 221, 415]
[-325, 221, 414]
[-325, 222, 412]
[-325, 222, 411]
[-325, 222, 410]
[-325, 222, 409]
[-326, 223, 407]
[-326, 223, 406]
[-326, 223, 405]
[-326, 223, 403]
[-326, 223, 402]
[-326, 224, 401]
[-327, 224, 400]
[-327, 224, 398]
[-327, 224, 397]
[-327, 225, 396]
[-327, 225, 394]
[-327, 225, 393]
[-327, 225, 392]
[-328, 225, 391]
[-328, 225, 389]
[-328, 226, 388]
[-328, 226, 387]
[-328, 226, 385]
[-328, 226, 384]
[-328, 226, 383]
[-329, 226, 382]
[-329, 227, 380]
[-329, 227, 379]
[-329, 227, 378]
[-329, 227, 376]
[-329, 227, 375]
[-329, 227, 374]
[-329, 227, 372]
[-329, 227, 371]
[-329, 227, 370]
[-329, 227, 369]
[-330, 228, 367]
[-330, 228, 366]
[-330, 228, 365]
[-330, 228, 363]
[-330, 228, 362]
[-330, 228, 361]
[-330, 228, 360]
[-330, 228, 358]
[-330, 228, 357]
[-330, 228, 356]
[-330, 228, 355]
[-330, 228, 353]
[-330, 228, 352]
