# Curve Parameters
# y_end: 234
# loops: 1
# A (south bulge): 140
# B (lateral wiggle): 20
# samples: 350
#
# Analysis Results
# max_grade: 0.807202
# length_3d: 385.43
# length_2d: 352.40
# min_horiz_step: 0.249812
# status: OK
#
# Coordinates (x, y, z)
#==================================================

[-199, 98, 410]
[-199, 98, 411]
[-199, 98, 413]
[-199, 98, 414]
[-199, 98, 415]
[-199, 98, 416]
[-199, 98, 418]
[-199, 98, 419]
[-199, 98, 420]
[-199, 98, 421]
[-199, 98, 422]
[-199, 98, 424]
[-199, 98, 425]
[-199, 99, 426]
[-200, 99, 427]
[-200, 99, 429]
[-200, 99, 430]
[-200, 99, 431]
[-200, 99, 432]
[-200, 99, 433]
[-200, 99, 435]
[-200, 99, 436]
[-200, 100, 437]
[-200, 100, 438]
[-200, 100, 439]
[-200, 100, 440]
[-201, 100, 442]
[-201, 100, 443]
[-201, 100, 444]
[-201, 101, 445]
[-201, 101, 446]
[-201, 101, 447]
[-201, 101, 448]
[-201, 101, 450]
[-201, 102, 451]
[-202, 102, 452]
[-202, 102, 453]
[-202, 102, 454]
[-202, 102, 455]
[-202, 103, 456]
[-202, 103, 457]
[-202, 103, 458]
[-202, 103, 459]
[-202, 104, 460]
[-203, 104, 461]
[-203, 104, 463]
[-203, 104, 464]
[-203, 105, 465]
[-203, 105, 466]
[-203, 105, 467]
[-203, 106, 468]
[-203, 106, 469]
[-204, 106, 470]
[-204, 106, 471]
[-204, 107, 472]
[-204, 107, 473]
[-204, 107, 474]
[-204, 108, 475]
[-204, 108, 476]
[-204, 108, 476]
[-205, 109, 477]
[-205, 109, 478]
[-205, 109, 479]
[-205, 110, 480]
[-205, 110, 481]
[-205, 110, 482]
[-205, 111, 483]
[-206, 111, 484]
[-206, 111, 485]
[-206, 112, 486]
[-206, 112, 486]
[-206, 113, 487]
[-206, 113, 488]
[-207, 113, 489]
[-207, 114, 490]
[-207, 114, 491]
[-207, 115, 491]
[-207, 115, 492]
[-207, 115, 493]
[-208, 116, 494]
[-208, 116, 495]
[-208, 117, 495]
[-208, 117, 496]
[-208, 117, 497]
[-209, 118, 498]
[-209, 118, 498]
[-209, 119, 499]
[-209, 119, 500]
[-210, 120, 500]
[-210, 120, 501]
[-210, 120, 502]
[-210, 121, 503]
[-211, 121, 503]
[-211, 122, 504]
[-211, 122, 504]
[-212, 123, 505]
[-212, 123, 506]
[-212, 124, 506]
[-212, 124, 507]
[-213, 125, 508]
[-213, 125, 508]
[-213, 126, 509]
[-214, 126, 509]
[-214, 127, 510]
[-215, 127, 510]
[-215, 128, 511]
[-215, 128, 511]
[-216, 129, 512]
[-216, 129, 512]
[-217, 130, 513]
[-217, 130, 513]
[-217, 131, 514]
[-218, 131, 514]
[-218, 132, 515]
[-219, 132, 515]
[-219, 133, 516]
[-220, 133, 516]
[-220, 134, 516]
[-221, 134, 517]
[-221, 135, 517]
[-222, 135, 518]
[-222, 136, 518]
[-223, 136, 518]
[-224, 137, 519]
[-224, 137, 519]
[-225, 138, 519]
[-225, 138, 520]
[-226, 139, 520]
[-227, 139, 520]
[-227, 140, 521]
[-228, 141, 521]
[-228, 141, 521]
[-229, 142, 521]
[-230, 142, 521]
[-230, 143, 522]
[-231, 143, 522]
[-232, 144, 522]
[-233, 144, 522]
[-233, 145, 522]
[-234, 146, 523]
[-235, 146, 523]
[-236, 147, 523]
[-236, 147, 523]
[-237, 148, 523]
[-238, 148, 523]
[-239, 149, 523]
[-239, 149, 523]
[-240, 150, 524]
[-241, 151, 524]
[-242, 151, 524]
[-243, 152, 524]
[-243, 152, 524]
[-244, 153, 524]
[-245, 153, 524]
[-246, 154, 524]
[-247, 155, 524]
[-248, 155, 524]
[-249, 156, 524]
[-250, 156, 524]
[-250, 157, 523]
[-251, 158, 523]
[-252, 158, 523]
[-253, 159, 523]
[-254, 159, 523]
[-255, 160, 523]
[-256, 160, 523]
[-257, 161, 523]
[-258, 162, 523]
[-259, 162, 522]
[-259, 163, 522]
[-260, 163, 522]
[-261, 164, 522]
[-262, 165, 522]
[-263, 165, 521]
[-264, 166, 521]
[-265, 166, 521]
[-266, 167, 521]
[-267, 167, 520]
[-268, 168, 520]
[-269, 169, 520]
[-270, 169, 519]
[-270, 170, 519]
[-271, 170, 519]
[-272, 171, 518]
[-273, 172, 518]
[-274, 172, 518]
[-275, 173, 517]
[-276, 173, 517]
[-277, 174, 517]
[-278, 174, 516]
[-279, 175, 516]
[-279, 176, 515]
[-280, 176, 515]
[-281, 177, 514]
[-282, 177, 514]
[-283, 178, 514]
[-284, 179, 513]
[-285, 179, 513]
[-286, 180, 512]
[-286, 180, 512]
[-287, 181, 511]
[-288, 181, 510]
[-289, 182, 510]
[-290, 183, 509]
[-290, 183, 509]
[-291, 184, 508]
[-292, 184, 508]
[-293, 185, 507]
[-293, 185, 506]
[-294, 186, 506]
[-295, 186, 505]
[-296, 187, 505]
[-296, 188, 504]
[-297, 188, 503]
[-298, 189, 503]
[-299, 189, 502]
[-299, 190, 501]
[-300, 190, 500]
[-301, 191, 500]
[-301, 191, 499]
[-302, 192, 498]
[-302, 193, 498]
[-303, 193, 497]
[-304, 194, 496]
[-304, 194, 495]
[-305, 195, 495]
[-305, 195, 494]
[-306, 196, 493]
[-307, 196, 492]
[-307, 197, 491]
[-308, 197, 491]
[-308, 198, 490]
[-309, 198, 489]
[-309, 199, 488]
[-310, 199, 487]
[-310, 200, 486]
[-311, 200, 485]
[-311, 201, 485]
[-312, 201, 484]
[-312, 202, 483]
[-312, 202, 482]
[-313, 203, 481]
[-313, 203, 480]
[-314, 204, 479]
[-314, 204, 478]
[-314, 205, 477]
[-315, 205, 476]
[-315, 206, 475]
[-316, 206, 474]
[-316, 207, 473]
[-316, 207, 472]
[-317, 208, 471]
[-317, 208, 470]
[-317, 209, 469]
[-317, 209, 468]
[-318, 210, 467]
[-318, 210, 466]
[-318, 211, 465]
[-319, 211, 464]
[-319, 212, 463]
[-319, 212, 462]
[-319, 212, 461]
[-320, 213, 460]
[-320, 213, 459]
[-320, 214, 458]
[-320, 214, 457]
[-321, 215, 455]
[-321, 215, 454]
[-321, 215, 453]
[-321, 216, 452]
[-321, 216, 451]
[-322, 217, 450]
[-322, 217, 449]
[-322, 217, 448]
[-322, 218, 446]
[-322, 218, 445]
[-322, 219, 444]
[-323, 219, 443]
[-323, 219, 442]
[-323, 220, 441]
[-323, 220, 439]
[-323, 221, 438]
[-323, 221, 437]
[-324, 221, 436]
[-324, 222, 435]
[-324, 222, 433]
[-324, 222, 432]
[-324, 223, 431]
[-324, 223, 430]
[-324, 223, 429]
[-325, 224, 427]
[-325, 224, 426]
[-325, 224, 425]
[-325, 225, 424]
[-325, 225, 422]
[-325, 225, 421]
[-325, 226, 420]
[-325, 226, 419]
[-326, 226, 417]
[-326, 226, 416]
[-326, 227, 415]
[-326, 227, 414]
[-326, 227, 412]
[-326, 228, 411]
[-326, 228, 410]
[-326, 228, 409]
[-327, 228, 407]
[-327, 229, 406]
[-327, 229, 405]
[-327, 229, 403]
[-327, 229, 402]
[-327, 230, 401]
[-327, 230, 400]
[-327, 230, 398]
[-327, 230, 397]
[-328, 230, 396]
[-328, 231, 394]
[-328, 231, 393]
[-328, 231, 392]
[-328, 231, 391]
[-328, 231, 389]
[-328, 232, 388]
[-328, 232, 387]
[-328, 232, 385]
[-329, 232, 384]
[-329, 232, 383]
[-329, 232, 382]
[-329, 232, 380]
[-329, 233, 379]
[-329, 233, 378]
[-329, 233, 376]
[-329, 233, 375]
[-329, 233, 374]
[-329, 233, 372]
[-329, 233, 371]
[-329, 233, 370]
[-330, 233, 369]
[-330, 234, 367]
[-330, 234, 366]
[-330, 234, 365]
[-330, 234, 363]
[-330, 234, 362]
[-330, 234, 361]
[-330, 234, 360]
[-330, 234, 358]
[-330, 234, 357]
[-330, 234, 356]
[-330, 234, 355]
[-330, 234, 353]
[-330, 234, 352]
