# Curve Parameters
# y_end: 222
# loops: 1
# A (south bulge): 140
# B (lateral wiggle): 30
# samples: 350
#
# Analysis Results
# max_grade: 0.736644
# length_3d: 388.81
# length_2d: 362.28
# min_horiz_step: 0.243295
# status: OK
#
# Coordinates (x, y, z)
#==================================================

[-199, 98, 410]
[-199, 98, 411]
[-199, 98, 413]
[-199, 98, 414]
[-199, 98, 415]
[-199, 98, 416]
[-199, 98, 418]
[-199, 98, 419]
[-199, 98, 420]
[-199, 98, 421]
[-199, 98, 422]
[-199, 98, 424]
[-199, 98, 425]
[-199, 99, 426]
[-199, 99, 427]
[-200, 99, 429]
[-200, 99, 430]
[-200, 99, 431]
[-200, 99, 432]
[-200, 99, 433]
[-200, 99, 435]
[-200, 99, 436]
[-200, 99, 437]
[-200, 100, 438]
[-200, 100, 439]
[-200, 100, 440]
[-200, 100, 442]
[-200, 100, 443]
[-200, 100, 444]
[-201, 100, 445]
[-201, 101, 446]
[-201, 101, 447]
[-201, 101, 448]
[-201, 101, 450]
[-201, 101, 451]
[-201, 101, 452]
[-201, 102, 453]
[-201, 102, 454]
[-201, 102, 455]
[-201, 102, 456]
[-201, 103, 457]
[-201, 103, 458]
[-201, 103, 459]
[-201, 103, 460]
[-202, 103, 461]
[-202, 104, 463]
[-202, 104, 464]
[-202, 104, 465]
[-202, 104, 466]
[-202, 105, 467]
[-202, 105, 468]
[-202, 105, 469]
[-202, 105, 470]
[-202, 106, 471]
[-202, 106, 472]
[-202, 106, 473]
[-202, 107, 474]
[-202, 107, 475]
[-202, 107, 476]
[-202, 107, 476]
[-202, 108, 477]
[-202, 108, 478]
[-202, 108, 479]
[-202, 109, 480]
[-202, 109, 481]
[-203, 109, 482]
[-203, 110, 483]
[-203, 110, 484]
[-203, 110, 485]
[-203, 111, 486]
[-203, 111, 486]
[-203, 111, 487]
[-203, 112, 488]
[-203, 112, 489]
[-203, 112, 490]
[-203, 113, 491]
[-203, 113, 491]
[-203, 113, 492]
[-203, 114, 493]
[-203, 114, 494]
[-204, 115, 495]
[-204, 115, 495]
[-204, 115, 496]
[-204, 116, 497]
[-204, 116, 498]
[-204, 116, 498]
[-204, 117, 499]
[-204, 117, 500]
[-205, 118, 500]
[-205, 118, 501]
[-205, 118, 502]
[-205, 119, 503]
[-205, 119, 503]
[-205, 120, 504]
[-206, 120, 504]
[-206, 121, 505]
[-206, 121, 506]
[-206, 121, 506]
[-207, 122, 507]
[-207, 122, 508]
[-207, 123, 508]
[-207, 123, 509]
[-208, 124, 509]
[-208, 124, 510]
[-208, 124, 510]
[-209, 125, 511]
[-209, 125, 511]
[-209, 126, 512]
[-210, 126, 512]
[-210, 127, 513]
[-211, 127, 513]
[-211, 128, 514]
[-211, 128, 514]
[-212, 129, 515]
[-212, 129, 515]
[-213, 130, 516]
[-213, 130, 516]
[-214, 130, 516]
[-214, 131, 517]
[-215, 131, 517]
[-215, 132, 518]
[-216, 132, 518]
[-217, 133, 518]
[-217, 133, 519]
[-218, 134, 519]
[-218, 134, 519]
[-219, 135, 520]
[-220, 135, 520]
[-220, 136, 520]
[-221, 136, 521]
[-222, 137, 521]
[-222, 137, 521]
[-223, 138, 521]
[-224, 138, 521]
[-225, 139, 522]
[-225, 139, 522]
[-226, 140, 522]
[-227, 140, 522]
[-228, 141, 522]
[-229, 141, 523]
[-230, 142, 523]
[-230, 142, 523]
[-231, 143, 523]
[-232, 143, 523]
[-233, 144, 523]
[-234, 144, 523]
[-235, 145, 523]
[-236, 145, 524]
[-237, 146, 524]
[-238, 147, 524]
[-239, 147, 524]
[-240, 148, 524]
[-241, 148, 524]
[-242, 149, 524]
[-243, 149, 524]
[-244, 150, 524]
[-245, 150, 524]
[-246, 151, 524]
[-247, 151, 524]
[-248, 152, 523]
[-249, 152, 523]
[-250, 153, 523]
[-251, 153, 523]
[-252, 154, 523]
[-253, 154, 523]
[-254, 155, 523]
[-255, 155, 523]
[-256, 156, 523]
[-257, 157, 522]
[-258, 157, 522]
[-260, 158, 522]
[-261, 158, 522]
[-262, 159, 522]
[-263, 159, 521]
[-264, 160, 521]
[-265, 160, 521]
[-266, 161, 521]
[-267, 161, 520]
[-268, 162, 520]
[-269, 162, 520]
[-271, 163, 519]
[-272, 163, 519]
[-273, 164, 519]
[-274, 165, 518]
[-275, 165, 518]
[-276, 166, 518]
[-277, 166, 517]
[-278, 167, 517]
[-279, 167, 517]
[-280, 168, 516]
[-281, 168, 516]
[-282, 169, 515]
[-283, 169, 515]
[-284, 170, 514]
[-285, 170, 514]
[-286, 171, 514]
[-287, 171, 513]
[-288, 172, 513]
[-289, 172, 512]
[-290, 173, 512]
[-291, 173, 511]
[-292, 174, 510]
[-293, 175, 510]
[-294, 175, 509]
[-295, 176, 509]
[-296, 176, 508]
[-297, 177, 508]
[-298, 177, 507]
[-299, 178, 506]
[-299, 178, 506]
[-300, 179, 505]
[-301, 179, 505]
[-302, 180, 504]
[-303, 180, 503]
[-304, 181, 503]
[-304, 181, 502]
[-305, 182, 501]
[-306, 182, 500]
[-307, 183, 500]
[-307, 183, 499]
[-308, 184, 498]
[-309, 184, 498]
[-309, 185, 497]
[-310, 185, 496]
[-311, 186, 495]
[-311, 186, 495]
[-312, 187, 494]
[-312, 187, 493]
[-313, 188, 492]
[-314, 188, 491]
[-314, 189, 491]
[-315, 189, 490]
[-315, 190, 489]
[-316, 190, 488]
[-316, 190, 487]
[-317, 191, 486]
[-317, 191, 485]
[-318, 192, 485]
[-318, 192, 484]
[-318, 193, 483]
[-319, 193, 482]
[-319, 194, 481]
[-320, 194, 480]
[-320, 195, 479]
[-320, 195, 478]
[-321, 196, 477]
[-321, 196, 476]
[-321, 196, 475]
[-322, 197, 474]
[-322, 197, 473]
[-322, 198, 472]
[-322, 198, 471]
[-323, 199, 470]
[-323, 199, 469]
[-323, 199, 468]
[-323, 200, 467]
[-324, 200, 466]
[-324, 201, 465]
[-324, 201, 464]
[-324, 202, 463]
[-324, 202, 462]
[-324, 202, 461]
[-325, 203, 460]
[-325, 203, 459]
[-325, 204, 458]
[-325, 204, 457]
[-325, 204, 455]
[-325, 205, 454]
[-325, 205, 453]
[-325, 205, 452]
[-326, 206, 451]
[-326, 206, 450]
[-326, 207, 449]
[-326, 207, 448]
[-326, 207, 446]
[-326, 208, 445]
[-326, 208, 444]
[-326, 208, 443]
[-326, 209, 442]
[-326, 209, 441]
[-326, 209, 439]
[-326, 210, 438]
[-326, 210, 437]
[-326, 210, 436]
[-326, 211, 435]
[-327, 211, 433]
[-327, 211, 432]
[-327, 212, 431]
[-327, 212, 430]
[-327, 212, 429]
[-327, 213, 427]
[-327, 213, 426]
[-327, 213, 425]
[-327, 213, 424]
[-327, 214, 422]
[-327, 214, 421]
[-327, 214, 420]
[-327, 215, 419]
[-327, 215, 417]
[-327, 215, 416]
[-327, 215, 415]
[-327, 216, 414]
[-327, 216, 412]
[-327, 216, 411]
[-327, 216, 410]
[-327, 217, 409]
[-328, 217, 407]
[-328, 217, 406]
[-328, 217, 405]
[-328, 217, 403]
[-328, 218, 402]
[-328, 218, 401]
[-328, 218, 400]
[-328, 218, 398]
[-328, 219, 397]
[-328, 219, 396]
[-328, 219, 394]
[-328, 219, 393]
[-328, 219, 392]
[-328, 219, 391]
[-328, 220, 389]
[-329, 220, 388]
[-329, 220, 387]
[-329, 220, 385]
[-329, 220, 384]
[-329, 220, 383]
[-329, 220, 382]
[-329, 221, 380]
[-329, 221, 379]
[-329, 221, 378]
[-329, 221, 376]
[-329, 221, 375]
[-329, 221, 374]
[-329, 221, 372]
[-329, 221, 371]
[-330, 221, 370]
[-330, 221, 369]
[-330, 222, 367]
[-330, 222, 366]
[-330, 222, 365]
[-330, 222, 363]
[-330, 222, 362]
[-330, 222, 361]
[-330, 222, 360]
[-330, 222, 358]
[-330, 222, 357]
[-330, 222, 356]
[-330, 222, 355]
[-330, 222, 353]
[-330, 222, 352]
