# Curve Parameters
# y_end: 228
# loops: 1
# A (south bulge): 120
# B (lateral wiggle): 30
# samples: 350
#
# Analysis Results
# max_grade: 0.868767
# length_3d: 357.14
# length_2d: 326.08
# min_horiz_step: 0.210616
# status: OK
#
# Coordinates (x, y, z)
#==================================================

[-199, 98, 410]
[-199, 98, 411]
[-199, 98, 412]
[-199, 98, 413]
[-199, 98, 414]
[-199, 98, 415]
[-199, 98, 416]
[-199, 98, 417]
[-199, 98, 419]
[-199, 98, 420]
[-199, 98, 421]
[-199, 98, 422]
[-199, 98, 423]
[-199, 99, 424]
[-199, 99, 425]
[-200, 99, 426]
[-200, 99, 427]
[-200, 99, 428]
[-200, 99, 429]
[-200, 99, 430]
[-200, 99, 431]
[-200, 99, 432]
[-200, 99, 433]
[-200, 100, 434]
[-200, 100, 435]
[-200, 100, 436]
[-200, 100, 437]
[-200, 100, 438]
[-200, 100, 439]
[-201, 101, 440]
[-201, 101, 441]
[-201, 101, 442]
[-201, 101, 443]
[-201, 101, 444]
[-201, 101, 445]
[-201, 102, 446]
[-201, 102, 446]
[-201, 102, 447]
[-201, 102, 448]
[-201, 103, 449]
[-201, 103, 450]
[-201, 103, 451]
[-201, 103, 452]
[-201, 103, 453]
[-202, 104, 454]
[-202, 104, 455]
[-202, 104, 456]
[-202, 104, 456]
[-202, 105, 457]
[-202, 105, 458]
[-202, 105, 459]
[-202, 106, 460]
[-202, 106, 461]
[-202, 106, 461]
[-202, 106, 462]
[-202, 107, 463]
[-202, 107, 464]
[-202, 107, 465]
[-202, 108, 466]
[-202, 108, 466]
[-202, 108, 467]
[-202, 109, 468]
[-202, 109, 469]
[-202, 109, 469]
[-202, 110, 470]
[-203, 110, 471]
[-203, 110, 472]
[-203, 111, 472]
[-203, 111, 473]
[-203, 111, 474]
[-203, 112, 475]
[-203, 112, 475]
[-203, 112, 476]
[-203, 113, 477]
[-203, 113, 477]
[-203, 113, 478]
[-203, 114, 479]
[-203, 114, 479]
[-203, 115, 480]
[-203, 115, 481]
[-204, 115, 481]
[-204, 116, 482]
[-204, 116, 483]
[-204, 117, 483]
[-204, 117, 484]
[-204, 117, 484]
[-204, 118, 485]
[-204, 118, 486]
[-205, 119, 486]
[-205, 119, 487]
[-205, 119, 487]
[-205, 120, 488]
[-205, 120, 488]
[-205, 121, 489]
[-206, 121, 489]
[-206, 122, 490]
[-206, 122, 491]
[-206, 123, 491]
[-207, 123, 492]
[-207, 123, 492]
[-207, 124, 492]
[-207, 124, 493]
[-208, 125, 493]
[-208, 125, 494]
[-208, 126, 494]
[-209, 126, 495]
[-209, 127, 495]
[-209, 127, 496]
[-210, 128, 496]
[-210, 128, 496]
[-211, 129, 497]
[-211, 129, 497]
[-211, 130, 497]
[-212, 130, 498]
[-212, 131, 498]
[-213, 131, 498]
[-213, 132, 499]
[-214, 132, 499]
[-214, 133, 499]
[-215, 133, 500]
[-215, 134, 500]
[-216, 134, 500]
[-217, 135, 501]
[-217, 135, 501]
[-218, 136, 501]
[-218, 136, 501]
[-219, 137, 502]
[-220, 137, 502]
[-220, 138, 502]
[-221, 138, 502]
[-222, 139, 502]
[-222, 139, 503]
[-223, 140, 503]
[-224, 140, 503]
[-225, 141, 503]
[-225, 141, 503]
[-226, 142, 503]
[-227, 142, 503]
[-228, 143, 504]
[-229, 143, 504]
[-230, 144, 504]
[-230, 145, 504]
[-231, 145, 504]
[-232, 146, 504]
[-233, 146, 504]
[-234, 147, 504]
[-235, 147, 504]
[-236, 148, 504]
[-237, 148, 504]
[-238, 149, 504]
[-239, 149, 504]
[-240, 150, 504]
[-241, 150, 504]
[-242, 151, 504]
[-243, 152, 504]
[-244, 152, 504]
[-245, 153, 504]
[-246, 153, 504]
[-247, 154, 504]
[-248, 154, 504]
[-249, 155, 504]
[-250, 155, 503]
[-251, 156, 503]
[-252, 157, 503]
[-253, 157, 503]
[-254, 158, 503]
[-255, 158, 503]
[-256, 159, 503]
[-257, 159, 502]
[-258, 160, 502]
[-260, 160, 502]
[-261, 161, 502]
[-262, 162, 502]
[-263, 162, 501]
[-264, 163, 501]
[-265, 163, 501]
[-266, 164, 501]
[-267, 164, 500]
[-268, 165, 500]
[-269, 166, 500]
[-271, 166, 499]
[-272, 167, 499]
[-273, 167, 499]
[-274, 168, 499]
[-275, 168, 498]
[-276, 169, 498]
[-277, 169, 497]
[-278, 170, 497]
[-279, 171, 497]
[-280, 171, 496]
[-281, 172, 496]
[-282, 172, 496]
[-283, 173, 495]
[-284, 173, 495]
[-285, 174, 494]
[-286, 174, 494]
[-287, 175, 493]
[-288, 176, 493]
[-289, 176, 493]
[-290, 177, 492]
[-291, 177, 492]
[-292, 178, 491]
[-293, 178, 491]
[-294, 179, 490]
[-295, 179, 490]
[-296, 180, 489]
[-297, 180, 488]
[-298, 181, 488]
[-299, 181, 487]
[-299, 182, 487]
[-300, 183, 486]
[-301, 183, 486]
[-302, 184, 485]
[-303, 184, 484]
[-304, 185, 484]
[-304, 185, 483]
[-305, 186, 483]
[-306, 186, 482]
[-307, 187, 481]
[-307, 187, 481]
[-308, 188, 480]
[-309, 188, 479]
[-309, 189, 479]
[-310, 189, 478]
[-311, 190, 477]
[-311, 190, 477]
[-312, 191, 476]
[-312, 191, 475]
[-313, 192, 474]
[-314, 192, 474]
[-314, 193, 473]
[-315, 193, 472]
[-315, 194, 471]
[-316, 194, 471]
[-316, 195, 470]
[-317, 195, 469]
[-317, 196, 468]
[-318, 196, 468]
[-318, 197, 467]
[-318, 197, 466]
[-319, 198, 465]
[-319, 198, 464]
[-320, 199, 464]
[-320, 199, 463]
[-320, 200, 462]
[-321, 200, 461]
[-321, 201, 460]
[-321, 201, 459]
[-322, 202, 458]
[-322, 202, 458]
[-322, 203, 457]
[-322, 203, 456]
[-323, 203, 455]
[-323, 204, 454]
[-323, 204, 453]
[-323, 205, 452]
[-324, 205, 451]
[-324, 206, 450]
[-324, 206, 449]
[-324, 207, 449]
[-324, 207, 448]
[-324, 207, 447]
[-325, 208, 446]
[-325, 208, 445]
[-325, 209, 444]
[-325, 209, 443]
[-325, 209, 442]
[-325, 210, 441]
[-325, 210, 440]
[-325, 211, 439]
[-326, 211, 438]
[-326, 211, 437]
[-326, 212, 436]
[-326, 212, 435]
[-326, 213, 434]
[-326, 213, 433]
[-326, 213, 432]
[-326, 214, 431]
[-326, 214, 430]
[-326, 214, 429]
[-326, 215, 428]
[-326, 215, 427]
[-326, 215, 426]
[-326, 216, 425]
[-326, 216, 424]
[-327, 216, 423]
[-327, 217, 421]
[-327, 217, 420]
[-327, 217, 419]
[-327, 218, 418]
[-327, 218, 417]
[-327, 218, 416]
[-327, 219, 415]
[-327, 219, 414]
[-327, 219, 413]
[-327, 220, 412]
[-327, 220, 411]
[-327, 220, 410]
[-327, 220, 409]
[-327, 221, 407]
[-327, 221, 406]
[-327, 221, 405]
[-327, 222, 404]
[-327, 222, 403]
[-327, 222, 402]
[-327, 222, 401]
[-328, 223, 400]
[-328, 223, 399]
[-328, 223, 398]
[-328, 223, 396]
[-328, 223, 395]
[-328, 224, 394]
[-328, 224, 393]
[-328, 224, 392]
[-328, 224, 391]
[-328, 225, 390]
[-328, 225, 389]
[-328, 225, 387]
[-328, 225, 386]
[-328, 225, 385]
[-328, 225, 384]
[-329, 226, 383]
[-329, 226, 382]
[-329, 226, 381]
[-329, 226, 380]
[-329, 226, 379]
[-329, 226, 377]
[-329, 227, 376]
[-329, 227, 375]
[-329, 227, 374]
[-329, 227, 373]
[-329, 227, 372]
[-329, 227, 371]
[-329, 227, 370]
[-329, 227, 368]
[-330, 227, 367]
[-330, 227, 366]
[-330, 228, 365]
[-330, 228, 364]
[-330, 228, 363]
[-330, 228, 362]
[-330, 228, 361]
[-330, 228, 360]
[-330, 228, 359]
[-330, 228, 357]
[-330, 228, 356]
[-330, 228, 355]
[-330, 228, 354]
[-330, 228, 353]
[-330, 228, 352]
