# Curve Parameters
# y_end: 222
# loops: 0
# A (south bulge): 80
# B (lateral wiggle): 10
# samples: 350
#
# Analysis Results
# max_grade: 0.946564
# length_3d: 271.31
# length_2d: 234.07
# min_horiz_step: 0.201207
# status: OK
#
# Coordinates (x, y, z)
#==================================================

[-199, 98, 410]
[-199, 98, 411]
[-199, 98, 411]
[-199, 98, 412]
[-199, 98, 413]
[-199, 98, 414]
[-199, 98, 414]
[-199, 98, 415]
[-199, 98, 416]
[-199, 98, 416]
[-199, 98, 417]
[-199, 98, 418]
[-199, 98, 418]
[-200, 99, 419]
[-200, 99, 420]
[-200, 99, 420]
[-200, 99, 421]
[-200, 99, 422]
[-200, 99, 422]
[-200, 99, 423]
[-200, 99, 424]
[-200, 99, 424]
[-200, 99, 425]
[-201, 100, 426]
[-201, 100, 426]
[-201, 100, 427]
[-201, 100, 428]
[-201, 100, 428]
[-201, 100, 429]
[-202, 100, 430]
[-202, 101, 430]
[-202, 101, 431]
[-202, 101, 431]
[-202, 101, 432]
[-202, 101, 433]
[-203, 101, 433]
[-203, 102, 434]
[-203, 102, 434]
[-203, 102, 435]
[-204, 102, 436]
[-204, 103, 436]
[-204, 103, 437]
[-204, 103, 437]
[-204, 103, 438]
[-205, 103, 438]
[-205, 104, 439]
[-205, 104, 439]
[-205, 104, 440]
[-206, 104, 441]
[-206, 105, 441]
[-206, 105, 442]
[-207, 105, 442]
[-207, 105, 443]
[-207, 106, 443]
[-207, 106, 444]
[-208, 106, 444]
[-208, 107, 445]
[-208, 107, 445]
[-209, 107, 446]
[-209, 107, 446]
[-209, 108, 447]
[-210, 108, 447]
[-210, 108, 448]
[-210, 109, 448]
[-211, 109, 448]
[-211, 109, 449]
[-211, 110, 449]
[-212, 110, 450]
[-212, 110, 450]
[-212, 111, 451]
[-213, 111, 451]
[-213, 111, 451]
[-213, 112, 452]
[-214, 112, 452]
[-214, 112, 453]
[-215, 113, 453]
[-215, 113, 454]
[-215, 113, 454]
[-216, 114, 454]
[-216, 114, 455]
[-216, 115, 455]
[-217, 115, 455]
[-217, 115, 456]
[-218, 116, 456]
[-218, 116, 456]
[-219, 116, 457]
[-219, 117, 457]
[-219, 117, 457]
[-220, 118, 458]
[-220, 118, 458]
[-221, 118, 458]
[-221, 119, 459]
[-222, 119, 459]
[-222, 120, 459]
[-222, 120, 460]
[-223, 121, 460]
[-223, 121, 460]
[-224, 121, 460]
[-224, 122, 461]
[-225, 122, 461]
[-225, 123, 461]
[-226, 123, 461]
[-226, 124, 462]
[-226, 124, 462]
[-227, 124, 462]
[-227, 125, 462]
[-228, 125, 462]
[-228, 126, 463]
[-229, 126, 463]
[-229, 127, 463]
[-230, 127, 463]
[-230, 128, 463]
[-231, 128, 464]
[-231, 129, 464]
[-232, 129, 464]
[-232, 130, 464]
[-233, 130, 464]
[-233, 130, 464]
[-234, 131, 464]
[-234, 131, 465]
[-235, 132, 465]
[-235, 132, 465]
[-236, 133, 465]
[-236, 133, 465]
[-237, 134, 465]
[-237, 134, 465]
[-238, 135, 465]
[-238, 135, 465]
[-239, 136, 465]
[-239, 136, 465]
[-240, 137, 466]
[-241, 137, 466]
[-241, 138, 466]
[-242, 138, 466]
[-242, 139, 466]
[-243, 139, 466]
[-243, 140, 466]
[-244, 140, 466]
[-244, 141, 466]
[-245, 141, 466]
[-245, 142, 466]
[-246, 142, 466]
[-246, 143, 466]
[-247, 143, 466]
[-248, 144, 466]
[-248, 144, 465]
[-249, 145, 465]
[-249, 145, 465]
[-250, 146, 465]
[-250, 147, 465]
[-251, 147, 465]
[-251, 148, 465]
[-252, 148, 465]
[-252, 149, 465]
[-253, 149, 465]
[-254, 150, 465]
[-254, 150, 464]
[-255, 151, 464]
[-255, 151, 464]
[-256, 152, 464]
[-256, 152, 464]
[-257, 153, 464]
[-257, 153, 464]
[-258, 154, 463]
[-259, 154, 463]
[-259, 155, 463]
[-260, 155, 463]
[-260, 156, 463]
[-261, 157, 462]
[-261, 157, 462]
[-262, 158, 462]
[-263, 158, 462]
[-263, 159, 462]
[-264, 159, 461]
[-264, 160, 461]
[-265, 160, 461]
[-265, 161, 461]
[-266, 161, 460]
[-266, 162, 460]
[-267, 162, 460]
[-268, 163, 460]
[-268, 163, 459]
[-269, 164, 459]
[-269, 165, 459]
[-270, 165, 458]
[-270, 166, 458]
[-271, 166, 458]
[-272, 167, 457]
[-272, 167, 457]
[-273, 168, 457]
[-273, 168, 456]
[-274, 169, 456]
[-274, 169, 456]
[-275, 170, 455]
[-275, 170, 455]
[-276, 171, 455]
[-277, 171, 454]
[-277, 172, 454]
[-278, 172, 453]
[-278, 173, 453]
[-279, 173, 453]
[-279, 174, 452]
[-280, 175, 452]
[-280, 175, 451]
[-281, 176, 451]
[-281, 176, 450]
[-282, 177, 450]
[-283, 177, 450]
[-283, 178, 449]
[-284, 178, 449]
[-284, 179, 448]
[-285, 179, 448]
[-285, 180, 447]
[-286, 180, 447]
[-286, 181, 446]
[-287, 181, 446]
[-287, 182, 445]
[-288, 182, 445]
[-288, 183, 444]
[-289, 183, 444]
[-290, 184, 443]
[-290, 184, 443]
[-291, 185, 442]
[-291, 185, 442]
[-292, 186, 441]
[-292, 186, 441]
[-293, 187, 440]
[-293, 187, 440]
[-294, 188, 439]
[-294, 188, 438]
[-295, 189, 438]
[-295, 189, 437]
[-296, 190, 437]
[-296, 190, 436]
[-297, 190, 436]
[-297, 191, 435]
[-298, 191, 434]
[-298, 192, 434]
[-299, 192, 433]
[-299, 193, 433]
[-300, 193, 432]
[-300, 194, 431]
[-301, 194, 431]
[-301, 195, 430]
[-302, 195, 429]
[-302, 196, 429]
[-303, 196, 428]
[-303, 196, 428]
[-303, 197, 427]
[-304, 197, 426]
[-304, 198, 426]
[-305, 198, 425]
[-305, 199, 424]
[-306, 199, 424]
[-306, 199, 423]
[-307, 200, 422]
[-307, 200, 422]
[-307, 201, 421]
[-308, 201, 420]
[-308, 202, 420]
[-309, 202, 419]
[-309, 202, 418]
[-310, 203, 417]
[-310, 203, 417]
[-310, 204, 416]
[-311, 204, 415]
[-311, 204, 415]
[-312, 205, 414]
[-312, 205, 413]
[-313, 205, 413]
[-313, 206, 412]
[-313, 206, 411]
[-314, 207, 410]
[-314, 207, 410]
[-314, 207, 409]
[-315, 208, 408]
[-315, 208, 407]
[-316, 208, 407]
[-316, 209, 406]
[-316, 209, 405]
[-317, 209, 404]
[-317, 210, 404]
[-317, 210, 403]
[-318, 210, 402]
[-318, 211, 401]
[-318, 211, 401]
[-319, 211, 400]
[-319, 212, 399]
[-319, 212, 398]
[-320, 212, 398]
[-320, 213, 397]
[-320, 213, 396]
[-321, 213, 395]
[-321, 213, 395]
[-321, 214, 394]
[-322, 214, 393]
[-322, 214, 392]
[-322, 215, 392]
[-322, 215, 391]
[-323, 215, 390]
[-323, 215, 389]
[-323, 216, 388]
[-324, 216, 388]
[-324, 216, 387]
[-324, 216, 386]
[-324, 217, 385]
[-325, 217, 385]
[-325, 217, 384]
[-325, 217, 383]
[-325, 217, 382]
[-325, 218, 382]
[-326, 218, 381]
[-326, 218, 380]
[-326, 218, 379]
[-326, 219, 378]
[-327, 219, 378]
[-327, 219, 377]
[-327, 219, 376]
[-327, 219, 375]
[-327, 219, 375]
[-327, 220, 374]
[-328, 220, 373]
[-328, 220, 372]
[-328, 220, 371]
[-328, 220, 371]
[-328, 220, 370]
[-328, 220, 369]
[-329, 221, 368]
[-329, 221, 368]
[-329, 221, 367]
[-329, 221, 366]
[-329, 221, 365]
[-329, 221, 365]
[-329, 221, 364]
[-329, 221, 363]
[-329, 221, 362]
[-329, 221, 362]
[-330, 222, 361]
[-330, 222, 360]
[-330, 222, 359]
[-330, 222, 359]
[-330, 222, 358]
[-330, 222, 357]
[-330, 222, 356]
[-330, 222, 356]
[-330, 222, 355]
[-330, 222, 354]
[-330, 222, 353]
[-330, 222, 353]
[-330, 222, 352]
