# Curve Parameters
# y_end: 224
# loops: 1
# A (south bulge): 140
# B (lateral wiggle): 80
# samples: 350
#
# Analysis Results
# max_grade: 0.854316
# length_3d: 451.46
# length_2d: 428.63
# min_horiz_step: 0.209470
# status: OK
#
# Coordinates (x, y, z)
#==================================================

[-199, 98, 410]
[-199, 98, 411]
[-199, 98, 413]
[-199, 98, 414]
[-199, 98, 415]
[-199, 98, 416]
[-199, 98, 418]
[-199, 98, 419]
[-199, 98, 420]
[-199, 98, 421]
[-199, 98, 422]
[-199, 98, 424]
[-199, 98, 425]
[-199, 99, 426]
[-199, 99, 427]
[-199, 99, 429]
[-199, 99, 430]
[-199, 99, 431]
[-199, 99, 432]
[-199, 99, 433]
[-199, 99, 435]
[-199, 99, 436]
[-199, 99, 437]
[-199, 100, 438]
[-199, 100, 439]
[-199, 100, 440]
[-199, 100, 442]
[-199, 100, 443]
[-199, 100, 444]
[-199, 100, 445]
[-199, 101, 446]
[-199, 101, 447]
[-199, 101, 448]
[-198, 101, 450]
[-198, 101, 451]
[-198, 102, 452]
[-198, 102, 453]
[-198, 102, 454]
[-198, 102, 455]
[-197, 102, 456]
[-197, 103, 457]
[-197, 103, 458]
[-197, 103, 459]
[-197, 103, 460]
[-196, 104, 461]
[-196, 104, 463]
[-196, 104, 464]
[-195, 104, 465]
[-195, 104, 466]
[-195, 105, 467]
[-194, 105, 468]
[-194, 105, 469]
[-194, 106, 470]
[-193, 106, 471]
[-193, 106, 472]
[-193, 106, 473]
[-192, 107, 474]
[-192, 107, 475]
[-191, 107, 476]
[-191, 108, 476]
[-191, 108, 477]
[-190, 108, 478]
[-190, 109, 479]
[-189, 109, 480]
[-189, 109, 481]
[-188, 109, 482]
[-188, 110, 483]
[-188, 110, 484]
[-187, 110, 485]
[-187, 111, 486]
[-186, 111, 486]
[-186, 112, 487]
[-185, 112, 488]
[-185, 112, 489]
[-184, 113, 490]
[-184, 113, 491]
[-184, 113, 491]
[-183, 114, 492]
[-183, 114, 493]
[-182, 114, 494]
[-182, 115, 495]
[-182, 115, 495]
[-181, 116, 496]
[-181, 116, 497]
[-181, 116, 498]
[-180, 117, 498]
[-180, 117, 499]
[-180, 118, 500]
[-179, 118, 500]
[-179, 118, 501]
[-179, 119, 502]
[-178, 119, 503]
[-178, 120, 503]
[-178, 120, 504]
[-178, 120, 504]
[-178, 121, 505]
[-178, 121, 506]
[-177, 122, 506]
[-177, 122, 507]
[-177, 123, 508]
[-177, 123, 508]
[-177, 124, 509]
[-177, 124, 509]
[-177, 124, 510]
[-177, 125, 510]
[-178, 125, 511]
[-178, 126, 511]
[-178, 126, 512]
[-178, 127, 512]
[-178, 127, 513]
[-179, 128, 513]
[-179, 128, 514]
[-179, 129, 514]
[-180, 129, 515]
[-180, 130, 515]
[-180, 130, 516]
[-181, 131, 516]
[-181, 131, 516]
[-182, 131, 517]
[-182, 132, 517]
[-183, 132, 518]
[-184, 133, 518]
[-184, 133, 518]
[-185, 134, 519]
[-186, 134, 519]
[-187, 135, 519]
[-188, 135, 520]
[-188, 136, 520]
[-189, 136, 520]
[-190, 137, 521]
[-191, 137, 521]
[-192, 138, 521]
[-193, 138, 521]
[-194, 139, 521]
[-196, 139, 522]
[-197, 140, 522]
[-198, 140, 522]
[-199, 141, 522]
[-200, 142, 522]
[-202, 142, 523]
[-203, 143, 523]
[-204, 143, 523]
[-206, 144, 523]
[-207, 144, 523]
[-209, 145, 523]
[-210, 145, 523]
[-212, 146, 523]
[-213, 146, 524]
[-215, 147, 524]
[-217, 147, 524]
[-218, 148, 524]
[-220, 148, 524]
[-222, 149, 524]
[-223, 149, 524]
[-225, 150, 524]
[-227, 150, 524]
[-229, 151, 524]
[-231, 152, 524]
[-232, 152, 524]
[-234, 153, 523]
[-236, 153, 523]
[-238, 154, 523]
[-240, 154, 523]
[-242, 155, 523]
[-244, 155, 523]
[-246, 156, 523]
[-248, 156, 523]
[-250, 157, 523]
[-252, 157, 522]
[-254, 158, 522]
[-256, 159, 522]
[-257, 159, 522]
[-259, 160, 522]
[-261, 160, 521]
[-263, 161, 521]
[-266, 161, 521]
[-268, 162, 521]
[-270, 162, 520]
[-272, 163, 520]
[-273, 163, 520]
[-275, 164, 519]
[-277, 165, 519]
[-279, 165, 519]
[-281, 166, 518]
[-283, 166, 518]
[-285, 167, 518]
[-287, 167, 517]
[-289, 168, 517]
[-291, 168, 517]
[-293, 169, 516]
[-295, 169, 516]
[-297, 170, 515]
[-298, 170, 515]
[-300, 171, 514]
[-302, 172, 514]
[-304, 172, 514]
[-306, 173, 513]
[-307, 173, 513]
[-309, 174, 512]
[-311, 174, 512]
[-312, 175, 511]
[-314, 175, 510]
[-316, 176, 510]
[-317, 176, 509]
[-319, 177, 509]
[-320, 177, 508]
[-322, 178, 508]
[-323, 178, 507]
[-325, 179, 506]
[-326, 179, 506]
[-327, 180, 505]
[-329, 180, 505]
[-330, 181, 504]
[-331, 182, 503]
[-332, 182, 503]
[-333, 183, 502]
[-335, 183, 501]
[-336, 184, 500]
[-337, 184, 500]
[-338, 185, 499]
[-339, 185, 498]
[-340, 186, 498]
[-341, 186, 497]
[-341, 187, 496]
[-342, 187, 495]
[-343, 188, 495]
[-344, 188, 494]
[-345, 189, 493]
[-345, 189, 492]
[-346, 190, 491]
[-347, 190, 491]
[-347, 191, 490]
[-348, 191, 489]
[-348, 191, 488]
[-349, 192, 487]
[-349, 192, 486]
[-349, 193, 485]
[-350, 193, 485]
[-350, 194, 484]
[-350, 194, 483]
[-351, 195, 482]
[-351, 195, 481]
[-351, 196, 480]
[-351, 196, 479]
[-351, 197, 478]
[-352, 197, 477]
[-352, 198, 476]
[-352, 198, 475]
[-352, 198, 474]
[-352, 199, 473]
[-352, 199, 472]
[-352, 200, 471]
[-352, 200, 470]
[-351, 201, 469]
[-351, 201, 468]
[-351, 202, 467]
[-351, 202, 466]
[-351, 202, 465]
[-351, 203, 464]
[-350, 203, 463]
[-350, 204, 462]
[-350, 204, 461]
[-349, 204, 460]
[-349, 205, 459]
[-349, 205, 458]
[-348, 206, 457]
[-348, 206, 455]
[-348, 206, 454]
[-347, 207, 453]
[-347, 207, 452]
[-347, 208, 451]
[-346, 208, 450]
[-346, 208, 449]
[-345, 209, 448]
[-345, 209, 446]
[-345, 209, 445]
[-344, 210, 444]
[-344, 210, 443]
[-343, 210, 442]
[-343, 211, 441]
[-342, 211, 439]
[-342, 212, 438]
[-341, 212, 437]
[-341, 212, 436]
[-341, 213, 435]
[-340, 213, 433]
[-340, 213, 432]
[-339, 213, 431]
[-339, 214, 430]
[-338, 214, 429]
[-338, 214, 427]
[-338, 215, 426]
[-337, 215, 425]
[-337, 215, 424]
[-336, 216, 422]
[-336, 216, 421]
[-336, 216, 420]
[-335, 216, 419]
[-335, 217, 417]
[-335, 217, 416]
[-334, 217, 415]
[-334, 218, 414]
[-334, 218, 412]
[-333, 218, 411]
[-333, 218, 410]
[-333, 218, 409]
[-332, 219, 407]
[-332, 219, 406]
[-332, 219, 405]
[-332, 219, 403]
[-332, 220, 402]
[-331, 220, 401]
[-331, 220, 400]
[-331, 220, 398]
[-331, 220, 397]
[-331, 221, 396]
[-331, 221, 394]
[-330, 221, 393]
[-330, 221, 392]
[-330, 221, 391]
[-330, 222, 389]
[-330, 222, 388]
[-330, 222, 387]
[-330, 222, 385]
[-330, 222, 384]
[-330, 222, 383]
[-330, 222, 382]
[-330, 223, 380]
[-330, 223, 379]
[-330, 223, 378]
[-330, 223, 376]
[-330, 223, 375]
[-330, 223, 374]
[-330, 223, 372]
[-330, 223, 371]
[-330, 223, 370]
[-330, 223, 369]
[-330, 224, 367]
[-330, 224, 366]
[-330, 224, 365]
[-330, 224, 363]
[-330, 224, 362]
[-330, 224, 361]
[-330, 224, 360]
[-330, 224, 358]
[-330, 224, 357]
[-330, 224, 356]
[-330, 224, 355]
[-330, 224, 353]
[-330, 224, 352]
