# Curve Parameters
# y_end: 222
# loops: 1
# A (south bulge): 140
# B (lateral wiggle): 40
# samples: 350
#
# Analysis Results
# max_grade: 0.752602
# length_3d: 398.80
# length_2d: 373.34
# min_horiz_step: 0.235202
# status: OK
#
# Coordinates (x, y, z)
#==================================================

[-199, 98, 410]
[-199, 98, 411]
[-199, 98, 413]
[-199, 98, 414]
[-199, 98, 415]
[-199, 98, 416]
[-199, 98, 418]
[-199, 98, 419]
[-199, 98, 420]
[-199, 98, 421]
[-199, 98, 422]
[-199, 98, 424]
[-199, 98, 425]
[-199, 99, 426]
[-199, 99, 427]
[-200, 99, 429]
[-200, 99, 430]
[-200, 99, 431]
[-200, 99, 432]
[-200, 99, 433]
[-200, 99, 435]
[-200, 99, 436]
[-200, 99, 437]
[-200, 100, 438]
[-200, 100, 439]
[-200, 100, 440]
[-200, 100, 442]
[-200, 100, 443]
[-200, 100, 444]
[-200, 100, 445]
[-200, 101, 446]
[-200, 101, 447]
[-200, 101, 448]
[-200, 101, 450]
[-200, 101, 451]
[-200, 101, 452]
[-200, 102, 453]
[-200, 102, 454]
[-200, 102, 455]
[-200, 102, 456]
[-200, 103, 457]
[-200, 103, 458]
[-200, 103, 459]
[-200, 103, 460]
[-200, 103, 461]
[-200, 104, 463]
[-200, 104, 464]
[-200, 104, 465]
[-200, 104, 466]
[-200, 105, 467]
[-200, 105, 468]
[-200, 105, 469]
[-200, 105, 470]
[-200, 106, 471]
[-200, 106, 472]
[-200, 106, 473]
[-200, 107, 474]
[-200, 107, 475]
[-200, 107, 476]
[-200, 107, 476]
[-200, 108, 477]
[-200, 108, 478]
[-200, 108, 479]
[-200, 109, 480]
[-200, 109, 481]
[-200, 109, 482]
[-200, 110, 483]
[-200, 110, 484]
[-200, 110, 485]
[-200, 111, 486]
[-199, 111, 486]
[-199, 111, 487]
[-199, 112, 488]
[-199, 112, 489]
[-199, 112, 490]
[-199, 113, 491]
[-199, 113, 491]
[-199, 113, 492]
[-199, 114, 493]
[-199, 114, 494]
[-199, 115, 495]
[-199, 115, 495]
[-199, 115, 496]
[-199, 116, 497]
[-199, 116, 498]
[-199, 116, 498]
[-199, 117, 499]
[-199, 117, 500]
[-200, 118, 500]
[-200, 118, 501]
[-200, 118, 502]
[-200, 119, 503]
[-200, 119, 503]
[-200, 120, 504]
[-200, 120, 504]
[-200, 121, 505]
[-200, 121, 506]
[-201, 121, 506]
[-201, 122, 507]
[-201, 122, 508]
[-201, 123, 508]
[-201, 123, 509]
[-202, 124, 509]
[-202, 124, 510]
[-202, 124, 510]
[-202, 125, 511]
[-203, 125, 511]
[-203, 126, 512]
[-203, 126, 512]
[-204, 127, 513]
[-204, 127, 513]
[-205, 128, 514]
[-205, 128, 514]
[-205, 129, 515]
[-206, 129, 515]
[-206, 130, 516]
[-207, 130, 516]
[-207, 130, 516]
[-208, 131, 517]
[-208, 131, 517]
[-209, 132, 518]
[-210, 132, 518]
[-210, 133, 518]
[-211, 133, 519]
[-211, 134, 519]
[-212, 134, 519]
[-213, 135, 520]
[-213, 135, 520]
[-214, 136, 520]
[-215, 136, 521]
[-216, 137, 521]
[-216, 137, 521]
[-217, 138, 521]
[-218, 138, 521]
[-219, 139, 522]
[-220, 139, 522]
[-221, 140, 522]
[-221, 140, 522]
[-222, 141, 522]
[-223, 141, 523]
[-224, 142, 523]
[-225, 142, 523]
[-226, 143, 523]
[-227, 143, 523]
[-228, 144, 523]
[-229, 144, 523]
[-230, 145, 523]
[-231, 145, 524]
[-232, 146, 524]
[-233, 147, 524]
[-235, 147, 524]
[-236, 148, 524]
[-237, 148, 524]
[-238, 149, 524]
[-239, 149, 524]
[-240, 150, 524]
[-241, 150, 524]
[-243, 151, 524]
[-244, 151, 524]
[-245, 152, 523]
[-246, 152, 523]
[-247, 153, 523]
[-249, 153, 523]
[-250, 154, 523]
[-251, 154, 523]
[-252, 155, 523]
[-254, 155, 523]
[-255, 156, 523]
[-256, 157, 522]
[-257, 157, 522]
[-259, 158, 522]
[-260, 158, 522]
[-261, 159, 522]
[-263, 159, 521]
[-264, 160, 521]
[-265, 160, 521]
[-266, 161, 521]
[-268, 161, 520]
[-269, 162, 520]
[-270, 162, 520]
[-272, 163, 519]
[-273, 163, 519]
[-274, 164, 519]
[-275, 165, 518]
[-277, 165, 518]
[-278, 166, 518]
[-279, 166, 517]
[-280, 167, 517]
[-282, 167, 517]
[-283, 168, 516]
[-284, 168, 516]
[-285, 169, 515]
[-286, 169, 515]
[-288, 170, 514]
[-289, 170, 514]
[-290, 171, 514]
[-291, 171, 513]
[-292, 172, 513]
[-293, 172, 512]
[-294, 173, 512]
[-296, 173, 511]
[-297, 174, 510]
[-298, 175, 510]
[-299, 175, 509]
[-300, 176, 509]
[-301, 176, 508]
[-302, 177, 508]
[-303, 177, 507]
[-304, 178, 506]
[-305, 178, 506]
[-306, 179, 505]
[-307, 179, 505]
[-308, 180, 504]
[-308, 180, 503]
[-309, 181, 503]
[-310, 181, 502]
[-311, 182, 501]
[-312, 182, 500]
[-313, 183, 500]
[-313, 183, 499]
[-314, 184, 498]
[-315, 184, 498]
[-316, 185, 497]
[-316, 185, 496]
[-317, 186, 495]
[-318, 186, 495]
[-318, 187, 494]
[-319, 187, 493]
[-319, 188, 492]
[-320, 188, 491]
[-321, 189, 491]
[-321, 189, 490]
[-322, 190, 489]
[-322, 190, 488]
[-323, 190, 487]
[-323, 191, 486]
[-324, 191, 485]
[-324, 192, 485]
[-324, 192, 484]
[-325, 193, 483]
[-325, 193, 482]
[-326, 194, 481]
[-326, 194, 480]
[-326, 195, 479]
[-327, 195, 478]
[-327, 196, 477]
[-327, 196, 476]
[-327, 196, 475]
[-328, 197, 474]
[-328, 197, 473]
[-328, 198, 472]
[-328, 198, 471]
[-328, 199, 470]
[-329, 199, 469]
[-329, 199, 468]
[-329, 200, 467]
[-329, 200, 466]
[-329, 201, 465]
[-329, 201, 464]
[-329, 202, 463]
[-329, 202, 462]
[-329, 202, 461]
[-330, 203, 460]
[-330, 203, 459]
[-330, 204, 458]
[-330, 204, 457]
[-330, 204, 455]
[-330, 205, 454]
[-330, 205, 453]
[-330, 205, 452]
[-330, 206, 451]
[-330, 206, 450]
[-330, 207, 449]
[-330, 207, 448]
[-330, 207, 446]
[-330, 208, 445]
[-330, 208, 444]
[-330, 208, 443]
[-330, 209, 442]
[-330, 209, 441]
[-329, 209, 439]
[-329, 210, 438]
[-329, 210, 437]
[-329, 210, 436]
[-329, 211, 435]
[-329, 211, 433]
[-329, 211, 432]
[-329, 212, 431]
[-329, 212, 430]
[-329, 212, 429]
[-329, 213, 427]
[-329, 213, 426]
[-329, 213, 425]
[-329, 213, 424]
[-329, 214, 422]
[-329, 214, 421]
[-329, 214, 420]
[-329, 215, 419]
[-329, 215, 417]
[-329, 215, 416]
[-329, 215, 415]
[-329, 216, 414]
[-329, 216, 412]
[-329, 216, 411]
[-329, 216, 410]
[-329, 217, 409]
[-329, 217, 407]
[-329, 217, 406]
[-329, 217, 405]
[-329, 217, 403]
[-329, 218, 402]
[-329, 218, 401]
[-329, 218, 400]
[-329, 218, 398]
[-329, 219, 397]
[-329, 219, 396]
[-329, 219, 394]
[-329, 219, 393]
[-329, 219, 392]
[-329, 219, 391]
[-329, 220, 389]
[-329, 220, 388]
[-329, 220, 387]
[-329, 220, 385]
[-329, 220, 384]
[-329, 220, 383]
[-329, 220, 382]
[-329, 221, 380]
[-329, 221, 379]
[-329, 221, 378]
[-329, 221, 376]
[-329, 221, 375]
[-329, 221, 374]
[-329, 221, 372]
[-329, 221, 371]
[-330, 221, 370]
[-330, 221, 369]
[-330, 222, 367]
[-330, 222, 366]
[-330, 222, 365]
[-330, 222, 363]
[-330, 222, 362]
[-330, 222, 361]
[-330, 222, 360]
[-330, 222, 358]
[-330, 222, 357]
[-330, 222, 356]
[-330, 222, 355]
[-330, 222, 353]
[-330, 222, 352]
