# Curve Parameters
# y_end: 242
# loops: 1
# A (south bulge): 120
# B (lateral wiggle): 10
# samples: 350
#
# Analysis Results
# max_grade: 0.942923
# length_3d: 349.02
# length_2d: 308.06
# min_horiz_step: 0.230196
# status: OK
#
# Coordinates (x, y, z)
#==================================================

[-199, 98, 410]
[-199, 98, 411]
[-199, 98, 412]
[-199, 98, 413]
[-199, 98, 414]
[-199, 98, 415]
[-199, 98, 416]
[-199, 98, 417]
[-199, 98, 419]
[-199, 98, 420]
[-199, 98, 421]
[-199, 98, 422]
[-199, 98, 423]
[-200, 99, 424]
[-200, 99, 425]
[-200, 99, 426]
[-200, 99, 427]
[-200, 99, 428]
[-200, 99, 429]
[-200, 99, 430]
[-200, 99, 431]
[-200, 100, 432]
[-200, 100, 433]
[-200, 100, 434]
[-201, 100, 435]
[-201, 100, 436]
[-201, 100, 437]
[-201, 100, 438]
[-201, 101, 439]
[-201, 101, 440]
[-201, 101, 441]
[-202, 101, 442]
[-202, 101, 443]
[-202, 102, 444]
[-202, 102, 445]
[-202, 102, 446]
[-202, 102, 446]
[-202, 103, 447]
[-203, 103, 448]
[-203, 103, 449]
[-203, 103, 450]
[-203, 103, 451]
[-203, 104, 452]
[-203, 104, 453]
[-204, 104, 454]
[-204, 105, 455]
[-204, 105, 456]
[-204, 105, 456]
[-204, 105, 457]
[-205, 106, 458]
[-205, 106, 459]
[-205, 106, 460]
[-205, 107, 461]
[-205, 107, 461]
[-206, 107, 462]
[-206, 108, 463]
[-206, 108, 464]
[-206, 108, 465]
[-207, 109, 466]
[-207, 109, 466]
[-207, 109, 467]
[-207, 110, 468]
[-207, 110, 469]
[-208, 110, 469]
[-208, 111, 470]
[-208, 111, 471]
[-208, 112, 472]
[-209, 112, 472]
[-209, 112, 473]
[-209, 113, 474]
[-209, 113, 475]
[-210, 113, 475]
[-210, 114, 476]
[-210, 114, 477]
[-210, 115, 477]
[-211, 115, 478]
[-211, 116, 479]
[-211, 116, 479]
[-212, 116, 480]
[-212, 117, 481]
[-212, 117, 481]
[-212, 118, 482]
[-213, 118, 483]
[-213, 119, 483]
[-213, 119, 484]
[-214, 119, 484]
[-214, 120, 485]
[-214, 120, 486]
[-215, 121, 486]
[-215, 121, 487]
[-215, 122, 487]
[-216, 122, 488]
[-216, 123, 488]
[-216, 123, 489]
[-217, 124, 489]
[-217, 124, 490]
[-218, 125, 491]
[-218, 125, 491]
[-218, 126, 492]
[-219, 126, 492]
[-219, 127, 492]
[-220, 127, 493]
[-220, 128, 493]
[-220, 128, 494]
[-221, 129, 494]
[-221, 129, 495]
[-222, 130, 495]
[-222, 130, 496]
[-223, 131, 496]
[-223, 131, 496]
[-223, 132, 497]
[-224, 132, 497]
[-224, 133, 497]
[-225, 134, 498]
[-225, 134, 498]
[-226, 135, 498]
[-226, 135, 499]
[-227, 136, 499]
[-227, 136, 499]
[-228, 137, 500]
[-228, 137, 500]
[-229, 138, 500]
[-229, 138, 501]
[-230, 139, 501]
[-230, 140, 501]
[-231, 140, 501]
[-232, 141, 502]
[-232, 141, 502]
[-233, 142, 502]
[-233, 142, 502]
[-234, 143, 502]
[-234, 144, 503]
[-235, 144, 503]
[-236, 145, 503]
[-236, 145, 503]
[-237, 146, 503]
[-238, 147, 503]
[-238, 147, 503]
[-239, 148, 504]
[-239, 148, 504]
[-240, 149, 504]
[-241, 150, 504]
[-241, 150, 504]
[-242, 151, 504]
[-243, 151, 504]
[-243, 152, 504]
[-244, 153, 504]
[-245, 153, 504]
[-245, 154, 504]
[-246, 154, 504]
[-247, 155, 504]
[-247, 156, 504]
[-248, 156, 504]
[-249, 157, 504]
[-250, 157, 504]
[-250, 158, 504]
[-251, 159, 504]
[-252, 159, 504]
[-252, 160, 504]
[-253, 160, 504]
[-254, 161, 504]
[-255, 162, 503]
[-255, 162, 503]
[-256, 163, 503]
[-257, 164, 503]
[-257, 164, 503]
[-258, 165, 503]
[-259, 165, 503]
[-260, 166, 502]
[-260, 167, 502]
[-261, 167, 502]
[-262, 168, 502]
[-263, 168, 502]
[-263, 169, 501]
[-264, 170, 501]
[-265, 170, 501]
[-266, 171, 501]
[-266, 172, 500]
[-267, 172, 500]
[-268, 173, 500]
[-269, 173, 499]
[-269, 174, 499]
[-270, 175, 499]
[-271, 175, 499]
[-272, 176, 498]
[-272, 176, 498]
[-273, 177, 497]
[-274, 178, 497]
[-274, 178, 497]
[-275, 179, 496]
[-276, 180, 496]
[-277, 180, 496]
[-277, 181, 495]
[-278, 181, 495]
[-279, 182, 494]
[-279, 183, 494]
[-280, 183, 493]
[-281, 184, 493]
[-282, 184, 493]
[-282, 185, 492]
[-283, 186, 492]
[-284, 186, 491]
[-284, 187, 491]
[-285, 187, 490]
[-286, 188, 490]
[-286, 189, 489]
[-287, 189, 488]
[-288, 190, 488]
[-288, 190, 487]
[-289, 191, 487]
[-290, 192, 486]
[-290, 192, 486]
[-291, 193, 485]
[-291, 193, 484]
[-292, 194, 484]
[-293, 195, 483]
[-293, 195, 483]
[-294, 196, 482]
[-295, 196, 481]
[-295, 197, 481]
[-296, 198, 480]
[-296, 198, 479]
[-297, 199, 479]
[-297, 199, 478]
[-298, 200, 477]
[-299, 200, 477]
[-299, 201, 476]
[-300, 202, 475]
[-300, 202, 474]
[-301, 203, 474]
[-301, 203, 473]
[-302, 204, 472]
[-302, 204, 471]
[-303, 205, 471]
[-303, 205, 470]
[-304, 206, 469]
[-304, 206, 468]
[-305, 207, 468]
[-305, 208, 467]
[-306, 208, 466]
[-306, 209, 465]
[-306, 209, 464]
[-307, 210, 464]
[-307, 210, 463]
[-308, 211, 462]
[-308, 211, 461]
[-309, 212, 460]
[-309, 212, 459]
[-309, 213, 458]
[-310, 213, 458]
[-310, 214, 457]
[-311, 214, 456]
[-311, 215, 455]
[-311, 215, 454]
[-312, 216, 453]
[-312, 216, 452]
[-313, 217, 451]
[-313, 217, 450]
[-313, 218, 449]
[-314, 218, 449]
[-314, 219, 448]
[-314, 219, 447]
[-315, 220, 446]
[-315, 220, 445]
[-315, 221, 444]
[-316, 221, 443]
[-316, 221, 442]
[-316, 222, 441]
[-317, 222, 440]
[-317, 223, 439]
[-317, 223, 438]
[-317, 224, 437]
[-318, 224, 436]
[-318, 224, 435]
[-318, 225, 434]
[-319, 225, 433]
[-319, 226, 432]
[-319, 226, 431]
[-319, 227, 430]
[-320, 227, 429]
[-320, 227, 428]
[-320, 228, 427]
[-320, 228, 426]
[-321, 228, 425]
[-321, 229, 424]
[-321, 229, 423]
[-321, 230, 421]
[-322, 230, 420]
[-322, 230, 419]
[-322, 231, 418]
[-322, 231, 417]
[-322, 231, 416]
[-323, 232, 415]
[-323, 232, 414]
[-323, 232, 413]
[-323, 233, 412]
[-324, 233, 411]
[-324, 233, 410]
[-324, 234, 409]
[-324, 234, 407]
[-324, 234, 406]
[-325, 235, 405]
[-325, 235, 404]
[-325, 235, 403]
[-325, 235, 402]
[-325, 236, 401]
[-326, 236, 400]
[-326, 236, 399]
[-326, 237, 398]
[-326, 237, 396]
[-326, 237, 395]
[-326, 237, 394]
[-327, 237, 393]
[-327, 238, 392]
[-327, 238, 391]
[-327, 238, 390]
[-327, 238, 389]
[-327, 239, 387]
[-327, 239, 386]
[-328, 239, 385]
[-328, 239, 384]
[-328, 239, 383]
[-328, 240, 382]
[-328, 240, 381]
[-328, 240, 380]
[-328, 240, 379]
[-329, 240, 377]
[-329, 240, 376]
[-329, 240, 375]
[-329, 241, 374]
[-329, 241, 373]
[-329, 241, 372]
[-329, 241, 371]
[-329, 241, 370]
[-329, 241, 368]
[-329, 241, 367]
[-329, 241, 366]
[-330, 242, 365]
[-330, 242, 364]
[-330, 242, 363]
[-330, 242, 362]
[-330, 242, 361]
[-330, 242, 360]
[-330, 242, 359]
[-330, 242, 357]
[-330, 242, 356]
[-330, 242, 355]
[-330, 242, 354]
[-330, 242, 353]
[-330, 242, 352]
