# Curve Parameters
# y_end: 226
# loops: 3
# A (south bulge): 100
# B (lateral wiggle): 0
# samples: 350
#
# Analysis Results
# max_grade: 0.977099
# length_3d: 303.96
# length_2d: 266.83
# min_horiz_step: 0.209356
# status: OK
#
# Coordinates (x, y, z)
#==================================================

[-199, 98, 410]
[-199, 98, 411]
[-199, 98, 412]
[-199, 98, 413]
[-199, 98, 414]
[-199, 98, 414]
[-199, 98, 415]
[-199, 98, 416]
[-199, 98, 417]
[-199, 98, 418]
[-199, 98, 419]
[-199, 98, 420]
[-199, 98, 421]
[-200, 99, 421]
[-200, 99, 422]
[-200, 99, 423]
[-200, 99, 424]
[-200, 99, 425]
[-200, 99, 426]
[-200, 99, 427]
[-200, 99, 427]
[-200, 99, 428]
[-200, 99, 429]
[-201, 100, 430]
[-201, 100, 431]
[-201, 100, 431]
[-201, 100, 432]
[-201, 100, 433]
[-201, 100, 434]
[-202, 101, 435]
[-202, 101, 435]
[-202, 101, 436]
[-202, 101, 437]
[-202, 101, 438]
[-202, 101, 439]
[-203, 102, 439]
[-203, 102, 440]
[-203, 102, 441]
[-203, 102, 442]
[-204, 102, 442]
[-204, 103, 443]
[-204, 103, 444]
[-204, 103, 445]
[-204, 103, 445]
[-205, 104, 446]
[-205, 104, 447]
[-205, 104, 447]
[-205, 104, 448]
[-206, 105, 449]
[-206, 105, 450]
[-206, 105, 450]
[-207, 105, 451]
[-207, 106, 452]
[-207, 106, 452]
[-207, 106, 453]
[-208, 107, 454]
[-208, 107, 454]
[-208, 107, 455]
[-209, 107, 456]
[-209, 108, 456]
[-209, 108, 457]
[-210, 108, 457]
[-210, 109, 458]
[-210, 109, 459]
[-211, 109, 459]
[-211, 110, 460]
[-211, 110, 461]
[-212, 110, 461]
[-212, 111, 462]
[-212, 111, 462]
[-213, 111, 463]
[-213, 112, 463]
[-213, 112, 464]
[-214, 112, 465]
[-214, 113, 465]
[-215, 113, 466]
[-215, 114, 466]
[-215, 114, 467]
[-216, 114, 467]
[-216, 115, 468]
[-216, 115, 468]
[-217, 115, 469]
[-217, 116, 469]
[-218, 116, 470]
[-218, 117, 470]
[-219, 117, 471]
[-219, 117, 471]
[-219, 118, 472]
[-220, 118, 472]
[-220, 119, 472]
[-221, 119, 473]
[-221, 120, 473]
[-222, 120, 474]
[-222, 120, 474]
[-222, 121, 475]
[-223, 121, 475]
[-223, 122, 475]
[-224, 122, 476]
[-224, 123, 476]
[-225, 123, 476]
[-225, 124, 477]
[-226, 124, 477]
[-226, 124, 477]
[-226, 125, 478]
[-227, 125, 478]
[-227, 126, 478]
[-228, 126, 479]
[-228, 127, 479]
[-229, 127, 479]
[-229, 128, 480]
[-230, 128, 480]
[-230, 129, 480]
[-231, 129, 481]
[-231, 130, 481]
[-232, 130, 481]
[-232, 131, 481]
[-233, 131, 481]
[-233, 132, 482]
[-234, 132, 482]
[-234, 132, 482]
[-235, 133, 482]
[-235, 133, 483]
[-236, 134, 483]
[-236, 134, 483]
[-237, 135, 483]
[-237, 135, 483]
[-238, 136, 483]
[-238, 137, 484]
[-239, 137, 484]
[-239, 138, 484]
[-240, 138, 484]
[-241, 139, 484]
[-241, 139, 484]
[-242, 140, 484]
[-242, 140, 484]
[-243, 141, 484]
[-243, 141, 484]
[-244, 142, 485]
[-244, 142, 485]
[-245, 143, 485]
[-245, 143, 485]
[-246, 144, 485]
[-246, 144, 485]
[-247, 145, 485]
[-248, 145, 485]
[-248, 146, 485]
[-249, 146, 485]
[-249, 147, 485]
[-250, 148, 485]
[-250, 148, 485]
[-251, 149, 485]
[-251, 149, 485]
[-252, 150, 485]
[-252, 150, 484]
[-253, 151, 484]
[-254, 151, 484]
[-254, 152, 484]
[-255, 152, 484]
[-255, 153, 484]
[-256, 153, 484]
[-256, 154, 484]
[-257, 155, 484]
[-257, 155, 483]
[-258, 156, 483]
[-259, 156, 483]
[-259, 157, 483]
[-260, 157, 483]
[-260, 158, 483]
[-261, 158, 482]
[-261, 159, 482]
[-262, 160, 482]
[-263, 160, 482]
[-263, 161, 482]
[-264, 161, 481]
[-264, 162, 481]
[-265, 162, 481]
[-265, 163, 481]
[-266, 163, 480]
[-266, 164, 480]
[-267, 164, 480]
[-268, 165, 480]
[-268, 166, 479]
[-269, 166, 479]
[-269, 167, 479]
[-270, 167, 478]
[-270, 168, 478]
[-271, 168, 478]
[-272, 169, 477]
[-272, 169, 477]
[-273, 170, 477]
[-273, 171, 476]
[-274, 171, 476]
[-274, 172, 475]
[-275, 172, 475]
[-275, 173, 475]
[-276, 173, 474]
[-277, 174, 474]
[-277, 174, 473]
[-278, 175, 473]
[-278, 175, 473]
[-279, 176, 472]
[-279, 176, 472]
[-280, 177, 471]
[-280, 178, 471]
[-281, 178, 470]
[-281, 179, 470]
[-282, 179, 469]
[-283, 180, 469]
[-283, 180, 468]
[-284, 181, 468]
[-284, 181, 467]
[-285, 182, 467]
[-285, 182, 466]
[-286, 183, 466]
[-286, 183, 465]
[-287, 184, 465]
[-287, 184, 464]
[-288, 185, 463]
[-288, 185, 463]
[-289, 186, 462]
[-290, 186, 462]
[-290, 187, 461]
[-291, 187, 460]
[-291, 188, 460]
[-292, 189, 459]
[-292, 189, 459]
[-293, 190, 458]
[-293, 190, 457]
[-294, 191, 457]
[-294, 191, 456]
[-295, 192, 455]
[-295, 192, 455]
[-296, 192, 454]
[-296, 193, 453]
[-297, 193, 453]
[-297, 194, 452]
[-298, 194, 451]
[-298, 195, 451]
[-299, 195, 450]
[-299, 196, 449]
[-300, 196, 449]
[-300, 197, 448]
[-301, 197, 447]
[-301, 198, 446]
[-302, 198, 446]
[-302, 199, 445]
[-303, 199, 444]
[-303, 200, 443]
[-303, 200, 443]
[-304, 200, 442]
[-304, 201, 441]
[-305, 201, 440]
[-305, 202, 440]
[-306, 202, 439]
[-306, 203, 438]
[-307, 203, 437]
[-307, 204, 436]
[-307, 204, 436]
[-308, 204, 435]
[-308, 205, 434]
[-309, 205, 433]
[-309, 206, 432]
[-310, 206, 432]
[-310, 207, 431]
[-310, 207, 430]
[-311, 207, 429]
[-311, 208, 428]
[-312, 208, 427]
[-312, 209, 427]
[-313, 209, 426]
[-313, 209, 425]
[-313, 210, 424]
[-314, 210, 423]
[-314, 210, 422]
[-314, 211, 421]
[-315, 211, 421]
[-315, 212, 420]
[-316, 212, 419]
[-316, 212, 418]
[-316, 213, 417]
[-317, 213, 416]
[-317, 213, 415]
[-317, 214, 414]
[-318, 214, 413]
[-318, 214, 413]
[-318, 215, 412]
[-319, 215, 411]
[-319, 215, 410]
[-319, 216, 409]
[-320, 216, 408]
[-320, 216, 407]
[-320, 217, 406]
[-321, 217, 405]
[-321, 217, 404]
[-321, 217, 403]
[-322, 218, 402]
[-322, 218, 402]
[-322, 218, 401]
[-322, 219, 400]
[-323, 219, 399]
[-323, 219, 398]
[-323, 219, 397]
[-324, 220, 396]
[-324, 220, 395]
[-324, 220, 394]
[-324, 220, 393]
[-325, 221, 392]
[-325, 221, 391]
[-325, 221, 390]
[-325, 221, 389]
[-325, 222, 388]
[-326, 222, 387]
[-326, 222, 387]
[-326, 222, 386]
[-326, 222, 385]
[-327, 223, 384]
[-327, 223, 383]
[-327, 223, 382]
[-327, 223, 381]
[-327, 223, 380]
[-327, 223, 379]
[-328, 224, 378]
[-328, 224, 377]
[-328, 224, 376]
[-328, 224, 375]
[-328, 224, 374]
[-328, 224, 373]
[-329, 225, 372]
[-329, 225, 371]
[-329, 225, 370]
[-329, 225, 370]
[-329, 225, 369]
[-329, 225, 368]
[-329, 225, 367]
[-329, 225, 366]
[-329, 225, 365]
[-329, 225, 364]
[-330, 226, 363]
[-330, 226, 362]
[-330, 226, 361]
[-330, 226, 360]
[-330, 226, 359]
[-330, 226, 358]
[-330, 226, 357]
[-330, 226, 357]
[-330, 226, 356]
[-330, 226, 355]
[-330, 226, 354]
[-330, 226, 353]
[-330, 226, 352]
