# Curve Parameters
# y_end: 222
# loops: 1
# A (south bulge): 100
# B (lateral wiggle): 30
# samples: 350
#
# Analysis Results
# max_grade: 0.966400
# length_3d: 321.19
# length_2d: 290.43
# min_horiz_step: 0.175012
# status: OK
#
# Coordinates (x, y, z)
#==================================================

[-199, 98, 410]
[-199, 98, 411]
[-199, 98, 412]
[-199, 98, 413]
[-199, 98, 414]
[-199, 98, 414]
[-199, 98, 415]
[-199, 98, 416]
[-199, 98, 417]
[-199, 98, 418]
[-199, 98, 419]
[-199, 98, 420]
[-199, 98, 421]
[-199, 99, 421]
[-199, 99, 422]
[-200, 99, 423]
[-200, 99, 424]
[-200, 99, 425]
[-200, 99, 426]
[-200, 99, 427]
[-200, 99, 427]
[-200, 99, 428]
[-200, 99, 429]
[-200, 100, 430]
[-200, 100, 431]
[-200, 100, 431]
[-200, 100, 432]
[-200, 100, 433]
[-200, 100, 434]
[-201, 100, 435]
[-201, 101, 435]
[-201, 101, 436]
[-201, 101, 437]
[-201, 101, 438]
[-201, 101, 439]
[-201, 101, 439]
[-201, 102, 440]
[-201, 102, 441]
[-201, 102, 442]
[-201, 102, 442]
[-201, 103, 443]
[-201, 103, 444]
[-201, 103, 445]
[-201, 103, 445]
[-202, 103, 446]
[-202, 104, 447]
[-202, 104, 447]
[-202, 104, 448]
[-202, 104, 449]
[-202, 105, 450]
[-202, 105, 450]
[-202, 105, 451]
[-202, 105, 452]
[-202, 106, 452]
[-202, 106, 453]
[-202, 106, 454]
[-202, 107, 454]
[-202, 107, 455]
[-202, 107, 456]
[-202, 107, 456]
[-202, 108, 457]
[-202, 108, 457]
[-202, 108, 458]
[-202, 109, 459]
[-202, 109, 459]
[-203, 109, 460]
[-203, 110, 461]
[-203, 110, 461]
[-203, 110, 462]
[-203, 111, 462]
[-203, 111, 463]
[-203, 111, 463]
[-203, 112, 464]
[-203, 112, 465]
[-203, 112, 465]
[-203, 113, 466]
[-203, 113, 466]
[-203, 113, 467]
[-203, 114, 467]
[-203, 114, 468]
[-204, 115, 468]
[-204, 115, 469]
[-204, 115, 469]
[-204, 116, 470]
[-204, 116, 470]
[-204, 116, 471]
[-204, 117, 471]
[-204, 117, 472]
[-205, 118, 472]
[-205, 118, 472]
[-205, 118, 473]
[-205, 119, 473]
[-205, 119, 474]
[-205, 120, 474]
[-206, 120, 475]
[-206, 121, 475]
[-206, 121, 475]
[-206, 121, 476]
[-207, 122, 476]
[-207, 122, 476]
[-207, 123, 477]
[-207, 123, 477]
[-208, 124, 477]
[-208, 124, 478]
[-208, 124, 478]
[-209, 125, 478]
[-209, 125, 479]
[-209, 126, 479]
[-210, 126, 479]
[-210, 127, 480]
[-211, 127, 480]
[-211, 128, 480]
[-211, 128, 481]
[-212, 129, 481]
[-212, 129, 481]
[-213, 130, 481]
[-213, 130, 481]
[-214, 130, 482]
[-214, 131, 482]
[-215, 131, 482]
[-215, 132, 482]
[-216, 132, 483]
[-217, 133, 483]
[-217, 133, 483]
[-218, 134, 483]
[-218, 134, 483]
[-219, 135, 483]
[-220, 135, 484]
[-220, 136, 484]
[-221, 136, 484]
[-222, 137, 484]
[-222, 137, 484]
[-223, 138, 484]
[-224, 138, 484]
[-225, 139, 484]
[-225, 139, 484]
[-226, 140, 484]
[-227, 140, 485]
[-228, 141, 485]
[-229, 141, 485]
[-230, 142, 485]
[-230, 142, 485]
[-231, 143, 485]
[-232, 143, 485]
[-233, 144, 485]
[-234, 144, 485]
[-235, 145, 485]
[-236, 145, 485]
[-237, 146, 485]
[-238, 147, 485]
[-239, 147, 485]
[-240, 148, 485]
[-241, 148, 485]
[-242, 149, 484]
[-243, 149, 484]
[-244, 150, 484]
[-245, 150, 484]
[-246, 151, 484]
[-247, 151, 484]
[-248, 152, 484]
[-249, 152, 484]
[-250, 153, 484]
[-251, 153, 483]
[-252, 154, 483]
[-253, 154, 483]
[-254, 155, 483]
[-255, 155, 483]
[-256, 156, 483]
[-257, 157, 482]
[-258, 157, 482]
[-260, 158, 482]
[-261, 158, 482]
[-262, 159, 482]
[-263, 159, 481]
[-264, 160, 481]
[-265, 160, 481]
[-266, 161, 481]
[-267, 161, 480]
[-268, 162, 480]
[-269, 162, 480]
[-271, 163, 480]
[-272, 163, 479]
[-273, 164, 479]
[-274, 165, 479]
[-275, 165, 478]
[-276, 166, 478]
[-277, 166, 478]
[-278, 167, 477]
[-279, 167, 477]
[-280, 168, 477]
[-281, 168, 476]
[-282, 169, 476]
[-283, 169, 475]
[-284, 170, 475]
[-285, 170, 475]
[-286, 171, 474]
[-287, 171, 474]
[-288, 172, 473]
[-289, 172, 473]
[-290, 173, 473]
[-291, 173, 472]
[-292, 174, 472]
[-293, 175, 471]
[-294, 175, 471]
[-295, 176, 470]
[-296, 176, 470]
[-297, 177, 469]
[-298, 177, 469]
[-299, 178, 468]
[-299, 178, 468]
[-300, 179, 467]
[-301, 179, 467]
[-302, 180, 466]
[-303, 180, 466]
[-304, 181, 465]
[-304, 181, 465]
[-305, 182, 464]
[-306, 182, 463]
[-307, 183, 463]
[-307, 183, 462]
[-308, 184, 462]
[-309, 184, 461]
[-309, 185, 460]
[-310, 185, 460]
[-311, 186, 459]
[-311, 186, 459]
[-312, 187, 458]
[-312, 187, 457]
[-313, 188, 457]
[-314, 188, 456]
[-314, 189, 455]
[-315, 189, 455]
[-315, 190, 454]
[-316, 190, 453]
[-316, 190, 453]
[-317, 191, 452]
[-317, 191, 451]
[-318, 192, 451]
[-318, 192, 450]
[-318, 193, 449]
[-319, 193, 449]
[-319, 194, 448]
[-320, 194, 447]
[-320, 195, 446]
[-320, 195, 446]
[-321, 196, 445]
[-321, 196, 444]
[-321, 196, 443]
[-322, 197, 443]
[-322, 197, 442]
[-322, 198, 441]
[-322, 198, 440]
[-323, 199, 440]
[-323, 199, 439]
[-323, 199, 438]
[-323, 200, 437]
[-324, 200, 436]
[-324, 201, 436]
[-324, 201, 435]
[-324, 202, 434]
[-324, 202, 433]
[-324, 202, 432]
[-325, 203, 432]
[-325, 203, 431]
[-325, 204, 430]
[-325, 204, 429]
[-325, 204, 428]
[-325, 205, 427]
[-325, 205, 427]
[-325, 205, 426]
[-326, 206, 425]
[-326, 206, 424]
[-326, 207, 423]
[-326, 207, 422]
[-326, 207, 421]
[-326, 208, 421]
[-326, 208, 420]
[-326, 208, 419]
[-326, 209, 418]
[-326, 209, 417]
[-326, 209, 416]
[-326, 210, 415]
[-326, 210, 414]
[-326, 210, 413]
[-326, 211, 413]
[-327, 211, 412]
[-327, 211, 411]
[-327, 212, 410]
[-327, 212, 409]
[-327, 212, 408]
[-327, 213, 407]
[-327, 213, 406]
[-327, 213, 405]
[-327, 213, 404]
[-327, 214, 403]
[-327, 214, 402]
[-327, 214, 402]
[-327, 215, 401]
[-327, 215, 400]
[-327, 215, 399]
[-327, 215, 398]
[-327, 216, 397]
[-327, 216, 396]
[-327, 216, 395]
[-327, 216, 394]
[-327, 217, 393]
[-328, 217, 392]
[-328, 217, 391]
[-328, 217, 390]
[-328, 217, 389]
[-328, 218, 388]
[-328, 218, 387]
[-328, 218, 387]
[-328, 218, 386]
[-328, 219, 385]
[-328, 219, 384]
[-328, 219, 383]
[-328, 219, 382]
[-328, 219, 381]
[-328, 219, 380]
[-328, 220, 379]
[-329, 220, 378]
[-329, 220, 377]
[-329, 220, 376]
[-329, 220, 375]
[-329, 220, 374]
[-329, 220, 373]
[-329, 221, 372]
[-329, 221, 371]
[-329, 221, 370]
[-329, 221, 370]
[-329, 221, 369]
[-329, 221, 368]
[-329, 221, 367]
[-329, 221, 366]
[-330, 221, 365]
[-330, 221, 364]
[-330, 222, 363]
[-330, 222, 362]
[-330, 222, 361]
[-330, 222, 360]
[-330, 222, 359]
[-330, 222, 358]
[-330, 222, 357]
[-330, 222, 357]
[-330, 222, 356]
[-330, 222, 355]
[-330, 222, 354]
[-330, 222, 353]
[-330, 222, 352]
