# Curve Parameters
# y_end: 258
# loops: 1
# A (south bulge): 140
# B (lateral wiggle): 40
# samples: 350
#
# Analysis Results
# max_grade: 0.971099
# length_3d: 414.38
# length_2d: 373.34
# min_horiz_step: 0.235202
# status: OK
#
# Coordinates (x, y, z)
#==================================================

[-199, 98, 410]
[-199, 98, 411]
[-199, 98, 413]
[-199, 98, 414]
[-199, 98, 415]
[-199, 98, 416]
[-199, 98, 418]
[-199, 98, 419]
[-199, 98, 420]
[-199, 98, 421]
[-199, 98, 422]
[-199, 98, 424]
[-199, 99, 425]
[-199, 99, 426]
[-199, 99, 427]
[-200, 99, 429]
[-200, 99, 430]
[-200, 99, 431]
[-200, 99, 432]
[-200, 99, 433]
[-200, 100, 435]
[-200, 100, 436]
[-200, 100, 437]
[-200, 100, 438]
[-200, 100, 439]
[-200, 100, 440]
[-200, 101, 442]
[-200, 101, 443]
[-200, 101, 444]
[-200, 101, 445]
[-200, 101, 446]
[-200, 102, 447]
[-200, 102, 448]
[-200, 102, 450]
[-200, 102, 451]
[-200, 103, 452]
[-200, 103, 453]
[-200, 103, 454]
[-200, 103, 455]
[-200, 104, 456]
[-200, 104, 457]
[-200, 104, 458]
[-200, 104, 459]
[-200, 105, 460]
[-200, 105, 461]
[-200, 105, 463]
[-200, 106, 464]
[-200, 106, 465]
[-200, 106, 466]
[-200, 107, 467]
[-200, 107, 468]
[-200, 107, 469]
[-200, 108, 470]
[-200, 108, 471]
[-200, 108, 472]
[-200, 109, 473]
[-200, 109, 474]
[-200, 109, 475]
[-200, 110, 476]
[-200, 110, 476]
[-200, 111, 477]
[-200, 111, 478]
[-200, 111, 479]
[-200, 112, 480]
[-200, 112, 481]
[-200, 113, 482]
[-200, 113, 483]
[-200, 113, 484]
[-200, 114, 485]
[-200, 114, 486]
[-199, 115, 486]
[-199, 115, 487]
[-199, 116, 488]
[-199, 116, 489]
[-199, 117, 490]
[-199, 117, 491]
[-199, 117, 491]
[-199, 118, 492]
[-199, 118, 493]
[-199, 119, 494]
[-199, 119, 495]
[-199, 120, 495]
[-199, 120, 496]
[-199, 121, 497]
[-199, 121, 498]
[-199, 122, 498]
[-199, 122, 499]
[-199, 123, 500]
[-200, 123, 500]
[-200, 124, 501]
[-200, 124, 502]
[-200, 125, 503]
[-200, 125, 503]
[-200, 126, 504]
[-200, 127, 504]
[-200, 127, 505]
[-200, 128, 506]
[-201, 128, 506]
[-201, 129, 507]
[-201, 129, 508]
[-201, 130, 508]
[-201, 130, 509]
[-202, 131, 509]
[-202, 132, 510]
[-202, 132, 510]
[-202, 133, 511]
[-203, 133, 511]
[-203, 134, 512]
[-203, 134, 512]
[-204, 135, 513]
[-204, 136, 513]
[-205, 136, 514]
[-205, 137, 514]
[-205, 137, 515]
[-206, 138, 515]
[-206, 139, 516]
[-207, 139, 516]
[-207, 140, 516]
[-208, 141, 517]
[-208, 141, 517]
[-209, 142, 518]
[-210, 142, 518]
[-210, 143, 518]
[-211, 144, 519]
[-211, 144, 519]
[-212, 145, 519]
[-213, 146, 520]
[-213, 146, 520]
[-214, 147, 520]
[-215, 147, 521]
[-216, 148, 521]
[-216, 149, 521]
[-217, 149, 521]
[-218, 150, 521]
[-219, 151, 522]
[-220, 151, 522]
[-221, 152, 522]
[-221, 153, 522]
[-222, 153, 522]
[-223, 154, 523]
[-224, 155, 523]
[-225, 155, 523]
[-226, 156, 523]
[-227, 157, 523]
[-228, 157, 523]
[-229, 158, 523]
[-230, 159, 523]
[-231, 159, 524]
[-232, 160, 524]
[-233, 161, 524]
[-235, 161, 524]
[-236, 162, 524]
[-237, 163, 524]
[-238, 163, 524]
[-239, 164, 524]
[-240, 165, 524]
[-241, 165, 524]
[-243, 166, 524]
[-244, 167, 524]
[-245, 167, 523]
[-246, 168, 523]
[-247, 169, 523]
[-249, 169, 523]
[-250, 170, 523]
[-251, 171, 523]
[-252, 171, 523]
[-254, 172, 523]
[-255, 173, 523]
[-256, 174, 522]
[-257, 174, 522]
[-259, 175, 522]
[-260, 176, 522]
[-261, 176, 522]
[-263, 177, 521]
[-264, 178, 521]
[-265, 178, 521]
[-266, 179, 521]
[-268, 180, 520]
[-269, 180, 520]
[-270, 181, 520]
[-272, 182, 519]
[-273, 182, 519]
[-274, 183, 519]
[-275, 184, 518]
[-277, 185, 518]
[-278, 185, 518]
[-279, 186, 517]
[-280, 187, 517]
[-282, 187, 517]
[-283, 188, 516]
[-284, 189, 516]
[-285, 189, 515]
[-286, 190, 515]
[-288, 191, 514]
[-289, 191, 514]
[-290, 192, 514]
[-291, 193, 513]
[-292, 193, 513]
[-293, 194, 512]
[-294, 195, 512]
[-296, 195, 511]
[-297, 196, 510]
[-298, 197, 510]
[-299, 197, 509]
[-300, 198, 509]
[-301, 199, 508]
[-302, 199, 508]
[-303, 200, 507]
[-304, 201, 506]
[-305, 201, 506]
[-306, 202, 505]
[-307, 203, 505]
[-308, 203, 504]
[-308, 204, 503]
[-309, 205, 503]
[-310, 205, 502]
[-311, 206, 501]
[-312, 207, 500]
[-313, 207, 500]
[-313, 208, 499]
[-314, 209, 498]
[-315, 209, 498]
[-316, 210, 497]
[-316, 210, 496]
[-317, 211, 495]
[-318, 212, 495]
[-318, 212, 494]
[-319, 213, 493]
[-319, 214, 492]
[-320, 214, 491]
[-321, 215, 491]
[-321, 215, 490]
[-322, 216, 489]
[-322, 217, 488]
[-323, 217, 487]
[-323, 218, 486]
[-324, 219, 485]
[-324, 219, 485]
[-324, 220, 484]
[-325, 220, 483]
[-325, 221, 482]
[-326, 222, 481]
[-326, 222, 480]
[-326, 223, 479]
[-327, 223, 478]
[-327, 224, 477]
[-327, 224, 476]
[-327, 225, 475]
[-328, 226, 474]
[-328, 226, 473]
[-328, 227, 472]
[-328, 227, 471]
[-328, 228, 470]
[-329, 228, 469]
[-329, 229, 468]
[-329, 229, 467]
[-329, 230, 466]
[-329, 231, 465]
[-329, 231, 464]
[-329, 232, 463]
[-329, 232, 462]
[-329, 233, 461]
[-330, 233, 460]
[-330, 234, 459]
[-330, 234, 458]
[-330, 235, 457]
[-330, 235, 455]
[-330, 236, 454]
[-330, 236, 453]
[-330, 237, 452]
[-330, 237, 451]
[-330, 238, 450]
[-330, 238, 449]
[-330, 239, 448]
[-330, 239, 446]
[-330, 239, 445]
[-330, 240, 444]
[-330, 240, 443]
[-330, 241, 442]
[-330, 241, 441]
[-329, 242, 439]
[-329, 242, 438]
[-329, 243, 437]
[-329, 243, 436]
[-329, 243, 435]
[-329, 244, 433]
[-329, 244, 432]
[-329, 245, 431]
[-329, 245, 430]
[-329, 245, 429]
[-329, 246, 427]
[-329, 246, 426]
[-329, 247, 425]
[-329, 247, 424]
[-329, 247, 422]
[-329, 248, 421]
[-329, 248, 420]
[-329, 248, 419]
[-329, 249, 417]
[-329, 249, 416]
[-329, 249, 415]
[-329, 250, 414]
[-329, 250, 412]
[-329, 250, 411]
[-329, 251, 410]
[-329, 251, 409]
[-329, 251, 407]
[-329, 252, 406]
[-329, 252, 405]
[-329, 252, 403]
[-329, 252, 402]
[-329, 253, 401]
[-329, 253, 400]
[-329, 253, 398]
[-329, 253, 397]
[-329, 254, 396]
[-329, 254, 394]
[-329, 254, 393]
[-329, 254, 392]
[-329, 255, 391]
[-329, 255, 389]
[-329, 255, 388]
[-329, 255, 387]
[-329, 255, 385]
[-329, 256, 384]
[-329, 256, 383]
[-329, 256, 382]
[-329, 256, 380]
[-329, 256, 379]
[-329, 256, 378]
[-329, 257, 376]
[-329, 257, 375]
[-329, 257, 374]
[-329, 257, 372]
[-329, 257, 371]
[-330, 257, 370]
[-330, 257, 369]
[-330, 257, 367]
[-330, 258, 366]
[-330, 258, 365]
[-330, 258, 363]
[-330, 258, 362]
[-330, 258, 361]
[-330, 258, 360]
[-330, 258, 358]
[-330, 258, 357]
[-330, 258, 356]
[-330, 258, 355]
[-330, 258, 353]
[-330, 258, 352]
