# Curve Parameters
# y_end: 238
# loops: 1
# A (south bulge): 120
# B (lateral wiggle): 40
# samples: 350
#
# Analysis Results
# max_grade: 0.979414
# length_3d: 371.44
# length_2d: 337.06
# min_horiz_step: 0.199709
# status: OK
#
# Coordinates (x, y, z)
#==================================================

[-199, 98, 410]
[-199, 98, 411]
[-199, 98, 412]
[-199, 98, 413]
[-199, 98, 414]
[-199, 98, 415]
[-199, 98, 416]
[-199, 98, 417]
[-199, 98, 419]
[-199, 98, 420]
[-199, 98, 421]
[-199, 98, 422]
[-199, 98, 423]
[-199, 99, 424]
[-199, 99, 425]
[-200, 99, 426]
[-200, 99, 427]
[-200, 99, 428]
[-200, 99, 429]
[-200, 99, 430]
[-200, 99, 431]
[-200, 99, 432]
[-200, 100, 433]
[-200, 100, 434]
[-200, 100, 435]
[-200, 100, 436]
[-200, 100, 437]
[-200, 100, 438]
[-200, 101, 439]
[-200, 101, 440]
[-200, 101, 441]
[-200, 101, 442]
[-200, 101, 443]
[-200, 102, 444]
[-200, 102, 445]
[-200, 102, 446]
[-200, 102, 446]
[-200, 102, 447]
[-200, 103, 448]
[-200, 103, 449]
[-200, 103, 450]
[-200, 103, 451]
[-200, 104, 452]
[-200, 104, 453]
[-200, 104, 454]
[-200, 104, 455]
[-200, 105, 456]
[-200, 105, 456]
[-200, 105, 457]
[-200, 106, 458]
[-200, 106, 459]
[-200, 106, 460]
[-200, 106, 461]
[-200, 107, 461]
[-200, 107, 462]
[-200, 107, 463]
[-200, 108, 464]
[-200, 108, 465]
[-200, 108, 466]
[-200, 109, 466]
[-200, 109, 467]
[-200, 109, 468]
[-200, 110, 469]
[-200, 110, 469]
[-200, 110, 470]
[-200, 111, 471]
[-200, 111, 472]
[-200, 111, 472]
[-200, 112, 473]
[-200, 112, 474]
[-199, 113, 475]
[-199, 113, 475]
[-199, 113, 476]
[-199, 114, 477]
[-199, 114, 477]
[-199, 115, 478]
[-199, 115, 479]
[-199, 115, 479]
[-199, 116, 480]
[-199, 116, 481]
[-199, 117, 481]
[-199, 117, 482]
[-199, 118, 483]
[-199, 118, 483]
[-199, 118, 484]
[-199, 119, 484]
[-199, 119, 485]
[-199, 120, 486]
[-200, 120, 486]
[-200, 121, 487]
[-200, 121, 487]
[-200, 122, 488]
[-200, 122, 488]
[-200, 123, 489]
[-200, 123, 489]
[-200, 123, 490]
[-200, 124, 491]
[-201, 124, 491]
[-201, 125, 492]
[-201, 125, 492]
[-201, 126, 492]
[-201, 126, 493]
[-202, 127, 493]
[-202, 127, 494]
[-202, 128, 494]
[-202, 128, 495]
[-203, 129, 495]
[-203, 129, 496]
[-203, 130, 496]
[-204, 130, 496]
[-204, 131, 497]
[-205, 131, 497]
[-205, 132, 497]
[-205, 133, 498]
[-206, 133, 498]
[-206, 134, 498]
[-207, 134, 499]
[-207, 135, 499]
[-208, 135, 499]
[-208, 136, 500]
[-209, 136, 500]
[-210, 137, 500]
[-210, 137, 501]
[-211, 138, 501]
[-211, 138, 501]
[-212, 139, 501]
[-213, 140, 502]
[-213, 140, 502]
[-214, 141, 502]
[-215, 141, 502]
[-216, 142, 502]
[-216, 142, 503]
[-217, 143, 503]
[-218, 143, 503]
[-219, 144, 503]
[-220, 145, 503]
[-221, 145, 503]
[-221, 146, 503]
[-222, 146, 504]
[-223, 147, 504]
[-224, 148, 504]
[-225, 148, 504]
[-226, 149, 504]
[-227, 149, 504]
[-228, 150, 504]
[-229, 150, 504]
[-230, 151, 504]
[-231, 152, 504]
[-232, 152, 504]
[-233, 153, 504]
[-235, 153, 504]
[-236, 154, 504]
[-237, 155, 504]
[-238, 155, 504]
[-239, 156, 504]
[-240, 156, 504]
[-241, 157, 504]
[-243, 158, 504]
[-244, 158, 504]
[-245, 159, 504]
[-246, 159, 504]
[-247, 160, 503]
[-249, 160, 503]
[-250, 161, 503]
[-251, 162, 503]
[-252, 162, 503]
[-254, 163, 503]
[-255, 163, 503]
[-256, 164, 502]
[-257, 165, 502]
[-259, 165, 502]
[-260, 166, 502]
[-261, 166, 502]
[-263, 167, 501]
[-264, 168, 501]
[-265, 168, 501]
[-266, 169, 501]
[-268, 170, 500]
[-269, 170, 500]
[-270, 171, 500]
[-272, 171, 499]
[-273, 172, 499]
[-274, 173, 499]
[-275, 173, 499]
[-277, 174, 498]
[-278, 174, 498]
[-279, 175, 497]
[-280, 176, 497]
[-282, 176, 497]
[-283, 177, 496]
[-284, 177, 496]
[-285, 178, 496]
[-286, 178, 495]
[-288, 179, 495]
[-289, 180, 494]
[-290, 180, 494]
[-291, 181, 493]
[-292, 181, 493]
[-293, 182, 493]
[-294, 183, 492]
[-296, 183, 492]
[-297, 184, 491]
[-298, 184, 491]
[-299, 185, 490]
[-300, 186, 490]
[-301, 186, 489]
[-302, 187, 488]
[-303, 187, 488]
[-304, 188, 487]
[-305, 188, 487]
[-306, 189, 486]
[-307, 190, 486]
[-308, 190, 485]
[-308, 191, 484]
[-309, 191, 484]
[-310, 192, 483]
[-311, 193, 483]
[-312, 193, 482]
[-313, 194, 481]
[-313, 194, 481]
[-314, 195, 480]
[-315, 195, 479]
[-316, 196, 479]
[-316, 196, 478]
[-317, 197, 477]
[-318, 198, 477]
[-318, 198, 476]
[-319, 199, 475]
[-319, 199, 474]
[-320, 200, 474]
[-321, 200, 473]
[-321, 201, 472]
[-322, 201, 471]
[-322, 202, 471]
[-323, 202, 470]
[-323, 203, 469]
[-324, 203, 468]
[-324, 204, 468]
[-324, 205, 467]
[-325, 205, 466]
[-325, 206, 465]
[-326, 206, 464]
[-326, 207, 464]
[-326, 207, 463]
[-327, 208, 462]
[-327, 208, 461]
[-327, 209, 460]
[-327, 209, 459]
[-328, 210, 458]
[-328, 210, 458]
[-328, 211, 457]
[-328, 211, 456]
[-328, 212, 455]
[-329, 212, 454]
[-329, 213, 453]
[-329, 213, 452]
[-329, 213, 451]
[-329, 214, 450]
[-329, 214, 449]
[-329, 215, 449]
[-329, 215, 448]
[-329, 216, 447]
[-330, 216, 446]
[-330, 217, 445]
[-330, 217, 444]
[-330, 218, 443]
[-330, 218, 442]
[-330, 218, 441]
[-330, 219, 440]
[-330, 219, 439]
[-330, 220, 438]
[-330, 220, 437]
[-330, 221, 436]
[-330, 221, 435]
[-330, 221, 434]
[-330, 222, 433]
[-330, 222, 432]
[-330, 223, 431]
[-330, 223, 430]
[-330, 223, 429]
[-329, 224, 428]
[-329, 224, 427]
[-329, 225, 426]
[-329, 225, 425]
[-329, 225, 424]
[-329, 226, 423]
[-329, 226, 421]
[-329, 226, 420]
[-329, 227, 419]
[-329, 227, 418]
[-329, 227, 417]
[-329, 228, 416]
[-329, 228, 415]
[-329, 228, 414]
[-329, 229, 413]
[-329, 229, 412]
[-329, 229, 411]
[-329, 230, 410]
[-329, 230, 409]
[-329, 230, 407]
[-329, 230, 406]
[-329, 231, 405]
[-329, 231, 404]
[-329, 231, 403]
[-329, 232, 402]
[-329, 232, 401]
[-329, 232, 400]
[-329, 232, 399]
[-329, 233, 398]
[-329, 233, 396]
[-329, 233, 395]
[-329, 233, 394]
[-329, 234, 393]
[-329, 234, 392]
[-329, 234, 391]
[-329, 234, 390]
[-329, 234, 389]
[-329, 235, 387]
[-329, 235, 386]
[-329, 235, 385]
[-329, 235, 384]
[-329, 235, 383]
[-329, 236, 382]
[-329, 236, 381]
[-329, 236, 380]
[-329, 236, 379]
[-329, 236, 377]
[-329, 236, 376]
[-329, 237, 375]
[-329, 237, 374]
[-329, 237, 373]
[-329, 237, 372]
[-329, 237, 371]
[-329, 237, 370]
[-329, 237, 368]
[-330, 237, 367]
[-330, 237, 366]
[-330, 238, 365]
[-330, 238, 364]
[-330, 238, 363]
[-330, 238, 362]
[-330, 238, 361]
[-330, 238, 360]
[-330, 238, 359]
[-330, 238, 357]
[-330, 238, 356]
[-330, 238, 355]
[-330, 238, 354]
[-330, 238, 353]
[-330, 238, 352]
