# Curve Parameters
# y_end: 222
# loops: 1
# A (south bulge): 120
# B (lateral wiggle): 40
# samples: 350
#
# Analysis Results
# max_grade: 0.867481
# length_3d: 364.47
# length_2d: 337.06
# min_horiz_step: 0.199709
# status: OK
#
# Coordinates (x, y, z)
#==================================================

[-199, 98, 410]
[-199, 98, 411]
[-199, 98, 412]
[-199, 98, 413]
[-199, 98, 414]
[-199, 98, 415]
[-199, 98, 416]
[-199, 98, 417]
[-199, 98, 419]
[-199, 98, 420]
[-199, 98, 421]
[-199, 98, 422]
[-199, 98, 423]
[-199, 99, 424]
[-199, 99, 425]
[-200, 99, 426]
[-200, 99, 427]
[-200, 99, 428]
[-200, 99, 429]
[-200, 99, 430]
[-200, 99, 431]
[-200, 99, 432]
[-200, 99, 433]
[-200, 100, 434]
[-200, 100, 435]
[-200, 100, 436]
[-200, 100, 437]
[-200, 100, 438]
[-200, 100, 439]
[-200, 100, 440]
[-200, 101, 441]
[-200, 101, 442]
[-200, 101, 443]
[-200, 101, 444]
[-200, 101, 445]
[-200, 101, 446]
[-200, 102, 446]
[-200, 102, 447]
[-200, 102, 448]
[-200, 102, 449]
[-200, 103, 450]
[-200, 103, 451]
[-200, 103, 452]
[-200, 103, 453]
[-200, 103, 454]
[-200, 104, 455]
[-200, 104, 456]
[-200, 104, 456]
[-200, 104, 457]
[-200, 105, 458]
[-200, 105, 459]
[-200, 105, 460]
[-200, 105, 461]
[-200, 106, 461]
[-200, 106, 462]
[-200, 106, 463]
[-200, 107, 464]
[-200, 107, 465]
[-200, 107, 466]
[-200, 107, 466]
[-200, 108, 467]
[-200, 108, 468]
[-200, 108, 469]
[-200, 109, 469]
[-200, 109, 470]
[-200, 109, 471]
[-200, 110, 472]
[-200, 110, 472]
[-200, 110, 473]
[-200, 111, 474]
[-199, 111, 475]
[-199, 111, 475]
[-199, 112, 476]
[-199, 112, 477]
[-199, 112, 477]
[-199, 113, 478]
[-199, 113, 479]
[-199, 113, 479]
[-199, 114, 480]
[-199, 114, 481]
[-199, 115, 481]
[-199, 115, 482]
[-199, 115, 483]
[-199, 116, 483]
[-199, 116, 484]
[-199, 116, 484]
[-199, 117, 485]
[-199, 117, 486]
[-200, 118, 486]
[-200, 118, 487]
[-200, 118, 487]
[-200, 119, 488]
[-200, 119, 488]
[-200, 120, 489]
[-200, 120, 489]
[-200, 121, 490]
[-200, 121, 491]
[-201, 121, 491]
[-201, 122, 492]
[-201, 122, 492]
[-201, 123, 492]
[-201, 123, 493]
[-202, 124, 493]
[-202, 124, 494]
[-202, 124, 494]
[-202, 125, 495]
[-203, 125, 495]
[-203, 126, 496]
[-203, 126, 496]
[-204, 127, 496]
[-204, 127, 497]
[-205, 128, 497]
[-205, 128, 497]
[-205, 129, 498]
[-206, 129, 498]
[-206, 130, 498]
[-207, 130, 499]
[-207, 130, 499]
[-208, 131, 499]
[-208, 131, 500]
[-209, 132, 500]
[-210, 132, 500]
[-210, 133, 501]
[-211, 133, 501]
[-211, 134, 501]
[-212, 134, 501]
[-213, 135, 502]
[-213, 135, 502]
[-214, 136, 502]
[-215, 136, 502]
[-216, 137, 502]
[-216, 137, 503]
[-217, 138, 503]
[-218, 138, 503]
[-219, 139, 503]
[-220, 139, 503]
[-221, 140, 503]
[-221, 140, 503]
[-222, 141, 504]
[-223, 141, 504]
[-224, 142, 504]
[-225, 142, 504]
[-226, 143, 504]
[-227, 143, 504]
[-228, 144, 504]
[-229, 144, 504]
[-230, 145, 504]
[-231, 145, 504]
[-232, 146, 504]
[-233, 147, 504]
[-235, 147, 504]
[-236, 148, 504]
[-237, 148, 504]
[-238, 149, 504]
[-239, 149, 504]
[-240, 150, 504]
[-241, 150, 504]
[-243, 151, 504]
[-244, 151, 504]
[-245, 152, 504]
[-246, 152, 504]
[-247, 153, 503]
[-249, 153, 503]
[-250, 154, 503]
[-251, 154, 503]
[-252, 155, 503]
[-254, 155, 503]
[-255, 156, 503]
[-256, 157, 502]
[-257, 157, 502]
[-259, 158, 502]
[-260, 158, 502]
[-261, 159, 502]
[-263, 159, 501]
[-264, 160, 501]
[-265, 160, 501]
[-266, 161, 501]
[-268, 161, 500]
[-269, 162, 500]
[-270, 162, 500]
[-272, 163, 499]
[-273, 163, 499]
[-274, 164, 499]
[-275, 165, 499]
[-277, 165, 498]
[-278, 166, 498]
[-279, 166, 497]
[-280, 167, 497]
[-282, 167, 497]
[-283, 168, 496]
[-284, 168, 496]
[-285, 169, 496]
[-286, 169, 495]
[-288, 170, 495]
[-289, 170, 494]
[-290, 171, 494]
[-291, 171, 493]
[-292, 172, 493]
[-293, 172, 493]
[-294, 173, 492]
[-296, 173, 492]
[-297, 174, 491]
[-298, 175, 491]
[-299, 175, 490]
[-300, 176, 490]
[-301, 176, 489]
[-302, 177, 488]
[-303, 177, 488]
[-304, 178, 487]
[-305, 178, 487]
[-306, 179, 486]
[-307, 179, 486]
[-308, 180, 485]
[-308, 180, 484]
[-309, 181, 484]
[-310, 181, 483]
[-311, 182, 483]
[-312, 182, 482]
[-313, 183, 481]
[-313, 183, 481]
[-314, 184, 480]
[-315, 184, 479]
[-316, 185, 479]
[-316, 185, 478]
[-317, 186, 477]
[-318, 186, 477]
[-318, 187, 476]
[-319, 187, 475]
[-319, 188, 474]
[-320, 188, 474]
[-321, 189, 473]
[-321, 189, 472]
[-322, 190, 471]
[-322, 190, 471]
[-323, 190, 470]
[-323, 191, 469]
[-324, 191, 468]
[-324, 192, 468]
[-324, 192, 467]
[-325, 193, 466]
[-325, 193, 465]
[-326, 194, 464]
[-326, 194, 464]
[-326, 195, 463]
[-327, 195, 462]
[-327, 196, 461]
[-327, 196, 460]
[-327, 196, 459]
[-328, 197, 458]
[-328, 197, 458]
[-328, 198, 457]
[-328, 198, 456]
[-328, 199, 455]
[-329, 199, 454]
[-329, 199, 453]
[-329, 200, 452]
[-329, 200, 451]
[-329, 201, 450]
[-329, 201, 449]
[-329, 202, 449]
[-329, 202, 448]
[-329, 202, 447]
[-330, 203, 446]
[-330, 203, 445]
[-330, 204, 444]
[-330, 204, 443]
[-330, 204, 442]
[-330, 205, 441]
[-330, 205, 440]
[-330, 205, 439]
[-330, 206, 438]
[-330, 206, 437]
[-330, 207, 436]
[-330, 207, 435]
[-330, 207, 434]
[-330, 208, 433]
[-330, 208, 432]
[-330, 208, 431]
[-330, 209, 430]
[-330, 209, 429]
[-329, 209, 428]
[-329, 210, 427]
[-329, 210, 426]
[-329, 210, 425]
[-329, 211, 424]
[-329, 211, 423]
[-329, 211, 421]
[-329, 212, 420]
[-329, 212, 419]
[-329, 212, 418]
[-329, 213, 417]
[-329, 213, 416]
[-329, 213, 415]
[-329, 213, 414]
[-329, 214, 413]
[-329, 214, 412]
[-329, 214, 411]
[-329, 215, 410]
[-329, 215, 409]
[-329, 215, 407]
[-329, 215, 406]
[-329, 216, 405]
[-329, 216, 404]
[-329, 216, 403]
[-329, 216, 402]
[-329, 217, 401]
[-329, 217, 400]
[-329, 217, 399]
[-329, 217, 398]
[-329, 217, 396]
[-329, 218, 395]
[-329, 218, 394]
[-329, 218, 393]
[-329, 218, 392]
[-329, 219, 391]
[-329, 219, 390]
[-329, 219, 389]
[-329, 219, 387]
[-329, 219, 386]
[-329, 219, 385]
[-329, 220, 384]
[-329, 220, 383]
[-329, 220, 382]
[-329, 220, 381]
[-329, 220, 380]
[-329, 220, 379]
[-329, 220, 377]
[-329, 221, 376]
[-329, 221, 375]
[-329, 221, 374]
[-329, 221, 373]
[-329, 221, 372]
[-329, 221, 371]
[-329, 221, 370]
[-329, 221, 368]
[-330, 221, 367]
[-330, 221, 366]
[-330, 222, 365]
[-330, 222, 364]
[-330, 222, 363]
[-330, 222, 362]
[-330, 222, 361]
[-330, 222, 360]
[-330, 222, 359]
[-330, 222, 357]
[-330, 222, 356]
[-330, 222, 355]
[-330, 222, 354]
[-330, 222, 353]
[-330, 222, 352]
