# Curve Parameters
# y_end: 240
# loops: 1
# A (south bulge): 120
# B (lateral wiggle): 10
# samples: 350
#
# Analysis Results
# max_grade: 0.929827
# length_3d: 348.00
# length_2d: 308.06
# min_horiz_step: 0.230196
# status: OK
#
# Coordinates (x, y, z)
#==================================================

[-199, 98, 410]
[-199, 98, 411]
[-199, 98, 412]
[-199, 98, 413]
[-199, 98, 414]
[-199, 98, 415]
[-199, 98, 416]
[-199, 98, 417]
[-199, 98, 419]
[-199, 98, 420]
[-199, 98, 421]
[-199, 98, 422]
[-199, 98, 423]
[-200, 99, 424]
[-200, 99, 425]
[-200, 99, 426]
[-200, 99, 427]
[-200, 99, 428]
[-200, 99, 429]
[-200, 99, 430]
[-200, 99, 431]
[-200, 99, 432]
[-200, 100, 433]
[-200, 100, 434]
[-201, 100, 435]
[-201, 100, 436]
[-201, 100, 437]
[-201, 100, 438]
[-201, 101, 439]
[-201, 101, 440]
[-201, 101, 441]
[-202, 101, 442]
[-202, 101, 443]
[-202, 102, 444]
[-202, 102, 445]
[-202, 102, 446]
[-202, 102, 446]
[-202, 102, 447]
[-203, 103, 448]
[-203, 103, 449]
[-203, 103, 450]
[-203, 103, 451]
[-203, 104, 452]
[-203, 104, 453]
[-204, 104, 454]
[-204, 104, 455]
[-204, 105, 456]
[-204, 105, 456]
[-204, 105, 457]
[-205, 106, 458]
[-205, 106, 459]
[-205, 106, 460]
[-205, 107, 461]
[-205, 107, 461]
[-206, 107, 462]
[-206, 107, 463]
[-206, 108, 464]
[-206, 108, 465]
[-207, 108, 466]
[-207, 109, 466]
[-207, 109, 467]
[-207, 109, 468]
[-207, 110, 469]
[-208, 110, 469]
[-208, 111, 470]
[-208, 111, 471]
[-208, 111, 472]
[-209, 112, 472]
[-209, 112, 473]
[-209, 112, 474]
[-209, 113, 475]
[-210, 113, 475]
[-210, 114, 476]
[-210, 114, 477]
[-210, 114, 477]
[-211, 115, 478]
[-211, 115, 479]
[-211, 116, 479]
[-212, 116, 480]
[-212, 117, 481]
[-212, 117, 481]
[-212, 117, 482]
[-213, 118, 483]
[-213, 118, 483]
[-213, 119, 484]
[-214, 119, 484]
[-214, 120, 485]
[-214, 120, 486]
[-215, 121, 486]
[-215, 121, 487]
[-215, 121, 487]
[-216, 122, 488]
[-216, 122, 488]
[-216, 123, 489]
[-217, 123, 489]
[-217, 124, 490]
[-218, 124, 491]
[-218, 125, 491]
[-218, 125, 492]
[-219, 126, 492]
[-219, 126, 492]
[-220, 127, 493]
[-220, 127, 493]
[-220, 128, 494]
[-221, 128, 494]
[-221, 129, 495]
[-222, 129, 495]
[-222, 130, 496]
[-223, 130, 496]
[-223, 131, 496]
[-223, 131, 497]
[-224, 132, 497]
[-224, 132, 497]
[-225, 133, 498]
[-225, 134, 498]
[-226, 134, 498]
[-226, 135, 499]
[-227, 135, 499]
[-227, 136, 499]
[-228, 136, 500]
[-228, 137, 500]
[-229, 137, 500]
[-229, 138, 501]
[-230, 138, 501]
[-230, 139, 501]
[-231, 140, 501]
[-232, 140, 502]
[-232, 141, 502]
[-233, 141, 502]
[-233, 142, 502]
[-234, 142, 502]
[-234, 143, 503]
[-235, 144, 503]
[-236, 144, 503]
[-236, 145, 503]
[-237, 145, 503]
[-238, 146, 503]
[-238, 146, 503]
[-239, 147, 504]
[-239, 148, 504]
[-240, 148, 504]
[-241, 149, 504]
[-241, 149, 504]
[-242, 150, 504]
[-243, 151, 504]
[-243, 151, 504]
[-244, 152, 504]
[-245, 152, 504]
[-245, 153, 504]
[-246, 154, 504]
[-247, 154, 504]
[-247, 155, 504]
[-248, 155, 504]
[-249, 156, 504]
[-250, 157, 504]
[-250, 157, 504]
[-251, 158, 504]
[-252, 158, 504]
[-252, 159, 504]
[-253, 160, 504]
[-254, 160, 504]
[-255, 161, 503]
[-255, 161, 503]
[-256, 162, 503]
[-257, 163, 503]
[-257, 163, 503]
[-258, 164, 503]
[-259, 164, 503]
[-260, 165, 502]
[-260, 166, 502]
[-261, 166, 502]
[-262, 167, 502]
[-263, 167, 502]
[-263, 168, 501]
[-264, 169, 501]
[-265, 169, 501]
[-266, 170, 501]
[-266, 171, 500]
[-267, 171, 500]
[-268, 172, 500]
[-269, 172, 499]
[-269, 173, 499]
[-270, 174, 499]
[-271, 174, 499]
[-272, 175, 498]
[-272, 175, 498]
[-273, 176, 497]
[-274, 177, 497]
[-274, 177, 497]
[-275, 178, 496]
[-276, 178, 496]
[-277, 179, 496]
[-277, 180, 495]
[-278, 180, 495]
[-279, 181, 494]
[-279, 181, 494]
[-280, 182, 493]
[-281, 183, 493]
[-282, 183, 493]
[-282, 184, 492]
[-283, 184, 492]
[-284, 185, 491]
[-284, 186, 491]
[-285, 186, 490]
[-286, 187, 490]
[-286, 187, 489]
[-287, 188, 488]
[-288, 189, 488]
[-288, 189, 487]
[-289, 190, 487]
[-290, 190, 486]
[-290, 191, 486]
[-291, 192, 485]
[-291, 192, 484]
[-292, 193, 484]
[-293, 193, 483]
[-293, 194, 483]
[-294, 194, 482]
[-295, 195, 481]
[-295, 196, 481]
[-296, 196, 480]
[-296, 197, 479]
[-297, 197, 479]
[-297, 198, 478]
[-298, 198, 477]
[-299, 199, 477]
[-299, 200, 476]
[-300, 200, 475]
[-300, 201, 474]
[-301, 201, 474]
[-301, 202, 473]
[-302, 202, 472]
[-302, 203, 471]
[-303, 203, 471]
[-303, 204, 470]
[-304, 204, 469]
[-304, 205, 468]
[-305, 206, 468]
[-305, 206, 467]
[-306, 207, 466]
[-306, 207, 465]
[-306, 208, 464]
[-307, 208, 464]
[-307, 209, 463]
[-308, 209, 462]
[-308, 210, 461]
[-309, 210, 460]
[-309, 211, 459]
[-309, 211, 458]
[-310, 212, 458]
[-310, 212, 457]
[-311, 213, 456]
[-311, 213, 455]
[-311, 214, 454]
[-312, 214, 453]
[-312, 215, 452]
[-313, 215, 451]
[-313, 216, 450]
[-313, 216, 449]
[-314, 217, 449]
[-314, 217, 448]
[-314, 217, 447]
[-315, 218, 446]
[-315, 218, 445]
[-315, 219, 444]
[-316, 219, 443]
[-316, 220, 442]
[-316, 220, 441]
[-317, 221, 440]
[-317, 221, 439]
[-317, 221, 438]
[-317, 222, 437]
[-318, 222, 436]
[-318, 223, 435]
[-318, 223, 434]
[-319, 224, 433]
[-319, 224, 432]
[-319, 224, 431]
[-319, 225, 430]
[-320, 225, 429]
[-320, 226, 428]
[-320, 226, 427]
[-320, 226, 426]
[-321, 227, 425]
[-321, 227, 424]
[-321, 227, 423]
[-321, 228, 421]
[-322, 228, 420]
[-322, 229, 419]
[-322, 229, 418]
[-322, 229, 417]
[-322, 230, 416]
[-323, 230, 415]
[-323, 230, 414]
[-323, 231, 413]
[-323, 231, 412]
[-324, 231, 411]
[-324, 231, 410]
[-324, 232, 409]
[-324, 232, 407]
[-324, 232, 406]
[-325, 233, 405]
[-325, 233, 404]
[-325, 233, 403]
[-325, 234, 402]
[-325, 234, 401]
[-326, 234, 400]
[-326, 234, 399]
[-326, 235, 398]
[-326, 235, 396]
[-326, 235, 395]
[-326, 235, 394]
[-327, 236, 393]
[-327, 236, 392]
[-327, 236, 391]
[-327, 236, 390]
[-327, 236, 389]
[-327, 237, 387]
[-327, 237, 386]
[-328, 237, 385]
[-328, 237, 384]
[-328, 237, 383]
[-328, 238, 382]
[-328, 238, 381]
[-328, 238, 380]
[-328, 238, 379]
[-329, 238, 377]
[-329, 238, 376]
[-329, 239, 375]
[-329, 239, 374]
[-329, 239, 373]
[-329, 239, 372]
[-329, 239, 371]
[-329, 239, 370]
[-329, 239, 368]
[-329, 239, 367]
[-329, 239, 366]
[-330, 240, 365]
[-330, 240, 364]
[-330, 240, 363]
[-330, 240, 362]
[-330, 240, 361]
[-330, 240, 360]
[-330, 240, 359]
[-330, 240, 357]
[-330, 240, 356]
[-330, 240, 355]
[-330, 240, 354]
[-330, 240, 353]
[-330, 240, 352]
