# Curve Parameters
# y_end: 224
# loops: 4
# A (south bulge): 100
# B (lateral wiggle): 0
# samples: 350
#
# Analysis Results
# max_grade: 0.961832
# length_3d: 302.92
# length_2d: 266.83
# min_horiz_step: 0.209356
# status: OK
#
# Coordinates (x, y, z)
#==================================================

[-199, 98, 410]
[-199, 98, 411]
[-199, 98, 412]
[-199, 98, 413]
[-199, 98, 414]
[-199, 98, 414]
[-199, 98, 415]
[-199, 98, 416]
[-199, 98, 417]
[-199, 98, 418]
[-199, 98, 419]
[-199, 98, 420]
[-199, 98, 421]
[-200, 99, 421]
[-200, 99, 422]
[-200, 99, 423]
[-200, 99, 424]
[-200, 99, 425]
[-200, 99, 426]
[-200, 99, 427]
[-200, 99, 427]
[-200, 99, 428]
[-200, 99, 429]
[-201, 100, 430]
[-201, 100, 431]
[-201, 100, 431]
[-201, 100, 432]
[-201, 100, 433]
[-201, 100, 434]
[-202, 100, 435]
[-202, 101, 435]
[-202, 101, 436]
[-202, 101, 437]
[-202, 101, 438]
[-202, 101, 439]
[-203, 102, 439]
[-203, 102, 440]
[-203, 102, 441]
[-203, 102, 442]
[-204, 102, 442]
[-204, 103, 443]
[-204, 103, 444]
[-204, 103, 445]
[-204, 103, 445]
[-205, 104, 446]
[-205, 104, 447]
[-205, 104, 447]
[-205, 104, 448]
[-206, 104, 449]
[-206, 105, 450]
[-206, 105, 450]
[-207, 105, 451]
[-207, 106, 452]
[-207, 106, 452]
[-207, 106, 453]
[-208, 106, 454]
[-208, 107, 454]
[-208, 107, 455]
[-209, 107, 456]
[-209, 108, 456]
[-209, 108, 457]
[-210, 108, 457]
[-210, 109, 458]
[-210, 109, 459]
[-211, 109, 459]
[-211, 109, 460]
[-211, 110, 461]
[-212, 110, 461]
[-212, 110, 462]
[-212, 111, 462]
[-213, 111, 463]
[-213, 112, 463]
[-213, 112, 464]
[-214, 112, 465]
[-214, 113, 465]
[-215, 113, 466]
[-215, 113, 466]
[-215, 114, 467]
[-216, 114, 467]
[-216, 114, 468]
[-216, 115, 468]
[-217, 115, 469]
[-217, 116, 469]
[-218, 116, 470]
[-218, 116, 470]
[-219, 117, 471]
[-219, 117, 471]
[-219, 118, 472]
[-220, 118, 472]
[-220, 118, 472]
[-221, 119, 473]
[-221, 119, 473]
[-222, 120, 474]
[-222, 120, 474]
[-222, 120, 475]
[-223, 121, 475]
[-223, 121, 475]
[-224, 122, 476]
[-224, 122, 476]
[-225, 123, 476]
[-225, 123, 477]
[-226, 124, 477]
[-226, 124, 477]
[-226, 124, 478]
[-227, 125, 478]
[-227, 125, 478]
[-228, 126, 479]
[-228, 126, 479]
[-229, 127, 479]
[-229, 127, 480]
[-230, 128, 480]
[-230, 128, 480]
[-231, 129, 481]
[-231, 129, 481]
[-232, 130, 481]
[-232, 130, 481]
[-233, 131, 481]
[-233, 131, 482]
[-234, 131, 482]
[-234, 132, 482]
[-235, 132, 482]
[-235, 133, 483]
[-236, 133, 483]
[-236, 134, 483]
[-237, 134, 483]
[-237, 135, 483]
[-238, 135, 483]
[-238, 136, 484]
[-239, 136, 484]
[-239, 137, 484]
[-240, 137, 484]
[-241, 138, 484]
[-241, 138, 484]
[-242, 139, 484]
[-242, 139, 484]
[-243, 140, 484]
[-243, 140, 484]
[-244, 141, 485]
[-244, 142, 485]
[-245, 142, 485]
[-245, 143, 485]
[-246, 143, 485]
[-246, 144, 485]
[-247, 144, 485]
[-248, 145, 485]
[-248, 145, 485]
[-249, 146, 485]
[-249, 146, 485]
[-250, 147, 485]
[-250, 147, 485]
[-251, 148, 485]
[-251, 148, 485]
[-252, 149, 485]
[-252, 149, 484]
[-253, 150, 484]
[-254, 150, 484]
[-254, 151, 484]
[-255, 152, 484]
[-255, 152, 484]
[-256, 153, 484]
[-256, 153, 484]
[-257, 154, 484]
[-257, 154, 483]
[-258, 155, 483]
[-259, 155, 483]
[-259, 156, 483]
[-260, 156, 483]
[-260, 157, 483]
[-261, 157, 482]
[-261, 158, 482]
[-262, 159, 482]
[-263, 159, 482]
[-263, 160, 482]
[-264, 160, 481]
[-264, 161, 481]
[-265, 161, 481]
[-265, 162, 481]
[-266, 162, 480]
[-266, 163, 480]
[-267, 163, 480]
[-268, 164, 480]
[-268, 165, 479]
[-269, 165, 479]
[-269, 166, 479]
[-270, 166, 478]
[-270, 167, 478]
[-271, 167, 478]
[-272, 168, 477]
[-272, 168, 477]
[-273, 169, 477]
[-273, 169, 476]
[-274, 170, 476]
[-274, 170, 475]
[-275, 171, 475]
[-275, 172, 475]
[-276, 172, 474]
[-277, 173, 474]
[-277, 173, 473]
[-278, 174, 473]
[-278, 174, 473]
[-279, 175, 472]
[-279, 175, 472]
[-280, 176, 471]
[-280, 176, 471]
[-281, 177, 470]
[-281, 177, 470]
[-282, 178, 469]
[-283, 178, 469]
[-283, 179, 468]
[-284, 179, 468]
[-284, 180, 467]
[-285, 180, 467]
[-285, 181, 466]
[-286, 182, 466]
[-286, 182, 465]
[-287, 183, 465]
[-287, 183, 464]
[-288, 184, 463]
[-288, 184, 463]
[-289, 185, 462]
[-290, 185, 462]
[-290, 186, 461]
[-291, 186, 460]
[-291, 187, 460]
[-292, 187, 459]
[-292, 188, 459]
[-293, 188, 458]
[-293, 189, 457]
[-294, 189, 457]
[-294, 190, 456]
[-295, 190, 455]
[-295, 191, 455]
[-296, 191, 454]
[-296, 191, 453]
[-297, 192, 453]
[-297, 192, 452]
[-298, 193, 451]
[-298, 193, 451]
[-299, 194, 450]
[-299, 194, 449]
[-300, 195, 449]
[-300, 195, 448]
[-301, 196, 447]
[-301, 196, 446]
[-302, 197, 446]
[-302, 197, 445]
[-303, 198, 444]
[-303, 198, 443]
[-303, 198, 443]
[-304, 199, 442]
[-304, 199, 441]
[-305, 200, 440]
[-305, 200, 440]
[-306, 201, 439]
[-306, 201, 438]
[-307, 202, 437]
[-307, 202, 436]
[-307, 202, 436]
[-308, 203, 435]
[-308, 203, 434]
[-309, 204, 433]
[-309, 204, 432]
[-310, 204, 432]
[-310, 205, 431]
[-310, 205, 430]
[-311, 206, 429]
[-311, 206, 428]
[-312, 206, 427]
[-312, 207, 427]
[-313, 207, 426]
[-313, 208, 425]
[-313, 208, 424]
[-314, 208, 423]
[-314, 209, 422]
[-314, 209, 421]
[-315, 209, 421]
[-315, 210, 420]
[-316, 210, 419]
[-316, 210, 418]
[-316, 211, 417]
[-317, 211, 416]
[-317, 212, 415]
[-317, 212, 414]
[-318, 212, 413]
[-318, 213, 413]
[-318, 213, 412]
[-319, 213, 411]
[-319, 213, 410]
[-319, 214, 409]
[-320, 214, 408]
[-320, 214, 407]
[-320, 215, 406]
[-321, 215, 405]
[-321, 215, 404]
[-321, 216, 403]
[-322, 216, 402]
[-322, 216, 402]
[-322, 216, 401]
[-322, 217, 400]
[-323, 217, 399]
[-323, 217, 398]
[-323, 218, 397]
[-324, 218, 396]
[-324, 218, 395]
[-324, 218, 394]
[-324, 218, 393]
[-325, 219, 392]
[-325, 219, 391]
[-325, 219, 390]
[-325, 219, 389]
[-325, 220, 388]
[-326, 220, 387]
[-326, 220, 387]
[-326, 220, 386]
[-326, 220, 385]
[-327, 221, 384]
[-327, 221, 383]
[-327, 221, 382]
[-327, 221, 381]
[-327, 221, 380]
[-327, 222, 379]
[-328, 222, 378]
[-328, 222, 377]
[-328, 222, 376]
[-328, 222, 375]
[-328, 222, 374]
[-328, 222, 373]
[-329, 223, 372]
[-329, 223, 371]
[-329, 223, 370]
[-329, 223, 370]
[-329, 223, 369]
[-329, 223, 368]
[-329, 223, 367]
[-329, 223, 366]
[-329, 223, 365]
[-329, 223, 364]
[-330, 224, 363]
[-330, 224, 362]
[-330, 224, 361]
[-330, 224, 360]
[-330, 224, 359]
[-330, 224, 358]
[-330, 224, 357]
[-330, 224, 357]
[-330, 224, 356]
[-330, 224, 355]
[-330, 224, 354]
[-330, 224, 353]
[-330, 224, 352]
