# Curve Parameters
# y_end: 234
# loops: 1
# A (south bulge): 140
# B (lateral wiggle): 40
# samples: 350
#
# Analysis Results
# max_grade: 0.825435
# length_3d: 403.66
# length_2d: 373.34
# min_horiz_step: 0.235202
# status: OK
#
# Coordinates (x, y, z)
#==================================================

[-199, 98, 410]
[-199, 98, 411]
[-199, 98, 413]
[-199, 98, 414]
[-199, 98, 415]
[-199, 98, 416]
[-199, 98, 418]
[-199, 98, 419]
[-199, 98, 420]
[-199, 98, 421]
[-199, 98, 422]
[-199, 98, 424]
[-199, 98, 425]
[-199, 99, 426]
[-199, 99, 427]
[-200, 99, 429]
[-200, 99, 430]
[-200, 99, 431]
[-200, 99, 432]
[-200, 99, 433]
[-200, 99, 435]
[-200, 99, 436]
[-200, 100, 437]
[-200, 100, 438]
[-200, 100, 439]
[-200, 100, 440]
[-200, 100, 442]
[-200, 100, 443]
[-200, 100, 444]
[-200, 101, 445]
[-200, 101, 446]
[-200, 101, 447]
[-200, 101, 448]
[-200, 101, 450]
[-200, 102, 451]
[-200, 102, 452]
[-200, 102, 453]
[-200, 102, 454]
[-200, 102, 455]
[-200, 103, 456]
[-200, 103, 457]
[-200, 103, 458]
[-200, 103, 459]
[-200, 104, 460]
[-200, 104, 461]
[-200, 104, 463]
[-200, 104, 464]
[-200, 105, 465]
[-200, 105, 466]
[-200, 105, 467]
[-200, 106, 468]
[-200, 106, 469]
[-200, 106, 470]
[-200, 106, 471]
[-200, 107, 472]
[-200, 107, 473]
[-200, 107, 474]
[-200, 108, 475]
[-200, 108, 476]
[-200, 108, 476]
[-200, 109, 477]
[-200, 109, 478]
[-200, 109, 479]
[-200, 110, 480]
[-200, 110, 481]
[-200, 110, 482]
[-200, 111, 483]
[-200, 111, 484]
[-200, 111, 485]
[-200, 112, 486]
[-199, 112, 486]
[-199, 113, 487]
[-199, 113, 488]
[-199, 113, 489]
[-199, 114, 490]
[-199, 114, 491]
[-199, 115, 491]
[-199, 115, 492]
[-199, 115, 493]
[-199, 116, 494]
[-199, 116, 495]
[-199, 117, 495]
[-199, 117, 496]
[-199, 117, 497]
[-199, 118, 498]
[-199, 118, 498]
[-199, 119, 499]
[-199, 119, 500]
[-200, 120, 500]
[-200, 120, 501]
[-200, 120, 502]
[-200, 121, 503]
[-200, 121, 503]
[-200, 122, 504]
[-200, 122, 504]
[-200, 123, 505]
[-200, 123, 506]
[-201, 124, 506]
[-201, 124, 507]
[-201, 125, 508]
[-201, 125, 508]
[-201, 126, 509]
[-202, 126, 509]
[-202, 127, 510]
[-202, 127, 510]
[-202, 128, 511]
[-203, 128, 511]
[-203, 129, 512]
[-203, 129, 512]
[-204, 130, 513]
[-204, 130, 513]
[-205, 131, 514]
[-205, 131, 514]
[-205, 132, 515]
[-206, 132, 515]
[-206, 133, 516]
[-207, 133, 516]
[-207, 134, 516]
[-208, 134, 517]
[-208, 135, 517]
[-209, 135, 518]
[-210, 136, 518]
[-210, 136, 518]
[-211, 137, 519]
[-211, 137, 519]
[-212, 138, 519]
[-213, 138, 520]
[-213, 139, 520]
[-214, 139, 520]
[-215, 140, 521]
[-216, 141, 521]
[-216, 141, 521]
[-217, 142, 521]
[-218, 142, 521]
[-219, 143, 522]
[-220, 143, 522]
[-221, 144, 522]
[-221, 144, 522]
[-222, 145, 522]
[-223, 146, 523]
[-224, 146, 523]
[-225, 147, 523]
[-226, 147, 523]
[-227, 148, 523]
[-228, 148, 523]
[-229, 149, 523]
[-230, 149, 523]
[-231, 150, 524]
[-232, 151, 524]
[-233, 151, 524]
[-235, 152, 524]
[-236, 152, 524]
[-237, 153, 524]
[-238, 153, 524]
[-239, 154, 524]
[-240, 155, 524]
[-241, 155, 524]
[-243, 156, 524]
[-244, 156, 524]
[-245, 157, 523]
[-246, 158, 523]
[-247, 158, 523]
[-249, 159, 523]
[-250, 159, 523]
[-251, 160, 523]
[-252, 160, 523]
[-254, 161, 523]
[-255, 162, 523]
[-256, 162, 522]
[-257, 163, 522]
[-259, 163, 522]
[-260, 164, 522]
[-261, 165, 522]
[-263, 165, 521]
[-264, 166, 521]
[-265, 166, 521]
[-266, 167, 521]
[-268, 167, 520]
[-269, 168, 520]
[-270, 169, 520]
[-272, 169, 519]
[-273, 170, 519]
[-274, 170, 519]
[-275, 171, 518]
[-277, 172, 518]
[-278, 172, 518]
[-279, 173, 517]
[-280, 173, 517]
[-282, 174, 517]
[-283, 174, 516]
[-284, 175, 516]
[-285, 176, 515]
[-286, 176, 515]
[-288, 177, 514]
[-289, 177, 514]
[-290, 178, 514]
[-291, 179, 513]
[-292, 179, 513]
[-293, 180, 512]
[-294, 180, 512]
[-296, 181, 511]
[-297, 181, 510]
[-298, 182, 510]
[-299, 183, 509]
[-300, 183, 509]
[-301, 184, 508]
[-302, 184, 508]
[-303, 185, 507]
[-304, 185, 506]
[-305, 186, 506]
[-306, 186, 505]
[-307, 187, 505]
[-308, 188, 504]
[-308, 188, 503]
[-309, 189, 503]
[-310, 189, 502]
[-311, 190, 501]
[-312, 190, 500]
[-313, 191, 500]
[-313, 191, 499]
[-314, 192, 498]
[-315, 193, 498]
[-316, 193, 497]
[-316, 194, 496]
[-317, 194, 495]
[-318, 195, 495]
[-318, 195, 494]
[-319, 196, 493]
[-319, 196, 492]
[-320, 197, 491]
[-321, 197, 491]
[-321, 198, 490]
[-322, 198, 489]
[-322, 199, 488]
[-323, 199, 487]
[-323, 200, 486]
[-324, 200, 485]
[-324, 201, 485]
[-324, 201, 484]
[-325, 202, 483]
[-325, 202, 482]
[-326, 203, 481]
[-326, 203, 480]
[-326, 204, 479]
[-327, 204, 478]
[-327, 205, 477]
[-327, 205, 476]
[-327, 206, 475]
[-328, 206, 474]
[-328, 207, 473]
[-328, 207, 472]
[-328, 208, 471]
[-328, 208, 470]
[-329, 209, 469]
[-329, 209, 468]
[-329, 210, 467]
[-329, 210, 466]
[-329, 211, 465]
[-329, 211, 464]
[-329, 212, 463]
[-329, 212, 462]
[-329, 212, 461]
[-330, 213, 460]
[-330, 213, 459]
[-330, 214, 458]
[-330, 214, 457]
[-330, 215, 455]
[-330, 215, 454]
[-330, 215, 453]
[-330, 216, 452]
[-330, 216, 451]
[-330, 217, 450]
[-330, 217, 449]
[-330, 217, 448]
[-330, 218, 446]
[-330, 218, 445]
[-330, 219, 444]
[-330, 219, 443]
[-330, 219, 442]
[-330, 220, 441]
[-329, 220, 439]
[-329, 221, 438]
[-329, 221, 437]
[-329, 221, 436]
[-329, 222, 435]
[-329, 222, 433]
[-329, 222, 432]
[-329, 223, 431]
[-329, 223, 430]
[-329, 223, 429]
[-329, 224, 427]
[-329, 224, 426]
[-329, 224, 425]
[-329, 225, 424]
[-329, 225, 422]
[-329, 225, 421]
[-329, 226, 420]
[-329, 226, 419]
[-329, 226, 417]
[-329, 226, 416]
[-329, 227, 415]
[-329, 227, 414]
[-329, 227, 412]
[-329, 228, 411]
[-329, 228, 410]
[-329, 228, 409]
[-329, 228, 407]
[-329, 229, 406]
[-329, 229, 405]
[-329, 229, 403]
[-329, 229, 402]
[-329, 230, 401]
[-329, 230, 400]
[-329, 230, 398]
[-329, 230, 397]
[-329, 230, 396]
[-329, 231, 394]
[-329, 231, 393]
[-329, 231, 392]
[-329, 231, 391]
[-329, 231, 389]
[-329, 232, 388]
[-329, 232, 387]
[-329, 232, 385]
[-329, 232, 384]
[-329, 232, 383]
[-329, 232, 382]
[-329, 232, 380]
[-329, 233, 379]
[-329, 233, 378]
[-329, 233, 376]
[-329, 233, 375]
[-329, 233, 374]
[-329, 233, 372]
[-329, 233, 371]
[-330, 233, 370]
[-330, 233, 369]
[-330, 234, 367]
[-330, 234, 366]
[-330, 234, 365]
[-330, 234, 363]
[-330, 234, 362]
[-330, 234, 361]
[-330, 234, 360]
[-330, 234, 358]
[-330, 234, 357]
[-330, 234, 356]
[-330, 234, 355]
[-330, 234, 353]
[-330, 234, 352]
