# Curve Parameters
# y_end: 264
# loops: 1
# A (south bulge): 140
# B (lateral wiggle): 30
# samples: 350
#
# Analysis Results
# max_grade: 0.986153
# length_3d: 407.92
# length_2d: 362.28
# min_horiz_step: 0.243295
# status: OK
#
# Coordinates (x, y, z)
#==================================================

[-199, 98, 410]
[-199, 98, 411]
[-199, 98, 413]
[-199, 98, 414]
[-199, 98, 415]
[-199, 98, 416]
[-199, 98, 418]
[-199, 98, 419]
[-199, 98, 420]
[-199, 98, 421]
[-199, 98, 422]
[-199, 98, 424]
[-199, 99, 425]
[-199, 99, 426]
[-199, 99, 427]
[-200, 99, 429]
[-200, 99, 430]
[-200, 99, 431]
[-200, 99, 432]
[-200, 99, 433]
[-200, 100, 435]
[-200, 100, 436]
[-200, 100, 437]
[-200, 100, 438]
[-200, 100, 439]
[-200, 100, 440]
[-200, 101, 442]
[-200, 101, 443]
[-200, 101, 444]
[-201, 101, 445]
[-201, 101, 446]
[-201, 102, 447]
[-201, 102, 448]
[-201, 102, 450]
[-201, 102, 451]
[-201, 103, 452]
[-201, 103, 453]
[-201, 103, 454]
[-201, 103, 455]
[-201, 104, 456]
[-201, 104, 457]
[-201, 104, 458]
[-201, 105, 459]
[-201, 105, 460]
[-202, 105, 461]
[-202, 106, 463]
[-202, 106, 464]
[-202, 106, 465]
[-202, 107, 466]
[-202, 107, 467]
[-202, 107, 468]
[-202, 108, 469]
[-202, 108, 470]
[-202, 108, 471]
[-202, 109, 472]
[-202, 109, 473]
[-202, 109, 474]
[-202, 110, 475]
[-202, 110, 476]
[-202, 111, 476]
[-202, 111, 477]
[-202, 111, 478]
[-202, 112, 479]
[-202, 112, 480]
[-202, 113, 481]
[-203, 113, 482]
[-203, 114, 483]
[-203, 114, 484]
[-203, 114, 485]
[-203, 115, 486]
[-203, 115, 486]
[-203, 116, 487]
[-203, 116, 488]
[-203, 117, 489]
[-203, 117, 490]
[-203, 118, 491]
[-203, 118, 491]
[-203, 119, 492]
[-203, 119, 493]
[-203, 120, 494]
[-204, 120, 495]
[-204, 121, 495]
[-204, 121, 496]
[-204, 122, 497]
[-204, 122, 498]
[-204, 123, 498]
[-204, 123, 499]
[-204, 124, 500]
[-205, 124, 500]
[-205, 125, 501]
[-205, 125, 502]
[-205, 126, 503]
[-205, 127, 503]
[-205, 127, 504]
[-206, 128, 504]
[-206, 128, 505]
[-206, 129, 506]
[-206, 129, 506]
[-207, 130, 507]
[-207, 130, 508]
[-207, 131, 508]
[-207, 132, 509]
[-208, 132, 509]
[-208, 133, 510]
[-208, 133, 510]
[-209, 134, 511]
[-209, 135, 511]
[-209, 135, 512]
[-210, 136, 512]
[-210, 136, 513]
[-211, 137, 513]
[-211, 138, 514]
[-211, 138, 514]
[-212, 139, 515]
[-212, 140, 515]
[-213, 140, 516]
[-213, 141, 516]
[-214, 141, 516]
[-214, 142, 517]
[-215, 143, 517]
[-215, 143, 518]
[-216, 144, 518]
[-217, 145, 518]
[-217, 145, 519]
[-218, 146, 519]
[-218, 147, 519]
[-219, 147, 520]
[-220, 148, 520]
[-220, 149, 520]
[-221, 149, 521]
[-222, 150, 521]
[-222, 151, 521]
[-223, 151, 521]
[-224, 152, 521]
[-225, 153, 522]
[-225, 153, 522]
[-226, 154, 522]
[-227, 155, 522]
[-228, 155, 522]
[-229, 156, 523]
[-230, 157, 523]
[-230, 157, 523]
[-231, 158, 523]
[-232, 159, 523]
[-233, 159, 523]
[-234, 160, 523]
[-235, 161, 523]
[-236, 162, 524]
[-237, 162, 524]
[-238, 163, 524]
[-239, 164, 524]
[-240, 164, 524]
[-241, 165, 524]
[-242, 166, 524]
[-243, 166, 524]
[-244, 167, 524]
[-245, 168, 524]
[-246, 169, 524]
[-247, 169, 524]
[-248, 170, 523]
[-249, 171, 523]
[-250, 171, 523]
[-251, 172, 523]
[-252, 173, 523]
[-253, 174, 523]
[-254, 174, 523]
[-255, 175, 523]
[-256, 176, 523]
[-257, 176, 522]
[-258, 177, 522]
[-260, 178, 522]
[-261, 179, 522]
[-262, 179, 522]
[-263, 180, 521]
[-264, 181, 521]
[-265, 181, 521]
[-266, 182, 521]
[-267, 183, 520]
[-268, 183, 520]
[-269, 184, 520]
[-271, 185, 519]
[-272, 186, 519]
[-273, 186, 519]
[-274, 187, 518]
[-275, 188, 518]
[-276, 188, 518]
[-277, 189, 517]
[-278, 190, 517]
[-279, 191, 517]
[-280, 191, 516]
[-281, 192, 516]
[-282, 193, 515]
[-283, 193, 515]
[-284, 194, 514]
[-285, 195, 514]
[-286, 196, 514]
[-287, 196, 513]
[-288, 197, 513]
[-289, 198, 512]
[-290, 198, 512]
[-291, 199, 511]
[-292, 200, 510]
[-293, 200, 510]
[-294, 201, 509]
[-295, 202, 509]
[-296, 203, 508]
[-297, 203, 508]
[-298, 204, 507]
[-299, 205, 506]
[-299, 205, 506]
[-300, 206, 505]
[-301, 207, 505]
[-302, 207, 504]
[-303, 208, 503]
[-304, 209, 503]
[-304, 209, 502]
[-305, 210, 501]
[-306, 211, 500]
[-307, 211, 500]
[-307, 212, 499]
[-308, 213, 498]
[-309, 213, 498]
[-309, 214, 497]
[-310, 215, 496]
[-311, 215, 495]
[-311, 216, 495]
[-312, 217, 494]
[-312, 217, 493]
[-313, 218, 492]
[-314, 219, 491]
[-314, 219, 491]
[-315, 220, 490]
[-315, 221, 489]
[-316, 221, 488]
[-316, 222, 487]
[-317, 222, 486]
[-317, 223, 485]
[-318, 224, 485]
[-318, 224, 484]
[-318, 225, 483]
[-319, 226, 482]
[-319, 226, 481]
[-320, 227, 480]
[-320, 227, 479]
[-320, 228, 478]
[-321, 229, 477]
[-321, 229, 476]
[-321, 230, 475]
[-322, 230, 474]
[-322, 231, 473]
[-322, 232, 472]
[-322, 232, 471]
[-323, 233, 470]
[-323, 233, 469]
[-323, 234, 468]
[-323, 234, 467]
[-324, 235, 466]
[-324, 235, 465]
[-324, 236, 464]
[-324, 237, 463]
[-324, 237, 462]
[-324, 238, 461]
[-325, 238, 460]
[-325, 239, 459]
[-325, 239, 458]
[-325, 240, 457]
[-325, 240, 455]
[-325, 241, 454]
[-325, 241, 453]
[-325, 242, 452]
[-326, 242, 451]
[-326, 243, 450]
[-326, 243, 449]
[-326, 244, 448]
[-326, 244, 446]
[-326, 245, 445]
[-326, 245, 444]
[-326, 246, 443]
[-326, 246, 442]
[-326, 247, 441]
[-326, 247, 439]
[-326, 248, 438]
[-326, 248, 437]
[-326, 248, 436]
[-326, 249, 435]
[-327, 249, 433]
[-327, 250, 432]
[-327, 250, 431]
[-327, 251, 430]
[-327, 251, 429]
[-327, 251, 427]
[-327, 252, 426]
[-327, 252, 425]
[-327, 253, 424]
[-327, 253, 422]
[-327, 253, 421]
[-327, 254, 420]
[-327, 254, 419]
[-327, 254, 417]
[-327, 255, 416]
[-327, 255, 415]
[-327, 255, 414]
[-327, 256, 412]
[-327, 256, 411]
[-327, 256, 410]
[-327, 257, 409]
[-328, 257, 407]
[-328, 257, 406]
[-328, 258, 405]
[-328, 258, 403]
[-328, 258, 402]
[-328, 259, 401]
[-328, 259, 400]
[-328, 259, 398]
[-328, 259, 397]
[-328, 260, 396]
[-328, 260, 394]
[-328, 260, 393]
[-328, 260, 392]
[-328, 261, 391]
[-328, 261, 389]
[-329, 261, 388]
[-329, 261, 387]
[-329, 261, 385]
[-329, 262, 384]
[-329, 262, 383]
[-329, 262, 382]
[-329, 262, 380]
[-329, 262, 379]
[-329, 262, 378]
[-329, 263, 376]
[-329, 263, 375]
[-329, 263, 374]
[-329, 263, 372]
[-329, 263, 371]
[-330, 263, 370]
[-330, 263, 369]
[-330, 263, 367]
[-330, 264, 366]
[-330, 264, 365]
[-330, 264, 363]
[-330, 264, 362]
[-330, 264, 361]
[-330, 264, 360]
[-330, 264, 358]
[-330, 264, 357]
[-330, 264, 356]
[-330, 264, 355]
[-330, 264, 353]
[-330, 264, 352]
