# Curve Parameters
# y_end: 242
# loops: 1
# A (south bulge): 140
# B (lateral wiggle): 80
# samples: 350
#
# Analysis Results
# max_grade: 0.976362
# length_3d: 458.04
# length_2d: 428.63
# min_horiz_step: 0.209470
# status: OK
#
# Coordinates (x, y, z)
#==================================================

[-199, 98, 410]
[-199, 98, 411]
[-199, 98, 413]
[-199, 98, 414]
[-199, 98, 415]
[-199, 98, 416]
[-199, 98, 418]
[-199, 98, 419]
[-199, 98, 420]
[-199, 98, 421]
[-199, 98, 422]
[-199, 98, 424]
[-199, 98, 425]
[-199, 99, 426]
[-199, 99, 427]
[-199, 99, 429]
[-199, 99, 430]
[-199, 99, 431]
[-199, 99, 432]
[-199, 99, 433]
[-199, 99, 435]
[-199, 100, 436]
[-199, 100, 437]
[-199, 100, 438]
[-199, 100, 439]
[-199, 100, 440]
[-199, 100, 442]
[-199, 100, 443]
[-199, 101, 444]
[-199, 101, 445]
[-199, 101, 446]
[-199, 101, 447]
[-199, 101, 448]
[-198, 102, 450]
[-198, 102, 451]
[-198, 102, 452]
[-198, 102, 453]
[-198, 103, 454]
[-198, 103, 455]
[-197, 103, 456]
[-197, 103, 457]
[-197, 103, 458]
[-197, 104, 459]
[-197, 104, 460]
[-196, 104, 461]
[-196, 105, 463]
[-196, 105, 464]
[-195, 105, 465]
[-195, 105, 466]
[-195, 106, 467]
[-194, 106, 468]
[-194, 106, 469]
[-194, 107, 470]
[-193, 107, 471]
[-193, 107, 472]
[-193, 108, 473]
[-192, 108, 474]
[-192, 108, 475]
[-191, 109, 476]
[-191, 109, 476]
[-191, 109, 477]
[-190, 110, 478]
[-190, 110, 479]
[-189, 110, 480]
[-189, 111, 481]
[-188, 111, 482]
[-188, 112, 483]
[-188, 112, 484]
[-187, 112, 485]
[-187, 113, 486]
[-186, 113, 486]
[-186, 113, 487]
[-185, 114, 488]
[-185, 114, 489]
[-184, 115, 490]
[-184, 115, 491]
[-184, 116, 491]
[-183, 116, 492]
[-183, 116, 493]
[-182, 117, 494]
[-182, 117, 495]
[-182, 118, 495]
[-181, 118, 496]
[-181, 119, 497]
[-181, 119, 498]
[-180, 119, 498]
[-180, 120, 499]
[-180, 120, 500]
[-179, 121, 500]
[-179, 121, 501]
[-179, 122, 502]
[-178, 122, 503]
[-178, 123, 503]
[-178, 123, 504]
[-178, 124, 504]
[-178, 124, 505]
[-178, 125, 506]
[-177, 125, 506]
[-177, 126, 507]
[-177, 126, 508]
[-177, 127, 508]
[-177, 127, 509]
[-177, 128, 509]
[-177, 128, 510]
[-177, 129, 510]
[-178, 129, 511]
[-178, 130, 511]
[-178, 130, 512]
[-178, 131, 512]
[-178, 131, 513]
[-179, 132, 513]
[-179, 132, 514]
[-179, 133, 514]
[-180, 134, 515]
[-180, 134, 515]
[-180, 135, 516]
[-181, 135, 516]
[-181, 136, 516]
[-182, 136, 517]
[-182, 137, 517]
[-183, 137, 518]
[-184, 138, 518]
[-184, 138, 518]
[-185, 139, 519]
[-186, 140, 519]
[-187, 140, 519]
[-188, 141, 520]
[-188, 141, 520]
[-189, 142, 520]
[-190, 142, 521]
[-191, 143, 521]
[-192, 144, 521]
[-193, 144, 521]
[-194, 145, 521]
[-196, 145, 522]
[-197, 146, 522]
[-198, 147, 522]
[-199, 147, 522]
[-200, 148, 522]
[-202, 148, 523]
[-203, 149, 523]
[-204, 150, 523]
[-206, 150, 523]
[-207, 151, 523]
[-209, 151, 523]
[-210, 152, 523]
[-212, 153, 523]
[-213, 153, 524]
[-215, 154, 524]
[-217, 154, 524]
[-218, 155, 524]
[-220, 156, 524]
[-222, 156, 524]
[-223, 157, 524]
[-225, 157, 524]
[-227, 158, 524]
[-229, 159, 524]
[-231, 159, 524]
[-232, 160, 524]
[-234, 160, 523]
[-236, 161, 523]
[-238, 162, 523]
[-240, 162, 523]
[-242, 163, 523]
[-244, 164, 523]
[-246, 164, 523]
[-248, 165, 523]
[-250, 165, 523]
[-252, 166, 522]
[-254, 167, 522]
[-256, 167, 522]
[-257, 168, 522]
[-259, 168, 522]
[-261, 169, 521]
[-263, 170, 521]
[-266, 170, 521]
[-268, 171, 521]
[-270, 172, 520]
[-272, 172, 520]
[-273, 173, 520]
[-275, 173, 519]
[-277, 174, 519]
[-279, 175, 519]
[-281, 175, 518]
[-283, 176, 518]
[-285, 176, 518]
[-287, 177, 517]
[-289, 178, 517]
[-291, 178, 517]
[-293, 179, 516]
[-295, 180, 516]
[-297, 180, 515]
[-298, 181, 515]
[-300, 181, 514]
[-302, 182, 514]
[-304, 183, 514]
[-306, 183, 513]
[-307, 184, 513]
[-309, 184, 512]
[-311, 185, 512]
[-312, 186, 511]
[-314, 186, 510]
[-316, 187, 510]
[-317, 187, 509]
[-319, 188, 509]
[-320, 189, 508]
[-322, 189, 508]
[-323, 190, 507]
[-325, 190, 506]
[-326, 191, 506]
[-327, 192, 505]
[-329, 192, 505]
[-330, 193, 504]
[-331, 193, 503]
[-332, 194, 503]
[-333, 195, 502]
[-335, 195, 501]
[-336, 196, 500]
[-337, 196, 500]
[-338, 197, 499]
[-339, 198, 498]
[-340, 198, 498]
[-341, 199, 497]
[-341, 199, 496]
[-342, 200, 495]
[-343, 200, 495]
[-344, 201, 494]
[-345, 202, 493]
[-345, 202, 492]
[-346, 203, 491]
[-347, 203, 491]
[-347, 204, 490]
[-348, 204, 489]
[-348, 205, 488]
[-349, 205, 487]
[-349, 206, 486]
[-349, 206, 485]
[-350, 207, 485]
[-350, 208, 484]
[-350, 208, 483]
[-351, 209, 482]
[-351, 209, 481]
[-351, 210, 480]
[-351, 210, 479]
[-351, 211, 478]
[-352, 211, 477]
[-352, 212, 476]
[-352, 212, 475]
[-352, 213, 474]
[-352, 213, 473]
[-352, 214, 472]
[-352, 214, 471]
[-352, 215, 470]
[-351, 215, 469]
[-351, 216, 468]
[-351, 216, 467]
[-351, 217, 466]
[-351, 217, 465]
[-351, 218, 464]
[-350, 218, 463]
[-350, 219, 462]
[-350, 219, 461]
[-349, 220, 460]
[-349, 220, 459]
[-349, 221, 458]
[-348, 221, 457]
[-348, 221, 455]
[-348, 222, 454]
[-347, 222, 453]
[-347, 223, 452]
[-347, 223, 451]
[-346, 224, 450]
[-346, 224, 449]
[-345, 224, 448]
[-345, 225, 446]
[-345, 225, 445]
[-344, 226, 444]
[-344, 226, 443]
[-343, 227, 442]
[-343, 227, 441]
[-342, 227, 439]
[-342, 228, 438]
[-341, 228, 437]
[-341, 228, 436]
[-341, 229, 435]
[-340, 229, 433]
[-340, 230, 432]
[-339, 230, 431]
[-339, 230, 430]
[-338, 231, 429]
[-338, 231, 427]
[-338, 231, 426]
[-337, 232, 425]
[-337, 232, 424]
[-336, 232, 422]
[-336, 233, 421]
[-336, 233, 420]
[-335, 233, 419]
[-335, 234, 417]
[-335, 234, 416]
[-334, 234, 415]
[-334, 235, 414]
[-334, 235, 412]
[-333, 235, 411]
[-333, 235, 410]
[-333, 236, 409]
[-332, 236, 407]
[-332, 236, 406]
[-332, 237, 405]
[-332, 237, 403]
[-332, 237, 402]
[-331, 237, 401]
[-331, 237, 400]
[-331, 238, 398]
[-331, 238, 397]
[-331, 238, 396]
[-331, 238, 394]
[-330, 239, 393]
[-330, 239, 392]
[-330, 239, 391]
[-330, 239, 389]
[-330, 239, 388]
[-330, 240, 387]
[-330, 240, 385]
[-330, 240, 384]
[-330, 240, 383]
[-330, 240, 382]
[-330, 240, 380]
[-330, 240, 379]
[-330, 241, 378]
[-330, 241, 376]
[-330, 241, 375]
[-330, 241, 374]
[-330, 241, 372]
[-330, 241, 371]
[-330, 241, 370]
[-330, 241, 369]
[-330, 242, 367]
[-330, 242, 366]
[-330, 242, 365]
[-330, 242, 363]
[-330, 242, 362]
[-330, 242, 361]
[-330, 242, 360]
[-330, 242, 358]
[-330, 242, 357]
[-330, 242, 356]
[-330, 242, 355]
[-330, 242, 353]
[-330, 242, 352]
