# Curve Parameters
# y_end: 222
# loops: 0
# A (south bulge): 100
# B (lateral wiggle): 80
# samples: 350
#
# Analysis Results
# max_grade: 0.946564
# length_3d: 301.89
# length_2d: 266.83
# min_horiz_step: 0.209356
# status: OK
#
# Coordinates (x, y, z)
#==================================================

[-199, 98, 410]
[-199, 98, 411]
[-199, 98, 412]
[-199, 98, 413]
[-199, 98, 414]
[-199, 98, 414]
[-199, 98, 415]
[-199, 98, 416]
[-199, 98, 417]
[-199, 98, 418]
[-199, 98, 419]
[-199, 98, 420]
[-199, 98, 421]
[-200, 99, 421]
[-200, 99, 422]
[-200, 99, 423]
[-200, 99, 424]
[-200, 99, 425]
[-200, 99, 426]
[-200, 99, 427]
[-200, 99, 427]
[-200, 99, 428]
[-200, 99, 429]
[-201, 100, 430]
[-201, 100, 431]
[-201, 100, 431]
[-201, 100, 432]
[-201, 100, 433]
[-201, 100, 434]
[-202, 100, 435]
[-202, 101, 435]
[-202, 101, 436]
[-202, 101, 437]
[-202, 101, 438]
[-202, 101, 439]
[-203, 101, 439]
[-203, 102, 440]
[-203, 102, 441]
[-203, 102, 442]
[-204, 102, 442]
[-204, 103, 443]
[-204, 103, 444]
[-204, 103, 445]
[-204, 103, 445]
[-205, 103, 446]
[-205, 104, 447]
[-205, 104, 447]
[-205, 104, 448]
[-206, 104, 449]
[-206, 105, 450]
[-206, 105, 450]
[-207, 105, 451]
[-207, 105, 452]
[-207, 106, 452]
[-207, 106, 453]
[-208, 106, 454]
[-208, 107, 454]
[-208, 107, 455]
[-209, 107, 456]
[-209, 107, 456]
[-209, 108, 457]
[-210, 108, 457]
[-210, 108, 458]
[-210, 109, 459]
[-211, 109, 459]
[-211, 109, 460]
[-211, 110, 461]
[-212, 110, 461]
[-212, 110, 462]
[-212, 111, 462]
[-213, 111, 463]
[-213, 111, 463]
[-213, 112, 464]
[-214, 112, 465]
[-214, 112, 465]
[-215, 113, 466]
[-215, 113, 466]
[-215, 113, 467]
[-216, 114, 467]
[-216, 114, 468]
[-216, 115, 468]
[-217, 115, 469]
[-217, 115, 469]
[-218, 116, 470]
[-218, 116, 470]
[-219, 116, 471]
[-219, 117, 471]
[-219, 117, 472]
[-220, 118, 472]
[-220, 118, 472]
[-221, 118, 473]
[-221, 119, 473]
[-222, 119, 474]
[-222, 120, 474]
[-222, 120, 475]
[-223, 121, 475]
[-223, 121, 475]
[-224, 121, 476]
[-224, 122, 476]
[-225, 122, 476]
[-225, 123, 477]
[-226, 123, 477]
[-226, 124, 477]
[-226, 124, 478]
[-227, 124, 478]
[-227, 125, 478]
[-228, 125, 479]
[-228, 126, 479]
[-229, 126, 479]
[-229, 127, 480]
[-230, 127, 480]
[-230, 128, 480]
[-231, 128, 481]
[-231, 129, 481]
[-232, 129, 481]
[-232, 130, 481]
[-233, 130, 481]
[-233, 130, 482]
[-234, 131, 482]
[-234, 131, 482]
[-235, 132, 482]
[-235, 132, 483]
[-236, 133, 483]
[-236, 133, 483]
[-237, 134, 483]
[-237, 134, 483]
[-238, 135, 483]
[-238, 135, 484]
[-239, 136, 484]
[-239, 136, 484]
[-240, 137, 484]
[-241, 137, 484]
[-241, 138, 484]
[-242, 138, 484]
[-242, 139, 484]
[-243, 139, 484]
[-243, 140, 484]
[-244, 140, 485]
[-244, 141, 485]
[-245, 141, 485]
[-245, 142, 485]
[-246, 142, 485]
[-246, 143, 485]
[-247, 143, 485]
[-248, 144, 485]
[-248, 144, 485]
[-249, 145, 485]
[-249, 145, 485]
[-250, 146, 485]
[-250, 147, 485]
[-251, 147, 485]
[-251, 148, 485]
[-252, 148, 485]
[-252, 149, 484]
[-253, 149, 484]
[-254, 150, 484]
[-254, 150, 484]
[-255, 151, 484]
[-255, 151, 484]
[-256, 152, 484]
[-256, 152, 484]
[-257, 153, 484]
[-257, 153, 483]
[-258, 154, 483]
[-259, 154, 483]
[-259, 155, 483]
[-260, 155, 483]
[-260, 156, 483]
[-261, 157, 482]
[-261, 157, 482]
[-262, 158, 482]
[-263, 158, 482]
[-263, 159, 482]
[-264, 159, 481]
[-264, 160, 481]
[-265, 160, 481]
[-265, 161, 481]
[-266, 161, 480]
[-266, 162, 480]
[-267, 162, 480]
[-268, 163, 480]
[-268, 163, 479]
[-269, 164, 479]
[-269, 165, 479]
[-270, 165, 478]
[-270, 166, 478]
[-271, 166, 478]
[-272, 167, 477]
[-272, 167, 477]
[-273, 168, 477]
[-273, 168, 476]
[-274, 169, 476]
[-274, 169, 475]
[-275, 170, 475]
[-275, 170, 475]
[-276, 171, 474]
[-277, 171, 474]
[-277, 172, 473]
[-278, 172, 473]
[-278, 173, 473]
[-279, 173, 472]
[-279, 174, 472]
[-280, 175, 471]
[-280, 175, 471]
[-281, 176, 470]
[-281, 176, 470]
[-282, 177, 469]
[-283, 177, 469]
[-283, 178, 468]
[-284, 178, 468]
[-284, 179, 467]
[-285, 179, 467]
[-285, 180, 466]
[-286, 180, 466]
[-286, 181, 465]
[-287, 181, 465]
[-287, 182, 464]
[-288, 182, 463]
[-288, 183, 463]
[-289, 183, 462]
[-290, 184, 462]
[-290, 184, 461]
[-291, 185, 460]
[-291, 185, 460]
[-292, 186, 459]
[-292, 186, 459]
[-293, 187, 458]
[-293, 187, 457]
[-294, 188, 457]
[-294, 188, 456]
[-295, 189, 455]
[-295, 189, 455]
[-296, 190, 454]
[-296, 190, 453]
[-297, 190, 453]
[-297, 191, 452]
[-298, 191, 451]
[-298, 192, 451]
[-299, 192, 450]
[-299, 193, 449]
[-300, 193, 449]
[-300, 194, 448]
[-301, 194, 447]
[-301, 195, 446]
[-302, 195, 446]
[-302, 196, 445]
[-303, 196, 444]
[-303, 196, 443]
[-303, 197, 443]
[-304, 197, 442]
[-304, 198, 441]
[-305, 198, 440]
[-305, 199, 440]
[-306, 199, 439]
[-306, 199, 438]
[-307, 200, 437]
[-307, 200, 436]
[-307, 201, 436]
[-308, 201, 435]
[-308, 202, 434]
[-309, 202, 433]
[-309, 202, 432]
[-310, 203, 432]
[-310, 203, 431]
[-310, 204, 430]
[-311, 204, 429]
[-311, 204, 428]
[-312, 205, 427]
[-312, 205, 427]
[-313, 205, 426]
[-313, 206, 425]
[-313, 206, 424]
[-314, 207, 423]
[-314, 207, 422]
[-314, 207, 421]
[-315, 208, 421]
[-315, 208, 420]
[-316, 208, 419]
[-316, 209, 418]
[-316, 209, 417]
[-317, 209, 416]
[-317, 210, 415]
[-317, 210, 414]
[-318, 210, 413]
[-318, 211, 413]
[-318, 211, 412]
[-319, 211, 411]
[-319, 212, 410]
[-319, 212, 409]
[-320, 212, 408]
[-320, 213, 407]
[-320, 213, 406]
[-321, 213, 405]
[-321, 213, 404]
[-321, 214, 403]
[-322, 214, 402]
[-322, 214, 402]
[-322, 215, 401]
[-322, 215, 400]
[-323, 215, 399]
[-323, 215, 398]
[-323, 216, 397]
[-324, 216, 396]
[-324, 216, 395]
[-324, 216, 394]
[-324, 217, 393]
[-325, 217, 392]
[-325, 217, 391]
[-325, 217, 390]
[-325, 217, 389]
[-325, 218, 388]
[-326, 218, 387]
[-326, 218, 387]
[-326, 218, 386]
[-326, 219, 385]
[-327, 219, 384]
[-327, 219, 383]
[-327, 219, 382]
[-327, 219, 381]
[-327, 219, 380]
[-327, 220, 379]
[-328, 220, 378]
[-328, 220, 377]
[-328, 220, 376]
[-328, 220, 375]
[-328, 220, 374]
[-328, 220, 373]
[-329, 221, 372]
[-329, 221, 371]
[-329, 221, 370]
[-329, 221, 370]
[-329, 221, 369]
[-329, 221, 368]
[-329, 221, 367]
[-329, 221, 366]
[-329, 221, 365]
[-329, 221, 364]
[-330, 222, 363]
[-330, 222, 362]
[-330, 222, 361]
[-330, 222, 360]
[-330, 222, 359]
[-330, 222, 358]
[-330, 222, 357]
[-330, 222, 357]
[-330, 222, 356]
[-330, 222, 355]
[-330, 222, 354]
[-330, 222, 353]
[-330, 222, 352]
