# Curve Parameters
# y_end: 244
# loops: 1
# A (south bulge): 120
# B (lateral wiggle): 20
# samples: 350
#
# Analysis Results
# max_grade: 0.943908
# length_3d: 356.50
# length_2d: 316.42
# min_horiz_step: 0.222167
# status: OK
#
# Coordinates (x, y, z)
#==================================================

[-199, 98, 410]
[-199, 98, 411]
[-199, 98, 412]
[-199, 98, 413]
[-199, 98, 414]
[-199, 98, 415]
[-199, 98, 416]
[-199, 98, 417]
[-199, 98, 419]
[-199, 98, 420]
[-199, 98, 421]
[-199, 98, 422]
[-199, 99, 423]
[-199, 99, 424]
[-200, 99, 425]
[-200, 99, 426]
[-200, 99, 427]
[-200, 99, 428]
[-200, 99, 429]
[-200, 99, 430]
[-200, 99, 431]
[-200, 100, 432]
[-200, 100, 433]
[-200, 100, 434]
[-200, 100, 435]
[-200, 100, 436]
[-201, 100, 437]
[-201, 100, 438]
[-201, 101, 439]
[-201, 101, 440]
[-201, 101, 441]
[-201, 101, 442]
[-201, 101, 443]
[-201, 102, 444]
[-201, 102, 445]
[-202, 102, 446]
[-202, 102, 446]
[-202, 103, 447]
[-202, 103, 448]
[-202, 103, 449]
[-202, 103, 450]
[-202, 104, 451]
[-202, 104, 452]
[-202, 104, 453]
[-203, 104, 454]
[-203, 105, 455]
[-203, 105, 456]
[-203, 105, 456]
[-203, 106, 457]
[-203, 106, 458]
[-203, 106, 459]
[-203, 106, 460]
[-204, 107, 461]
[-204, 107, 461]
[-204, 107, 462]
[-204, 108, 463]
[-204, 108, 464]
[-204, 108, 465]
[-204, 109, 466]
[-204, 109, 466]
[-205, 109, 467]
[-205, 110, 468]
[-205, 110, 469]
[-205, 111, 469]
[-205, 111, 470]
[-205, 111, 471]
[-205, 112, 472]
[-206, 112, 472]
[-206, 112, 473]
[-206, 113, 474]
[-206, 113, 475]
[-206, 114, 475]
[-206, 114, 476]
[-207, 114, 477]
[-207, 115, 477]
[-207, 115, 478]
[-207, 116, 479]
[-207, 116, 479]
[-207, 117, 480]
[-208, 117, 481]
[-208, 117, 481]
[-208, 118, 482]
[-208, 118, 483]
[-208, 119, 483]
[-209, 119, 484]
[-209, 120, 484]
[-209, 120, 485]
[-209, 121, 486]
[-210, 121, 486]
[-210, 122, 487]
[-210, 122, 487]
[-210, 123, 488]
[-211, 123, 488]
[-211, 124, 489]
[-211, 124, 489]
[-212, 125, 490]
[-212, 125, 491]
[-212, 126, 491]
[-212, 126, 492]
[-213, 127, 492]
[-213, 127, 492]
[-213, 128, 493]
[-214, 128, 493]
[-214, 129, 494]
[-215, 129, 494]
[-215, 130, 495]
[-215, 130, 495]
[-216, 131, 496]
[-216, 131, 496]
[-217, 132, 496]
[-217, 132, 497]
[-217, 133, 497]
[-218, 133, 497]
[-218, 134, 498]
[-219, 135, 498]
[-219, 135, 498]
[-220, 136, 499]
[-220, 136, 499]
[-221, 137, 499]
[-221, 137, 500]
[-222, 138, 500]
[-222, 138, 500]
[-223, 139, 501]
[-224, 140, 501]
[-224, 140, 501]
[-225, 141, 501]
[-225, 141, 502]
[-226, 142, 502]
[-227, 143, 502]
[-227, 143, 502]
[-228, 144, 502]
[-228, 144, 503]
[-229, 145, 503]
[-230, 145, 503]
[-230, 146, 503]
[-231, 147, 503]
[-232, 147, 503]
[-233, 148, 503]
[-233, 148, 504]
[-234, 149, 504]
[-235, 150, 504]
[-236, 150, 504]
[-236, 151, 504]
[-237, 151, 504]
[-238, 152, 504]
[-239, 153, 504]
[-239, 153, 504]
[-240, 154, 504]
[-241, 154, 504]
[-242, 155, 504]
[-243, 156, 504]
[-243, 156, 504]
[-244, 157, 504]
[-245, 158, 504]
[-246, 158, 504]
[-247, 159, 504]
[-248, 159, 504]
[-249, 160, 504]
[-250, 161, 504]
[-250, 161, 504]
[-251, 162, 504]
[-252, 163, 503]
[-253, 163, 503]
[-254, 164, 503]
[-255, 164, 503]
[-256, 165, 503]
[-257, 166, 503]
[-258, 166, 503]
[-259, 167, 502]
[-259, 168, 502]
[-260, 168, 502]
[-261, 169, 502]
[-262, 169, 502]
[-263, 170, 501]
[-264, 171, 501]
[-265, 171, 501]
[-266, 172, 501]
[-267, 173, 500]
[-268, 173, 500]
[-269, 174, 500]
[-270, 174, 499]
[-270, 175, 499]
[-271, 176, 499]
[-272, 176, 499]
[-273, 177, 498]
[-274, 178, 498]
[-275, 178, 497]
[-276, 179, 497]
[-277, 179, 497]
[-278, 180, 496]
[-279, 181, 496]
[-279, 181, 496]
[-280, 182, 495]
[-281, 183, 495]
[-282, 183, 494]
[-283, 184, 494]
[-284, 184, 493]
[-285, 185, 493]
[-286, 186, 493]
[-286, 186, 492]
[-287, 187, 492]
[-288, 188, 491]
[-289, 188, 491]
[-290, 189, 490]
[-290, 189, 490]
[-291, 190, 489]
[-292, 191, 488]
[-293, 191, 488]
[-293, 192, 487]
[-294, 192, 487]
[-295, 193, 486]
[-296, 194, 486]
[-296, 194, 485]
[-297, 195, 484]
[-298, 195, 484]
[-299, 196, 483]
[-299, 197, 483]
[-300, 197, 482]
[-301, 198, 481]
[-301, 198, 481]
[-302, 199, 480]
[-302, 199, 479]
[-303, 200, 479]
[-304, 201, 478]
[-304, 201, 477]
[-305, 202, 477]
[-305, 202, 476]
[-306, 203, 475]
[-307, 204, 474]
[-307, 204, 474]
[-308, 205, 473]
[-308, 205, 472]
[-309, 206, 471]
[-309, 206, 471]
[-310, 207, 470]
[-310, 207, 469]
[-311, 208, 468]
[-311, 209, 468]
[-312, 209, 467]
[-312, 210, 466]
[-312, 210, 465]
[-313, 211, 464]
[-313, 211, 464]
[-314, 212, 463]
[-314, 212, 462]
[-314, 213, 461]
[-315, 213, 460]
[-315, 214, 459]
[-316, 214, 458]
[-316, 215, 458]
[-316, 215, 457]
[-317, 216, 456]
[-317, 216, 455]
[-317, 217, 454]
[-317, 217, 453]
[-318, 218, 452]
[-318, 218, 451]
[-318, 219, 450]
[-319, 219, 449]
[-319, 220, 449]
[-319, 220, 448]
[-319, 221, 447]
[-320, 221, 446]
[-320, 222, 445]
[-320, 222, 444]
[-320, 223, 443]
[-321, 223, 442]
[-321, 224, 441]
[-321, 224, 440]
[-321, 225, 439]
[-321, 225, 438]
[-322, 225, 437]
[-322, 226, 436]
[-322, 226, 435]
[-322, 227, 434]
[-322, 227, 433]
[-322, 228, 432]
[-323, 228, 431]
[-323, 228, 430]
[-323, 229, 429]
[-323, 229, 428]
[-323, 230, 427]
[-323, 230, 426]
[-324, 230, 425]
[-324, 231, 424]
[-324, 231, 423]
[-324, 231, 421]
[-324, 232, 420]
[-324, 232, 419]
[-324, 233, 418]
[-325, 233, 417]
[-325, 233, 416]
[-325, 234, 415]
[-325, 234, 414]
[-325, 234, 413]
[-325, 235, 412]
[-325, 235, 411]
[-325, 235, 410]
[-326, 236, 409]
[-326, 236, 407]
[-326, 236, 406]
[-326, 236, 405]
[-326, 237, 404]
[-326, 237, 403]
[-326, 237, 402]
[-326, 238, 401]
[-327, 238, 400]
[-327, 238, 399]
[-327, 238, 398]
[-327, 239, 396]
[-327, 239, 395]
[-327, 239, 394]
[-327, 239, 393]
[-327, 240, 392]
[-327, 240, 391]
[-328, 240, 390]
[-328, 240, 389]
[-328, 241, 387]
[-328, 241, 386]
[-328, 241, 385]
[-328, 241, 384]
[-328, 241, 383]
[-328, 242, 382]
[-328, 242, 381]
[-329, 242, 380]
[-329, 242, 379]
[-329, 242, 377]
[-329, 242, 376]
[-329, 242, 375]
[-329, 243, 374]
[-329, 243, 373]
[-329, 243, 372]
[-329, 243, 371]
[-329, 243, 370]
[-329, 243, 368]
[-329, 243, 367]
[-330, 243, 366]
[-330, 243, 365]
[-330, 244, 364]
[-330, 244, 363]
[-330, 244, 362]
[-330, 244, 361]
[-330, 244, 360]
[-330, 244, 359]
[-330, 244, 357]
[-330, 244, 356]
[-330, 244, 355]
[-330, 244, 354]
[-330, 244, 353]
[-330, 244, 352]
