# Curve Parameters
# y_end: 236
# loops: 1
# A (south bulge): 120
# B (lateral wiggle): 10
# samples: 350
#
# Analysis Results
# max_grade: 0.903635
# length_3d: 345.97
# length_2d: 308.06
# min_horiz_step: 0.230196
# status: OK
#
# Coordinates (x, y, z)
#==================================================

[-199, 98, 410]
[-199, 98, 411]
[-199, 98, 412]
[-199, 98, 413]
[-199, 98, 414]
[-199, 98, 415]
[-199, 98, 416]
[-199, 98, 417]
[-199, 98, 419]
[-199, 98, 420]
[-199, 98, 421]
[-199, 98, 422]
[-199, 98, 423]
[-200, 99, 424]
[-200, 99, 425]
[-200, 99, 426]
[-200, 99, 427]
[-200, 99, 428]
[-200, 99, 429]
[-200, 99, 430]
[-200, 99, 431]
[-200, 99, 432]
[-200, 100, 433]
[-200, 100, 434]
[-201, 100, 435]
[-201, 100, 436]
[-201, 100, 437]
[-201, 100, 438]
[-201, 101, 439]
[-201, 101, 440]
[-201, 101, 441]
[-202, 101, 442]
[-202, 101, 443]
[-202, 101, 444]
[-202, 102, 445]
[-202, 102, 446]
[-202, 102, 446]
[-202, 102, 447]
[-203, 103, 448]
[-203, 103, 449]
[-203, 103, 450]
[-203, 103, 451]
[-203, 104, 452]
[-203, 104, 453]
[-204, 104, 454]
[-204, 104, 455]
[-204, 105, 456]
[-204, 105, 456]
[-204, 105, 457]
[-205, 105, 458]
[-205, 106, 459]
[-205, 106, 460]
[-205, 106, 461]
[-205, 107, 461]
[-206, 107, 462]
[-206, 107, 463]
[-206, 108, 464]
[-206, 108, 465]
[-207, 108, 466]
[-207, 108, 466]
[-207, 109, 467]
[-207, 109, 468]
[-207, 110, 469]
[-208, 110, 469]
[-208, 110, 470]
[-208, 111, 471]
[-208, 111, 472]
[-209, 111, 472]
[-209, 112, 473]
[-209, 112, 474]
[-209, 112, 475]
[-210, 113, 475]
[-210, 113, 476]
[-210, 114, 477]
[-210, 114, 477]
[-211, 114, 478]
[-211, 115, 479]
[-211, 115, 479]
[-212, 116, 480]
[-212, 116, 481]
[-212, 116, 481]
[-212, 117, 482]
[-213, 117, 483]
[-213, 118, 483]
[-213, 118, 484]
[-214, 119, 484]
[-214, 119, 485]
[-214, 119, 486]
[-215, 120, 486]
[-215, 120, 487]
[-215, 121, 487]
[-216, 121, 488]
[-216, 122, 488]
[-216, 122, 489]
[-217, 123, 489]
[-217, 123, 490]
[-218, 124, 491]
[-218, 124, 491]
[-218, 125, 492]
[-219, 125, 492]
[-219, 125, 492]
[-220, 126, 493]
[-220, 126, 493]
[-220, 127, 494]
[-221, 127, 494]
[-221, 128, 495]
[-222, 128, 495]
[-222, 129, 496]
[-223, 129, 496]
[-223, 130, 496]
[-223, 130, 497]
[-224, 131, 497]
[-224, 132, 497]
[-225, 132, 498]
[-225, 133, 498]
[-226, 133, 498]
[-226, 134, 499]
[-227, 134, 499]
[-227, 135, 499]
[-228, 135, 500]
[-228, 136, 500]
[-229, 136, 500]
[-229, 137, 501]
[-230, 137, 501]
[-230, 138, 501]
[-231, 138, 501]
[-232, 139, 502]
[-232, 140, 502]
[-233, 140, 502]
[-233, 141, 502]
[-234, 141, 502]
[-234, 142, 503]
[-235, 142, 503]
[-236, 143, 503]
[-236, 143, 503]
[-237, 144, 503]
[-238, 145, 503]
[-238, 145, 503]
[-239, 146, 504]
[-239, 146, 504]
[-240, 147, 504]
[-241, 147, 504]
[-241, 148, 504]
[-242, 149, 504]
[-243, 149, 504]
[-243, 150, 504]
[-244, 150, 504]
[-245, 151, 504]
[-245, 151, 504]
[-246, 152, 504]
[-247, 153, 504]
[-247, 153, 504]
[-248, 154, 504]
[-249, 154, 504]
[-250, 155, 504]
[-250, 155, 504]
[-251, 156, 504]
[-252, 157, 504]
[-252, 157, 504]
[-253, 158, 504]
[-254, 158, 504]
[-255, 159, 503]
[-255, 160, 503]
[-256, 160, 503]
[-257, 161, 503]
[-257, 161, 503]
[-258, 162, 503]
[-259, 163, 503]
[-260, 163, 502]
[-260, 164, 502]
[-261, 164, 502]
[-262, 165, 502]
[-263, 166, 502]
[-263, 166, 501]
[-264, 167, 501]
[-265, 167, 501]
[-266, 168, 501]
[-266, 168, 500]
[-267, 169, 500]
[-268, 170, 500]
[-269, 170, 499]
[-269, 171, 499]
[-270, 171, 499]
[-271, 172, 499]
[-272, 173, 498]
[-272, 173, 498]
[-273, 174, 497]
[-274, 174, 497]
[-274, 175, 497]
[-275, 176, 496]
[-276, 176, 496]
[-277, 177, 496]
[-277, 177, 495]
[-278, 178, 495]
[-279, 179, 494]
[-279, 179, 494]
[-280, 180, 493]
[-281, 180, 493]
[-282, 181, 493]
[-282, 181, 492]
[-283, 182, 492]
[-284, 183, 491]
[-284, 183, 491]
[-285, 184, 490]
[-286, 184, 490]
[-286, 185, 489]
[-287, 185, 488]
[-288, 186, 488]
[-288, 187, 487]
[-289, 187, 487]
[-290, 188, 486]
[-290, 188, 486]
[-291, 189, 485]
[-291, 189, 484]
[-292, 190, 484]
[-293, 191, 483]
[-293, 191, 483]
[-294, 192, 482]
[-295, 192, 481]
[-295, 193, 481]
[-296, 193, 480]
[-296, 194, 479]
[-297, 194, 479]
[-297, 195, 478]
[-298, 196, 477]
[-299, 196, 477]
[-299, 197, 476]
[-300, 197, 475]
[-300, 198, 474]
[-301, 198, 474]
[-301, 199, 473]
[-302, 199, 472]
[-302, 200, 471]
[-303, 200, 471]
[-303, 201, 470]
[-304, 201, 469]
[-304, 202, 468]
[-305, 202, 468]
[-305, 203, 467]
[-306, 204, 466]
[-306, 204, 465]
[-306, 205, 464]
[-307, 205, 464]
[-307, 206, 463]
[-308, 206, 462]
[-308, 207, 461]
[-309, 207, 460]
[-309, 208, 459]
[-309, 208, 458]
[-310, 209, 458]
[-310, 209, 457]
[-311, 209, 456]
[-311, 210, 455]
[-311, 210, 454]
[-312, 211, 453]
[-312, 211, 452]
[-313, 212, 451]
[-313, 212, 450]
[-313, 213, 449]
[-314, 213, 449]
[-314, 214, 448]
[-314, 214, 447]
[-315, 215, 446]
[-315, 215, 445]
[-315, 215, 444]
[-316, 216, 443]
[-316, 216, 442]
[-316, 217, 441]
[-317, 217, 440]
[-317, 218, 439]
[-317, 218, 438]
[-317, 218, 437]
[-318, 219, 436]
[-318, 219, 435]
[-318, 220, 434]
[-319, 220, 433]
[-319, 220, 432]
[-319, 221, 431]
[-319, 221, 430]
[-320, 222, 429]
[-320, 222, 428]
[-320, 222, 427]
[-320, 223, 426]
[-321, 223, 425]
[-321, 223, 424]
[-321, 224, 423]
[-321, 224, 421]
[-322, 224, 420]
[-322, 225, 419]
[-322, 225, 418]
[-322, 226, 417]
[-322, 226, 416]
[-323, 226, 415]
[-323, 226, 414]
[-323, 227, 413]
[-323, 227, 412]
[-324, 227, 411]
[-324, 228, 410]
[-324, 228, 409]
[-324, 228, 407]
[-324, 229, 406]
[-325, 229, 405]
[-325, 229, 404]
[-325, 229, 403]
[-325, 230, 402]
[-325, 230, 401]
[-326, 230, 400]
[-326, 230, 399]
[-326, 231, 398]
[-326, 231, 396]
[-326, 231, 395]
[-326, 231, 394]
[-327, 232, 393]
[-327, 232, 392]
[-327, 232, 391]
[-327, 232, 390]
[-327, 233, 389]
[-327, 233, 387]
[-327, 233, 386]
[-328, 233, 385]
[-328, 233, 384]
[-328, 233, 383]
[-328, 234, 382]
[-328, 234, 381]
[-328, 234, 380]
[-328, 234, 379]
[-329, 234, 377]
[-329, 234, 376]
[-329, 235, 375]
[-329, 235, 374]
[-329, 235, 373]
[-329, 235, 372]
[-329, 235, 371]
[-329, 235, 370]
[-329, 235, 368]
[-329, 235, 367]
[-329, 235, 366]
[-330, 236, 365]
[-330, 236, 364]
[-330, 236, 363]
[-330, 236, 362]
[-330, 236, 361]
[-330, 236, 360]
[-330, 236, 359]
[-330, 236, 357]
[-330, 236, 356]
[-330, 236, 355]
[-330, 236, 354]
[-330, 236, 353]
[-330, 236, 352]
