# Curve Parameters
# y_end: 256
# loops: 1
# A (south bulge): 140
# B (lateral wiggle): 30
# samples: 350
#
# Analysis Results
# max_grade: 0.938627
# length_3d: 403.97
# length_2d: 362.28
# min_horiz_step: 0.243295
# status: OK
#
# Coordinates (x, y, z)
#==================================================

[-199, 98, 410]
[-199, 98, 411]
[-199, 98, 413]
[-199, 98, 414]
[-199, 98, 415]
[-199, 98, 416]
[-199, 98, 418]
[-199, 98, 419]
[-199, 98, 420]
[-199, 98, 421]
[-199, 98, 422]
[-199, 98, 424]
[-199, 99, 425]
[-199, 99, 426]
[-199, 99, 427]
[-200, 99, 429]
[-200, 99, 430]
[-200, 99, 431]
[-200, 99, 432]
[-200, 99, 433]
[-200, 99, 435]
[-200, 100, 436]
[-200, 100, 437]
[-200, 100, 438]
[-200, 100, 439]
[-200, 100, 440]
[-200, 101, 442]
[-200, 101, 443]
[-200, 101, 444]
[-201, 101, 445]
[-201, 101, 446]
[-201, 102, 447]
[-201, 102, 448]
[-201, 102, 450]
[-201, 102, 451]
[-201, 102, 452]
[-201, 103, 453]
[-201, 103, 454]
[-201, 103, 455]
[-201, 103, 456]
[-201, 104, 457]
[-201, 104, 458]
[-201, 104, 459]
[-201, 105, 460]
[-202, 105, 461]
[-202, 105, 463]
[-202, 106, 464]
[-202, 106, 465]
[-202, 106, 466]
[-202, 106, 467]
[-202, 107, 468]
[-202, 107, 469]
[-202, 107, 470]
[-202, 108, 471]
[-202, 108, 472]
[-202, 109, 473]
[-202, 109, 474]
[-202, 109, 475]
[-202, 110, 476]
[-202, 110, 476]
[-202, 110, 477]
[-202, 111, 478]
[-202, 111, 479]
[-202, 112, 480]
[-202, 112, 481]
[-203, 112, 482]
[-203, 113, 483]
[-203, 113, 484]
[-203, 114, 485]
[-203, 114, 486]
[-203, 115, 486]
[-203, 115, 487]
[-203, 115, 488]
[-203, 116, 489]
[-203, 116, 490]
[-203, 117, 491]
[-203, 117, 491]
[-203, 118, 492]
[-203, 118, 493]
[-203, 119, 494]
[-204, 119, 495]
[-204, 120, 495]
[-204, 120, 496]
[-204, 121, 497]
[-204, 121, 498]
[-204, 122, 498]
[-204, 122, 499]
[-204, 123, 500]
[-205, 123, 500]
[-205, 124, 501]
[-205, 124, 502]
[-205, 125, 503]
[-205, 125, 503]
[-205, 126, 504]
[-206, 126, 504]
[-206, 127, 505]
[-206, 127, 506]
[-206, 128, 506]
[-207, 128, 507]
[-207, 129, 508]
[-207, 129, 508]
[-207, 130, 509]
[-208, 131, 509]
[-208, 131, 510]
[-208, 132, 510]
[-209, 132, 511]
[-209, 133, 511]
[-209, 133, 512]
[-210, 134, 512]
[-210, 135, 513]
[-211, 135, 513]
[-211, 136, 514]
[-211, 136, 514]
[-212, 137, 515]
[-212, 138, 515]
[-213, 138, 516]
[-213, 139, 516]
[-214, 139, 516]
[-214, 140, 517]
[-215, 141, 517]
[-215, 141, 518]
[-216, 142, 518]
[-217, 142, 518]
[-217, 143, 519]
[-218, 144, 519]
[-218, 144, 519]
[-219, 145, 520]
[-220, 146, 520]
[-220, 146, 520]
[-221, 147, 521]
[-222, 147, 521]
[-222, 148, 521]
[-223, 149, 521]
[-224, 149, 521]
[-225, 150, 522]
[-225, 151, 522]
[-226, 151, 522]
[-227, 152, 522]
[-228, 153, 522]
[-229, 153, 523]
[-230, 154, 523]
[-230, 155, 523]
[-231, 155, 523]
[-232, 156, 523]
[-233, 156, 523]
[-234, 157, 523]
[-235, 158, 523]
[-236, 158, 524]
[-237, 159, 524]
[-238, 160, 524]
[-239, 160, 524]
[-240, 161, 524]
[-241, 162, 524]
[-242, 162, 524]
[-243, 163, 524]
[-244, 164, 524]
[-245, 164, 524]
[-246, 165, 524]
[-247, 166, 524]
[-248, 167, 523]
[-249, 167, 523]
[-250, 168, 523]
[-251, 169, 523]
[-252, 169, 523]
[-253, 170, 523]
[-254, 171, 523]
[-255, 171, 523]
[-256, 172, 523]
[-257, 173, 522]
[-258, 173, 522]
[-260, 174, 522]
[-261, 175, 522]
[-262, 175, 522]
[-263, 176, 521]
[-264, 177, 521]
[-265, 177, 521]
[-266, 178, 521]
[-267, 179, 520]
[-268, 179, 520]
[-269, 180, 520]
[-271, 181, 519]
[-272, 181, 519]
[-273, 182, 519]
[-274, 183, 518]
[-275, 183, 518]
[-276, 184, 518]
[-277, 185, 517]
[-278, 185, 517]
[-279, 186, 517]
[-280, 187, 516]
[-281, 187, 516]
[-282, 188, 515]
[-283, 189, 515]
[-284, 190, 514]
[-285, 190, 514]
[-286, 191, 514]
[-287, 192, 513]
[-288, 192, 513]
[-289, 193, 512]
[-290, 194, 512]
[-291, 194, 511]
[-292, 195, 510]
[-293, 196, 510]
[-294, 196, 509]
[-295, 197, 509]
[-296, 198, 508]
[-297, 198, 508]
[-298, 199, 507]
[-299, 199, 506]
[-299, 200, 506]
[-300, 201, 505]
[-301, 201, 505]
[-302, 202, 504]
[-303, 203, 503]
[-304, 203, 503]
[-304, 204, 502]
[-305, 205, 501]
[-306, 205, 500]
[-307, 206, 500]
[-307, 207, 499]
[-308, 207, 498]
[-309, 208, 498]
[-309, 208, 497]
[-310, 209, 496]
[-311, 210, 495]
[-311, 210, 495]
[-312, 211, 494]
[-312, 212, 493]
[-313, 212, 492]
[-314, 213, 491]
[-314, 213, 491]
[-315, 214, 490]
[-315, 215, 489]
[-316, 215, 488]
[-316, 216, 487]
[-317, 216, 486]
[-317, 217, 485]
[-318, 218, 485]
[-318, 218, 484]
[-318, 219, 483]
[-319, 219, 482]
[-319, 220, 481]
[-320, 221, 480]
[-320, 221, 479]
[-320, 222, 478]
[-321, 222, 477]
[-321, 223, 476]
[-321, 223, 475]
[-322, 224, 474]
[-322, 225, 473]
[-322, 225, 472]
[-322, 226, 471]
[-323, 226, 470]
[-323, 227, 469]
[-323, 227, 468]
[-323, 228, 467]
[-324, 228, 466]
[-324, 229, 465]
[-324, 229, 464]
[-324, 230, 463]
[-324, 230, 462]
[-324, 231, 461]
[-325, 231, 460]
[-325, 232, 459]
[-325, 232, 458]
[-325, 233, 457]
[-325, 233, 455]
[-325, 234, 454]
[-325, 234, 453]
[-325, 235, 452]
[-326, 235, 451]
[-326, 236, 450]
[-326, 236, 449]
[-326, 237, 448]
[-326, 237, 446]
[-326, 238, 445]
[-326, 238, 444]
[-326, 239, 443]
[-326, 239, 442]
[-326, 239, 441]
[-326, 240, 439]
[-326, 240, 438]
[-326, 241, 437]
[-326, 241, 436]
[-326, 242, 435]
[-327, 242, 433]
[-327, 242, 432]
[-327, 243, 431]
[-327, 243, 430]
[-327, 244, 429]
[-327, 244, 427]
[-327, 244, 426]
[-327, 245, 425]
[-327, 245, 424]
[-327, 245, 422]
[-327, 246, 421]
[-327, 246, 420]
[-327, 247, 419]
[-327, 247, 417]
[-327, 247, 416]
[-327, 248, 415]
[-327, 248, 414]
[-327, 248, 412]
[-327, 248, 411]
[-327, 249, 410]
[-327, 249, 409]
[-328, 249, 407]
[-328, 250, 406]
[-328, 250, 405]
[-328, 250, 403]
[-328, 251, 402]
[-328, 251, 401]
[-328, 251, 400]
[-328, 251, 398]
[-328, 252, 397]
[-328, 252, 396]
[-328, 252, 394]
[-328, 252, 393]
[-328, 252, 392]
[-328, 253, 391]
[-328, 253, 389]
[-329, 253, 388]
[-329, 253, 387]
[-329, 253, 385]
[-329, 254, 384]
[-329, 254, 383]
[-329, 254, 382]
[-329, 254, 380]
[-329, 254, 379]
[-329, 255, 378]
[-329, 255, 376]
[-329, 255, 375]
[-329, 255, 374]
[-329, 255, 372]
[-329, 255, 371]
[-330, 255, 370]
[-330, 255, 369]
[-330, 255, 367]
[-330, 256, 366]
[-330, 256, 365]
[-330, 256, 363]
[-330, 256, 362]
[-330, 256, 361]
[-330, 256, 360]
[-330, 256, 358]
[-330, 256, 357]
[-330, 256, 356]
[-330, 256, 355]
[-330, 256, 353]
[-330, 256, 352]
