# Curve Parameters
# y_end: 252
# loops: 1
# A (south bulge): 120
# B (lateral wiggle): 20
# samples: 350
#
# Analysis Results
# max_grade: 0.995629
# length_3d: 360.59
# length_2d: 316.42
# min_horiz_step: 0.222167
# status: OK
#
# Coordinates (x, y, z)
#==================================================

[-199, 98, 410]
[-199, 98, 411]
[-199, 98, 412]
[-199, 98, 413]
[-199, 98, 414]
[-199, 98, 415]
[-199, 98, 416]
[-199, 98, 417]
[-199, 98, 419]
[-199, 98, 420]
[-199, 98, 421]
[-199, 98, 422]
[-199, 99, 423]
[-199, 99, 424]
[-200, 99, 425]
[-200, 99, 426]
[-200, 99, 427]
[-200, 99, 428]
[-200, 99, 429]
[-200, 99, 430]
[-200, 99, 431]
[-200, 100, 432]
[-200, 100, 433]
[-200, 100, 434]
[-200, 100, 435]
[-200, 100, 436]
[-201, 100, 437]
[-201, 101, 438]
[-201, 101, 439]
[-201, 101, 440]
[-201, 101, 441]
[-201, 101, 442]
[-201, 102, 443]
[-201, 102, 444]
[-201, 102, 445]
[-202, 102, 446]
[-202, 103, 446]
[-202, 103, 447]
[-202, 103, 448]
[-202, 103, 449]
[-202, 104, 450]
[-202, 104, 451]
[-202, 104, 452]
[-202, 104, 453]
[-203, 105, 454]
[-203, 105, 455]
[-203, 105, 456]
[-203, 106, 456]
[-203, 106, 457]
[-203, 106, 458]
[-203, 107, 459]
[-203, 107, 460]
[-204, 107, 461]
[-204, 108, 461]
[-204, 108, 462]
[-204, 108, 463]
[-204, 109, 464]
[-204, 109, 465]
[-204, 109, 466]
[-204, 110, 466]
[-205, 110, 467]
[-205, 110, 468]
[-205, 111, 469]
[-205, 111, 469]
[-205, 112, 470]
[-205, 112, 471]
[-205, 112, 472]
[-206, 113, 472]
[-206, 113, 473]
[-206, 114, 474]
[-206, 114, 475]
[-206, 115, 475]
[-206, 115, 476]
[-207, 115, 477]
[-207, 116, 477]
[-207, 116, 478]
[-207, 117, 479]
[-207, 117, 479]
[-207, 118, 480]
[-208, 118, 481]
[-208, 119, 481]
[-208, 119, 482]
[-208, 120, 483]
[-208, 120, 483]
[-209, 120, 484]
[-209, 121, 484]
[-209, 121, 485]
[-209, 122, 486]
[-210, 122, 486]
[-210, 123, 487]
[-210, 123, 487]
[-210, 124, 488]
[-211, 124, 488]
[-211, 125, 489]
[-211, 125, 489]
[-212, 126, 490]
[-212, 127, 491]
[-212, 127, 491]
[-212, 128, 492]
[-213, 128, 492]
[-213, 129, 492]
[-213, 129, 493]
[-214, 130, 493]
[-214, 130, 494]
[-215, 131, 494]
[-215, 131, 495]
[-215, 132, 495]
[-216, 133, 496]
[-216, 133, 496]
[-217, 134, 496]
[-217, 134, 497]
[-217, 135, 497]
[-218, 135, 497]
[-218, 136, 498]
[-219, 137, 498]
[-219, 137, 498]
[-220, 138, 499]
[-220, 138, 499]
[-221, 139, 499]
[-221, 140, 500]
[-222, 140, 500]
[-222, 141, 500]
[-223, 141, 501]
[-224, 142, 501]
[-224, 143, 501]
[-225, 143, 501]
[-225, 144, 502]
[-226, 144, 502]
[-227, 145, 502]
[-227, 146, 502]
[-228, 146, 502]
[-228, 147, 503]
[-229, 147, 503]
[-230, 148, 503]
[-230, 149, 503]
[-231, 149, 503]
[-232, 150, 503]
[-233, 151, 503]
[-233, 151, 504]
[-234, 152, 504]
[-235, 152, 504]
[-236, 153, 504]
[-236, 154, 504]
[-237, 154, 504]
[-238, 155, 504]
[-239, 156, 504]
[-239, 156, 504]
[-240, 157, 504]
[-241, 158, 504]
[-242, 158, 504]
[-243, 159, 504]
[-243, 160, 504]
[-244, 160, 504]
[-245, 161, 504]
[-246, 161, 504]
[-247, 162, 504]
[-248, 163, 504]
[-249, 163, 504]
[-250, 164, 504]
[-250, 165, 504]
[-251, 165, 504]
[-252, 166, 503]
[-253, 167, 503]
[-254, 167, 503]
[-255, 168, 503]
[-256, 169, 503]
[-257, 169, 503]
[-258, 170, 503]
[-259, 171, 502]
[-259, 171, 502]
[-260, 172, 502]
[-261, 173, 502]
[-262, 173, 502]
[-263, 174, 501]
[-264, 175, 501]
[-265, 175, 501]
[-266, 176, 501]
[-267, 177, 500]
[-268, 177, 500]
[-269, 178, 500]
[-270, 179, 499]
[-270, 179, 499]
[-271, 180, 499]
[-272, 181, 499]
[-273, 181, 498]
[-274, 182, 498]
[-275, 183, 497]
[-276, 183, 497]
[-277, 184, 497]
[-278, 185, 496]
[-279, 185, 496]
[-279, 186, 496]
[-280, 187, 495]
[-281, 187, 495]
[-282, 188, 494]
[-283, 189, 494]
[-284, 189, 493]
[-285, 190, 493]
[-286, 190, 493]
[-286, 191, 492]
[-287, 192, 492]
[-288, 192, 491]
[-289, 193, 491]
[-290, 194, 490]
[-290, 194, 490]
[-291, 195, 489]
[-292, 196, 488]
[-293, 196, 488]
[-293, 197, 487]
[-294, 198, 487]
[-295, 198, 486]
[-296, 199, 486]
[-296, 199, 485]
[-297, 200, 484]
[-298, 201, 484]
[-299, 201, 483]
[-299, 202, 483]
[-300, 203, 482]
[-301, 203, 481]
[-301, 204, 481]
[-302, 204, 480]
[-302, 205, 479]
[-303, 206, 479]
[-304, 206, 478]
[-304, 207, 477]
[-305, 207, 477]
[-305, 208, 476]
[-306, 209, 475]
[-307, 209, 474]
[-307, 210, 474]
[-308, 210, 473]
[-308, 211, 472]
[-309, 212, 471]
[-309, 212, 471]
[-310, 213, 470]
[-310, 213, 469]
[-311, 214, 468]
[-311, 215, 468]
[-312, 215, 467]
[-312, 216, 466]
[-312, 216, 465]
[-313, 217, 464]
[-313, 217, 464]
[-314, 218, 463]
[-314, 219, 462]
[-314, 219, 461]
[-315, 220, 460]
[-315, 220, 459]
[-316, 221, 458]
[-316, 221, 458]
[-316, 222, 457]
[-317, 222, 456]
[-317, 223, 455]
[-317, 223, 454]
[-317, 224, 453]
[-318, 225, 452]
[-318, 225, 451]
[-318, 226, 450]
[-319, 226, 449]
[-319, 227, 449]
[-319, 227, 448]
[-319, 228, 447]
[-320, 228, 446]
[-320, 229, 445]
[-320, 229, 444]
[-320, 230, 443]
[-321, 230, 442]
[-321, 230, 441]
[-321, 231, 440]
[-321, 231, 439]
[-321, 232, 438]
[-322, 232, 437]
[-322, 233, 436]
[-322, 233, 435]
[-322, 234, 434]
[-322, 234, 433]
[-322, 235, 432]
[-323, 235, 431]
[-323, 235, 430]
[-323, 236, 429]
[-323, 236, 428]
[-323, 237, 427]
[-323, 237, 426]
[-324, 238, 425]
[-324, 238, 424]
[-324, 238, 423]
[-324, 239, 421]
[-324, 239, 420]
[-324, 240, 419]
[-324, 240, 418]
[-325, 240, 417]
[-325, 241, 416]
[-325, 241, 415]
[-325, 241, 414]
[-325, 242, 413]
[-325, 242, 412]
[-325, 242, 411]
[-325, 243, 410]
[-326, 243, 409]
[-326, 243, 407]
[-326, 244, 406]
[-326, 244, 405]
[-326, 244, 404]
[-326, 245, 403]
[-326, 245, 402]
[-326, 245, 401]
[-327, 246, 400]
[-327, 246, 399]
[-327, 246, 398]
[-327, 246, 396]
[-327, 247, 395]
[-327, 247, 394]
[-327, 247, 393]
[-327, 247, 392]
[-327, 248, 391]
[-328, 248, 390]
[-328, 248, 389]
[-328, 248, 387]
[-328, 249, 386]
[-328, 249, 385]
[-328, 249, 384]
[-328, 249, 383]
[-328, 249, 382]
[-328, 250, 381]
[-329, 250, 380]
[-329, 250, 379]
[-329, 250, 377]
[-329, 250, 376]
[-329, 250, 375]
[-329, 251, 374]
[-329, 251, 373]
[-329, 251, 372]
[-329, 251, 371]
[-329, 251, 370]
[-329, 251, 368]
[-329, 251, 367]
[-330, 251, 366]
[-330, 251, 365]
[-330, 252, 364]
[-330, 252, 363]
[-330, 252, 362]
[-330, 252, 361]
[-330, 252, 360]
[-330, 252, 359]
[-330, 252, 357]
[-330, 252, 356]
[-330, 252, 355]
[-330, 252, 354]
[-330, 252, 353]
[-330, 252, 352]
