# Curve Parameters
# y_end: 236
# loops: 1
# A (south bulge): 120
# B (lateral wiggle): 20
# samples: 350
#
# Analysis Results
# max_grade: 0.892187
# length_3d: 352.56
# length_2d: 316.42
# min_horiz_step: 0.222167
# status: OK
#
# Coordinates (x, y, z)
#==================================================

[-199, 98, 410]
[-199, 98, 411]
[-199, 98, 412]
[-199, 98, 413]
[-199, 98, 414]
[-199, 98, 415]
[-199, 98, 416]
[-199, 98, 417]
[-199, 98, 419]
[-199, 98, 420]
[-199, 98, 421]
[-199, 98, 422]
[-199, 98, 423]
[-199, 99, 424]
[-200, 99, 425]
[-200, 99, 426]
[-200, 99, 427]
[-200, 99, 428]
[-200, 99, 429]
[-200, 99, 430]
[-200, 99, 431]
[-200, 99, 432]
[-200, 100, 433]
[-200, 100, 434]
[-200, 100, 435]
[-200, 100, 436]
[-201, 100, 437]
[-201, 100, 438]
[-201, 101, 439]
[-201, 101, 440]
[-201, 101, 441]
[-201, 101, 442]
[-201, 101, 443]
[-201, 101, 444]
[-201, 102, 445]
[-202, 102, 446]
[-202, 102, 446]
[-202, 102, 447]
[-202, 103, 448]
[-202, 103, 449]
[-202, 103, 450]
[-202, 103, 451]
[-202, 104, 452]
[-202, 104, 453]
[-203, 104, 454]
[-203, 104, 455]
[-203, 105, 456]
[-203, 105, 456]
[-203, 105, 457]
[-203, 105, 458]
[-203, 106, 459]
[-203, 106, 460]
[-204, 106, 461]
[-204, 107, 461]
[-204, 107, 462]
[-204, 107, 463]
[-204, 108, 464]
[-204, 108, 465]
[-204, 108, 466]
[-204, 108, 466]
[-205, 109, 467]
[-205, 109, 468]
[-205, 110, 469]
[-205, 110, 469]
[-205, 110, 470]
[-205, 111, 471]
[-205, 111, 472]
[-206, 111, 472]
[-206, 112, 473]
[-206, 112, 474]
[-206, 112, 475]
[-206, 113, 475]
[-206, 113, 476]
[-207, 114, 477]
[-207, 114, 477]
[-207, 114, 478]
[-207, 115, 479]
[-207, 115, 479]
[-207, 116, 480]
[-208, 116, 481]
[-208, 116, 481]
[-208, 117, 482]
[-208, 117, 483]
[-208, 118, 483]
[-209, 118, 484]
[-209, 119, 484]
[-209, 119, 485]
[-209, 119, 486]
[-210, 120, 486]
[-210, 120, 487]
[-210, 121, 487]
[-210, 121, 488]
[-211, 122, 488]
[-211, 122, 489]
[-211, 123, 489]
[-212, 123, 490]
[-212, 124, 491]
[-212, 124, 491]
[-212, 125, 492]
[-213, 125, 492]
[-213, 125, 492]
[-213, 126, 493]
[-214, 126, 493]
[-214, 127, 494]
[-215, 127, 494]
[-215, 128, 495]
[-215, 128, 495]
[-216, 129, 496]
[-216, 129, 496]
[-217, 130, 496]
[-217, 130, 497]
[-217, 131, 497]
[-218, 132, 497]
[-218, 132, 498]
[-219, 133, 498]
[-219, 133, 498]
[-220, 134, 499]
[-220, 134, 499]
[-221, 135, 499]
[-221, 135, 500]
[-222, 136, 500]
[-222, 136, 500]
[-223, 137, 501]
[-224, 137, 501]
[-224, 138, 501]
[-225, 138, 501]
[-225, 139, 502]
[-226, 140, 502]
[-227, 140, 502]
[-227, 141, 502]
[-228, 141, 502]
[-228, 142, 503]
[-229, 142, 503]
[-230, 143, 503]
[-230, 143, 503]
[-231, 144, 503]
[-232, 145, 503]
[-233, 145, 503]
[-233, 146, 504]
[-234, 146, 504]
[-235, 147, 504]
[-236, 147, 504]
[-236, 148, 504]
[-237, 149, 504]
[-238, 149, 504]
[-239, 150, 504]
[-239, 150, 504]
[-240, 151, 504]
[-241, 151, 504]
[-242, 152, 504]
[-243, 153, 504]
[-243, 153, 504]
[-244, 154, 504]
[-245, 154, 504]
[-246, 155, 504]
[-247, 155, 504]
[-248, 156, 504]
[-249, 157, 504]
[-250, 157, 504]
[-250, 158, 504]
[-251, 158, 504]
[-252, 159, 503]
[-253, 160, 503]
[-254, 160, 503]
[-255, 161, 503]
[-256, 161, 503]
[-257, 162, 503]
[-258, 163, 503]
[-259, 163, 502]
[-259, 164, 502]
[-260, 164, 502]
[-261, 165, 502]
[-262, 166, 502]
[-263, 166, 501]
[-264, 167, 501]
[-265, 167, 501]
[-266, 168, 501]
[-267, 168, 500]
[-268, 169, 500]
[-269, 170, 500]
[-270, 170, 499]
[-270, 171, 499]
[-271, 171, 499]
[-272, 172, 499]
[-273, 173, 498]
[-274, 173, 498]
[-275, 174, 497]
[-276, 174, 497]
[-277, 175, 497]
[-278, 176, 496]
[-279, 176, 496]
[-279, 177, 496]
[-280, 177, 495]
[-281, 178, 495]
[-282, 179, 494]
[-283, 179, 494]
[-284, 180, 493]
[-285, 180, 493]
[-286, 181, 493]
[-286, 181, 492]
[-287, 182, 492]
[-288, 183, 491]
[-289, 183, 491]
[-290, 184, 490]
[-290, 184, 490]
[-291, 185, 489]
[-292, 185, 488]
[-293, 186, 488]
[-293, 187, 487]
[-294, 187, 487]
[-295, 188, 486]
[-296, 188, 486]
[-296, 189, 485]
[-297, 189, 484]
[-298, 190, 484]
[-299, 191, 483]
[-299, 191, 483]
[-300, 192, 482]
[-301, 192, 481]
[-301, 193, 481]
[-302, 193, 480]
[-302, 194, 479]
[-303, 194, 479]
[-304, 195, 478]
[-304, 196, 477]
[-305, 196, 477]
[-305, 197, 476]
[-306, 197, 475]
[-307, 198, 474]
[-307, 198, 474]
[-308, 199, 473]
[-308, 199, 472]
[-309, 200, 471]
[-309, 200, 471]
[-310, 201, 470]
[-310, 201, 469]
[-311, 202, 468]
[-311, 202, 468]
[-312, 203, 467]
[-312, 204, 466]
[-312, 204, 465]
[-313, 205, 464]
[-313, 205, 464]
[-314, 206, 463]
[-314, 206, 462]
[-314, 207, 461]
[-315, 207, 460]
[-315, 208, 459]
[-316, 208, 458]
[-316, 209, 458]
[-316, 209, 457]
[-317, 209, 456]
[-317, 210, 455]
[-317, 210, 454]
[-317, 211, 453]
[-318, 211, 452]
[-318, 212, 451]
[-318, 212, 450]
[-319, 213, 449]
[-319, 213, 449]
[-319, 214, 448]
[-319, 214, 447]
[-320, 215, 446]
[-320, 215, 445]
[-320, 215, 444]
[-320, 216, 443]
[-321, 216, 442]
[-321, 217, 441]
[-321, 217, 440]
[-321, 218, 439]
[-321, 218, 438]
[-322, 218, 437]
[-322, 219, 436]
[-322, 219, 435]
[-322, 220, 434]
[-322, 220, 433]
[-322, 220, 432]
[-323, 221, 431]
[-323, 221, 430]
[-323, 222, 429]
[-323, 222, 428]
[-323, 222, 427]
[-323, 223, 426]
[-324, 223, 425]
[-324, 223, 424]
[-324, 224, 423]
[-324, 224, 421]
[-324, 224, 420]
[-324, 225, 419]
[-324, 225, 418]
[-325, 226, 417]
[-325, 226, 416]
[-325, 226, 415]
[-325, 226, 414]
[-325, 227, 413]
[-325, 227, 412]
[-325, 227, 411]
[-325, 228, 410]
[-326, 228, 409]
[-326, 228, 407]
[-326, 229, 406]
[-326, 229, 405]
[-326, 229, 404]
[-326, 229, 403]
[-326, 230, 402]
[-326, 230, 401]
[-327, 230, 400]
[-327, 230, 399]
[-327, 231, 398]
[-327, 231, 396]
[-327, 231, 395]
[-327, 231, 394]
[-327, 232, 393]
[-327, 232, 392]
[-327, 232, 391]
[-328, 232, 390]
[-328, 233, 389]
[-328, 233, 387]
[-328, 233, 386]
[-328, 233, 385]
[-328, 233, 384]
[-328, 233, 383]
[-328, 234, 382]
[-328, 234, 381]
[-329, 234, 380]
[-329, 234, 379]
[-329, 234, 377]
[-329, 234, 376]
[-329, 235, 375]
[-329, 235, 374]
[-329, 235, 373]
[-329, 235, 372]
[-329, 235, 371]
[-329, 235, 370]
[-329, 235, 368]
[-329, 235, 367]
[-330, 235, 366]
[-330, 236, 365]
[-330, 236, 364]
[-330, 236, 363]
[-330, 236, 362]
[-330, 236, 361]
[-330, 236, 360]
[-330, 236, 359]
[-330, 236, 357]
[-330, 236, 356]
[-330, 236, 355]
[-330, 236, 354]
[-330, 236, 353]
[-330, 236, 352]
