# Curve Parameters
# y_end: 228
# loops: 1
# A (south bulge): 140
# B (lateral wiggle): 20
# samples: 350
#
# Analysis Results
# max_grade: 0.771590
# length_3d: 382.76
# length_2d: 352.40
# min_horiz_step: 0.249812
# status: OK
#
# Coordinates (x, y, z)
#==================================================

[-199, 98, 410]
[-199, 98, 411]
[-199, 98, 413]
[-199, 98, 414]
[-199, 98, 415]
[-199, 98, 416]
[-199, 98, 418]
[-199, 98, 419]
[-199, 98, 420]
[-199, 98, 421]
[-199, 98, 422]
[-199, 98, 424]
[-199, 98, 425]
[-199, 99, 426]
[-200, 99, 427]
[-200, 99, 429]
[-200, 99, 430]
[-200, 99, 431]
[-200, 99, 432]
[-200, 99, 433]
[-200, 99, 435]
[-200, 99, 436]
[-200, 99, 437]
[-200, 100, 438]
[-200, 100, 439]
[-200, 100, 440]
[-201, 100, 442]
[-201, 100, 443]
[-201, 100, 444]
[-201, 101, 445]
[-201, 101, 446]
[-201, 101, 447]
[-201, 101, 448]
[-201, 101, 450]
[-201, 101, 451]
[-202, 102, 452]
[-202, 102, 453]
[-202, 102, 454]
[-202, 102, 455]
[-202, 103, 456]
[-202, 103, 457]
[-202, 103, 458]
[-202, 103, 459]
[-202, 103, 460]
[-203, 104, 461]
[-203, 104, 463]
[-203, 104, 464]
[-203, 104, 465]
[-203, 105, 466]
[-203, 105, 467]
[-203, 105, 468]
[-203, 106, 469]
[-204, 106, 470]
[-204, 106, 471]
[-204, 106, 472]
[-204, 107, 473]
[-204, 107, 474]
[-204, 107, 475]
[-204, 108, 476]
[-204, 108, 476]
[-205, 108, 477]
[-205, 109, 478]
[-205, 109, 479]
[-205, 109, 480]
[-205, 110, 481]
[-205, 110, 482]
[-205, 110, 483]
[-206, 111, 484]
[-206, 111, 485]
[-206, 111, 486]
[-206, 112, 486]
[-206, 112, 487]
[-206, 112, 488]
[-207, 113, 489]
[-207, 113, 490]
[-207, 113, 491]
[-207, 114, 491]
[-207, 114, 492]
[-207, 115, 493]
[-208, 115, 494]
[-208, 115, 495]
[-208, 116, 495]
[-208, 116, 496]
[-208, 117, 497]
[-209, 117, 498]
[-209, 117, 498]
[-209, 118, 499]
[-209, 118, 500]
[-210, 119, 500]
[-210, 119, 501]
[-210, 119, 502]
[-210, 120, 503]
[-211, 120, 503]
[-211, 121, 504]
[-211, 121, 504]
[-212, 122, 505]
[-212, 122, 506]
[-212, 123, 506]
[-212, 123, 507]
[-213, 123, 508]
[-213, 124, 508]
[-213, 124, 509]
[-214, 125, 509]
[-214, 125, 510]
[-215, 126, 510]
[-215, 126, 511]
[-215, 127, 511]
[-216, 127, 512]
[-216, 128, 512]
[-217, 128, 513]
[-217, 129, 513]
[-217, 129, 514]
[-218, 130, 514]
[-218, 130, 515]
[-219, 131, 515]
[-219, 131, 516]
[-220, 132, 516]
[-220, 132, 516]
[-221, 133, 517]
[-221, 133, 517]
[-222, 134, 518]
[-222, 134, 518]
[-223, 135, 518]
[-224, 135, 519]
[-224, 136, 519]
[-225, 136, 519]
[-225, 137, 520]
[-226, 137, 520]
[-227, 138, 520]
[-227, 138, 521]
[-228, 139, 521]
[-228, 139, 521]
[-229, 140, 521]
[-230, 140, 521]
[-230, 141, 522]
[-231, 141, 522]
[-232, 142, 522]
[-233, 142, 522]
[-233, 143, 522]
[-234, 143, 523]
[-235, 144, 523]
[-236, 145, 523]
[-236, 145, 523]
[-237, 146, 523]
[-238, 146, 523]
[-239, 147, 523]
[-239, 147, 523]
[-240, 148, 524]
[-241, 148, 524]
[-242, 149, 524]
[-243, 149, 524]
[-243, 150, 524]
[-244, 150, 524]
[-245, 151, 524]
[-246, 152, 524]
[-247, 152, 524]
[-248, 153, 524]
[-249, 153, 524]
[-250, 154, 524]
[-250, 154, 523]
[-251, 155, 523]
[-252, 155, 523]
[-253, 156, 523]
[-254, 157, 523]
[-255, 157, 523]
[-256, 158, 523]
[-257, 158, 523]
[-258, 159, 523]
[-259, 159, 522]
[-259, 160, 522]
[-260, 160, 522]
[-261, 161, 522]
[-262, 162, 522]
[-263, 162, 521]
[-264, 163, 521]
[-265, 163, 521]
[-266, 164, 521]
[-267, 164, 520]
[-268, 165, 520]
[-269, 166, 520]
[-270, 166, 519]
[-270, 167, 519]
[-271, 167, 519]
[-272, 168, 518]
[-273, 168, 518]
[-274, 169, 518]
[-275, 169, 517]
[-276, 170, 517]
[-277, 171, 517]
[-278, 171, 516]
[-279, 172, 516]
[-279, 172, 515]
[-280, 173, 515]
[-281, 173, 514]
[-282, 174, 514]
[-283, 174, 514]
[-284, 175, 513]
[-285, 176, 513]
[-286, 176, 512]
[-286, 177, 512]
[-287, 177, 511]
[-288, 178, 510]
[-289, 178, 510]
[-290, 179, 509]
[-290, 179, 509]
[-291, 180, 508]
[-292, 180, 508]
[-293, 181, 507]
[-293, 181, 506]
[-294, 182, 506]
[-295, 183, 505]
[-296, 183, 505]
[-296, 184, 504]
[-297, 184, 503]
[-298, 185, 503]
[-299, 185, 502]
[-299, 186, 501]
[-300, 186, 500]
[-301, 187, 500]
[-301, 187, 499]
[-302, 188, 498]
[-302, 188, 498]
[-303, 189, 497]
[-304, 189, 496]
[-304, 190, 495]
[-305, 190, 495]
[-305, 191, 494]
[-306, 191, 493]
[-307, 192, 492]
[-307, 192, 491]
[-308, 193, 491]
[-308, 193, 490]
[-309, 194, 489]
[-309, 194, 488]
[-310, 195, 487]
[-310, 195, 486]
[-311, 196, 485]
[-311, 196, 485]
[-312, 197, 484]
[-312, 197, 483]
[-312, 198, 482]
[-313, 198, 481]
[-313, 199, 480]
[-314, 199, 479]
[-314, 200, 478]
[-314, 200, 477]
[-315, 201, 476]
[-315, 201, 475]
[-316, 202, 474]
[-316, 202, 473]
[-316, 203, 472]
[-317, 203, 471]
[-317, 203, 470]
[-317, 204, 469]
[-317, 204, 468]
[-318, 205, 467]
[-318, 205, 466]
[-318, 206, 465]
[-319, 206, 464]
[-319, 207, 463]
[-319, 207, 462]
[-319, 207, 461]
[-320, 208, 460]
[-320, 208, 459]
[-320, 209, 458]
[-320, 209, 457]
[-321, 209, 455]
[-321, 210, 454]
[-321, 210, 453]
[-321, 211, 452]
[-321, 211, 451]
[-322, 211, 450]
[-322, 212, 449]
[-322, 212, 448]
[-322, 213, 446]
[-322, 213, 445]
[-322, 213, 444]
[-323, 214, 443]
[-323, 214, 442]
[-323, 214, 441]
[-323, 215, 439]
[-323, 215, 438]
[-323, 215, 437]
[-324, 216, 436]
[-324, 216, 435]
[-324, 216, 433]
[-324, 217, 432]
[-324, 217, 431]
[-324, 217, 430]
[-324, 218, 429]
[-325, 218, 427]
[-325, 218, 426]
[-325, 219, 425]
[-325, 219, 424]
[-325, 219, 422]
[-325, 220, 421]
[-325, 220, 420]
[-325, 220, 419]
[-326, 220, 417]
[-326, 221, 416]
[-326, 221, 415]
[-326, 221, 414]
[-326, 222, 412]
[-326, 222, 411]
[-326, 222, 410]
[-326, 222, 409]
[-327, 223, 407]
[-327, 223, 406]
[-327, 223, 405]
[-327, 223, 403]
[-327, 223, 402]
[-327, 224, 401]
[-327, 224, 400]
[-327, 224, 398]
[-327, 224, 397]
[-328, 225, 396]
[-328, 225, 394]
[-328, 225, 393]
[-328, 225, 392]
[-328, 225, 391]
[-328, 225, 389]
[-328, 226, 388]
[-328, 226, 387]
[-328, 226, 385]
[-329, 226, 384]
[-329, 226, 383]
[-329, 226, 382]
[-329, 227, 380]
[-329, 227, 379]
[-329, 227, 378]
[-329, 227, 376]
[-329, 227, 375]
[-329, 227, 374]
[-329, 227, 372]
[-329, 227, 371]
[-329, 227, 370]
[-330, 227, 369]
[-330, 228, 367]
[-330, 228, 366]
[-330, 228, 365]
[-330, 228, 363]
[-330, 228, 362]
[-330, 228, 361]
[-330, 228, 360]
[-330, 228, 358]
[-330, 228, 357]
[-330, 228, 356]
[-330, 228, 355]
[-330, 228, 353]
[-330, 228, 352]
