# Curve Parameters
# y_end: 250
# loops: 1
# A (south bulge): 140
# B (lateral wiggle): 60
# samples: 350
#
# Analysis Results
# max_grade: 0.977017
# length_3d: 433.65
# length_2d: 398.86
# min_horiz_step: 0.220531
# status: OK
#
# Coordinates (x, y, z)
#==================================================

[-199, 98, 410]
[-199, 98, 411]
[-199, 98, 413]
[-199, 98, 414]
[-199, 98, 415]
[-199, 98, 416]
[-199, 98, 418]
[-199, 98, 419]
[-199, 98, 420]
[-199, 98, 421]
[-199, 98, 422]
[-199, 98, 424]
[-199, 99, 425]
[-199, 99, 426]
[-199, 99, 427]
[-199, 99, 429]
[-199, 99, 430]
[-199, 99, 431]
[-200, 99, 432]
[-200, 99, 433]
[-200, 99, 435]
[-200, 100, 436]
[-200, 100, 437]
[-200, 100, 438]
[-200, 100, 439]
[-200, 100, 440]
[-200, 100, 442]
[-200, 101, 443]
[-200, 101, 444]
[-200, 101, 445]
[-200, 101, 446]
[-200, 101, 447]
[-199, 102, 448]
[-199, 102, 450]
[-199, 102, 451]
[-199, 102, 452]
[-199, 103, 453]
[-199, 103, 454]
[-199, 103, 455]
[-199, 103, 456]
[-199, 104, 457]
[-199, 104, 458]
[-199, 104, 459]
[-198, 104, 460]
[-198, 105, 461]
[-198, 105, 463]
[-198, 105, 464]
[-198, 106, 465]
[-198, 106, 466]
[-198, 106, 467]
[-197, 106, 468]
[-197, 107, 469]
[-197, 107, 470]
[-197, 107, 471]
[-197, 108, 472]
[-196, 108, 473]
[-196, 108, 474]
[-196, 109, 475]
[-196, 109, 476]
[-196, 110, 476]
[-195, 110, 477]
[-195, 110, 478]
[-195, 111, 479]
[-195, 111, 480]
[-194, 111, 481]
[-194, 112, 482]
[-194, 112, 483]
[-194, 113, 484]
[-193, 113, 485]
[-193, 113, 486]
[-193, 114, 486]
[-193, 114, 487]
[-192, 115, 488]
[-192, 115, 489]
[-192, 116, 490]
[-192, 116, 491]
[-191, 116, 491]
[-191, 117, 492]
[-191, 117, 493]
[-191, 118, 494]
[-191, 118, 495]
[-190, 119, 495]
[-190, 119, 496]
[-190, 120, 497]
[-190, 120, 498]
[-190, 121, 498]
[-190, 121, 499]
[-189, 122, 500]
[-189, 122, 500]
[-189, 123, 501]
[-189, 123, 502]
[-189, 124, 503]
[-189, 124, 503]
[-189, 125, 504]
[-189, 125, 504]
[-189, 126, 505]
[-189, 126, 506]
[-189, 127, 506]
[-189, 127, 507]
[-189, 128, 508]
[-189, 128, 508]
[-189, 129, 509]
[-189, 129, 509]
[-190, 130, 510]
[-190, 130, 510]
[-190, 131, 511]
[-190, 132, 511]
[-190, 132, 512]
[-191, 133, 512]
[-191, 133, 513]
[-191, 134, 513]
[-192, 134, 514]
[-192, 135, 514]
[-192, 135, 515]
[-193, 136, 515]
[-193, 137, 516]
[-194, 137, 516]
[-194, 138, 516]
[-195, 138, 517]
[-195, 139, 517]
[-196, 140, 518]
[-197, 140, 518]
[-197, 141, 518]
[-198, 141, 519]
[-199, 142, 519]
[-199, 143, 519]
[-200, 143, 520]
[-201, 144, 520]
[-202, 144, 520]
[-203, 145, 521]
[-203, 146, 521]
[-204, 146, 521]
[-205, 147, 521]
[-206, 147, 521]
[-207, 148, 522]
[-208, 149, 522]
[-209, 149, 522]
[-210, 150, 522]
[-211, 151, 522]
[-213, 151, 523]
[-214, 152, 523]
[-215, 152, 523]
[-216, 153, 523]
[-217, 154, 523]
[-218, 154, 523]
[-220, 155, 523]
[-221, 156, 523]
[-222, 156, 524]
[-224, 157, 524]
[-225, 157, 524]
[-226, 158, 524]
[-228, 159, 524]
[-229, 159, 524]
[-231, 160, 524]
[-232, 161, 524]
[-234, 161, 524]
[-235, 162, 524]
[-237, 163, 524]
[-238, 163, 524]
[-240, 164, 523]
[-241, 165, 523]
[-243, 165, 523]
[-244, 166, 523]
[-246, 166, 523]
[-247, 167, 523]
[-249, 168, 523]
[-251, 168, 523]
[-252, 169, 523]
[-254, 170, 522]
[-255, 170, 522]
[-257, 171, 522]
[-259, 172, 522]
[-260, 172, 522]
[-262, 173, 521]
[-264, 174, 521]
[-265, 174, 521]
[-267, 175, 521]
[-269, 176, 520]
[-270, 176, 520]
[-272, 177, 520]
[-274, 178, 519]
[-275, 178, 519]
[-277, 179, 519]
[-278, 180, 518]
[-280, 180, 518]
[-282, 181, 518]
[-283, 182, 517]
[-285, 182, 517]
[-286, 183, 517]
[-288, 183, 516]
[-289, 184, 516]
[-291, 185, 515]
[-292, 185, 515]
[-294, 186, 514]
[-295, 187, 514]
[-297, 187, 514]
[-298, 188, 513]
[-300, 189, 513]
[-301, 189, 512]
[-303, 190, 512]
[-304, 191, 511]
[-305, 191, 510]
[-307, 192, 510]
[-308, 192, 509]
[-309, 193, 509]
[-311, 194, 508]
[-312, 194, 508]
[-313, 195, 507]
[-314, 196, 506]
[-315, 196, 506]
[-316, 197, 505]
[-318, 197, 505]
[-319, 198, 504]
[-320, 199, 503]
[-321, 199, 503]
[-322, 200, 502]
[-323, 201, 501]
[-324, 201, 500]
[-325, 202, 500]
[-326, 202, 499]
[-326, 203, 498]
[-327, 204, 498]
[-328, 204, 497]
[-329, 205, 496]
[-330, 205, 495]
[-330, 206, 495]
[-331, 207, 494]
[-332, 207, 493]
[-332, 208, 492]
[-333, 208, 491]
[-334, 209, 491]
[-334, 210, 490]
[-335, 210, 489]
[-335, 211, 488]
[-336, 211, 487]
[-336, 212, 486]
[-337, 213, 485]
[-337, 213, 485]
[-337, 214, 484]
[-338, 214, 483]
[-338, 215, 482]
[-338, 215, 481]
[-339, 216, 480]
[-339, 216, 479]
[-339, 217, 478]
[-339, 218, 477]
[-339, 218, 476]
[-340, 219, 475]
[-340, 219, 474]
[-340, 220, 473]
[-340, 220, 472]
[-340, 221, 471]
[-340, 221, 470]
[-340, 222, 469]
[-340, 222, 468]
[-340, 223, 467]
[-340, 223, 466]
[-340, 224, 465]
[-340, 224, 464]
[-340, 225, 463]
[-340, 225, 462]
[-340, 226, 461]
[-340, 226, 460]
[-339, 227, 459]
[-339, 227, 458]
[-339, 228, 457]
[-339, 228, 455]
[-339, 229, 454]
[-339, 229, 453]
[-338, 230, 452]
[-338, 230, 451]
[-338, 231, 450]
[-338, 231, 449]
[-338, 232, 448]
[-337, 232, 446]
[-337, 232, 445]
[-337, 233, 444]
[-337, 233, 443]
[-336, 234, 442]
[-336, 234, 441]
[-336, 235, 439]
[-336, 235, 438]
[-335, 235, 437]
[-335, 236, 436]
[-335, 236, 435]
[-335, 237, 433]
[-334, 237, 432]
[-334, 237, 431]
[-334, 238, 430]
[-334, 238, 429]
[-333, 238, 427]
[-333, 239, 426]
[-333, 239, 425]
[-333, 240, 424]
[-333, 240, 422]
[-332, 240, 421]
[-332, 241, 420]
[-332, 241, 419]
[-332, 241, 417]
[-332, 242, 416]
[-331, 242, 415]
[-331, 242, 414]
[-331, 242, 412]
[-331, 243, 411]
[-331, 243, 410]
[-331, 243, 409]
[-331, 244, 407]
[-330, 244, 406]
[-330, 244, 405]
[-330, 244, 403]
[-330, 245, 402]
[-330, 245, 401]
[-330, 245, 400]
[-330, 245, 398]
[-330, 246, 397]
[-330, 246, 396]
[-330, 246, 394]
[-330, 246, 393]
[-329, 247, 392]
[-329, 247, 391]
[-329, 247, 389]
[-329, 247, 388]
[-329, 247, 387]
[-329, 248, 385]
[-329, 248, 384]
[-329, 248, 383]
[-329, 248, 382]
[-329, 248, 380]
[-329, 248, 379]
[-329, 249, 378]
[-329, 249, 376]
[-329, 249, 375]
[-330, 249, 374]
[-330, 249, 372]
[-330, 249, 371]
[-330, 249, 370]
[-330, 249, 369]
[-330, 249, 367]
[-330, 250, 366]
[-330, 250, 365]
[-330, 250, 363]
[-330, 250, 362]
[-330, 250, 361]
[-330, 250, 360]
[-330, 250, 358]
[-330, 250, 357]
[-330, 250, 356]
[-330, 250, 355]
[-330, 250, 353]
[-330, 250, 352]
