# Curve Parameters
# y_end: 262
# loops: 1
# A (south bulge): 140
# B (lateral wiggle): 30
# samples: 350
#
# Analysis Results
# max_grade: 0.974271
# length_3d: 406.92
# length_2d: 362.28
# min_horiz_step: 0.243295
# status: OK
#
# Coordinates (x, y, z)
#==================================================

[-199, 98, 410]
[-199, 98, 411]
[-199, 98, 413]
[-199, 98, 414]
[-199, 98, 415]
[-199, 98, 416]
[-199, 98, 418]
[-199, 98, 419]
[-199, 98, 420]
[-199, 98, 421]
[-199, 98, 422]
[-199, 98, 424]
[-199, 99, 425]
[-199, 99, 426]
[-199, 99, 427]
[-200, 99, 429]
[-200, 99, 430]
[-200, 99, 431]
[-200, 99, 432]
[-200, 99, 433]
[-200, 100, 435]
[-200, 100, 436]
[-200, 100, 437]
[-200, 100, 438]
[-200, 100, 439]
[-200, 100, 440]
[-200, 101, 442]
[-200, 101, 443]
[-200, 101, 444]
[-201, 101, 445]
[-201, 101, 446]
[-201, 102, 447]
[-201, 102, 448]
[-201, 102, 450]
[-201, 102, 451]
[-201, 103, 452]
[-201, 103, 453]
[-201, 103, 454]
[-201, 103, 455]
[-201, 104, 456]
[-201, 104, 457]
[-201, 104, 458]
[-201, 105, 459]
[-201, 105, 460]
[-202, 105, 461]
[-202, 105, 463]
[-202, 106, 464]
[-202, 106, 465]
[-202, 106, 466]
[-202, 107, 467]
[-202, 107, 468]
[-202, 107, 469]
[-202, 108, 470]
[-202, 108, 471]
[-202, 109, 472]
[-202, 109, 473]
[-202, 109, 474]
[-202, 110, 475]
[-202, 110, 476]
[-202, 110, 476]
[-202, 111, 477]
[-202, 111, 478]
[-202, 112, 479]
[-202, 112, 480]
[-202, 113, 481]
[-203, 113, 482]
[-203, 113, 483]
[-203, 114, 484]
[-203, 114, 485]
[-203, 115, 486]
[-203, 115, 486]
[-203, 116, 487]
[-203, 116, 488]
[-203, 117, 489]
[-203, 117, 490]
[-203, 117, 491]
[-203, 118, 491]
[-203, 118, 492]
[-203, 119, 493]
[-203, 119, 494]
[-204, 120, 495]
[-204, 120, 495]
[-204, 121, 496]
[-204, 121, 497]
[-204, 122, 498]
[-204, 122, 498]
[-204, 123, 499]
[-204, 123, 500]
[-205, 124, 500]
[-205, 125, 501]
[-205, 125, 502]
[-205, 126, 503]
[-205, 126, 503]
[-205, 127, 504]
[-206, 127, 504]
[-206, 128, 505]
[-206, 128, 506]
[-206, 129, 506]
[-207, 130, 507]
[-207, 130, 508]
[-207, 131, 508]
[-207, 131, 509]
[-208, 132, 509]
[-208, 132, 510]
[-208, 133, 510]
[-209, 134, 511]
[-209, 134, 511]
[-209, 135, 512]
[-210, 135, 512]
[-210, 136, 513]
[-211, 137, 513]
[-211, 137, 514]
[-211, 138, 514]
[-212, 138, 515]
[-212, 139, 515]
[-213, 140, 516]
[-213, 140, 516]
[-214, 141, 516]
[-214, 142, 517]
[-215, 142, 517]
[-215, 143, 518]
[-216, 143, 518]
[-217, 144, 518]
[-217, 145, 519]
[-218, 145, 519]
[-218, 146, 519]
[-219, 147, 520]
[-220, 147, 520]
[-220, 148, 520]
[-221, 149, 521]
[-222, 149, 521]
[-222, 150, 521]
[-223, 151, 521]
[-224, 151, 521]
[-225, 152, 522]
[-225, 153, 522]
[-226, 153, 522]
[-227, 154, 522]
[-228, 155, 522]
[-229, 155, 523]
[-230, 156, 523]
[-230, 157, 523]
[-231, 157, 523]
[-232, 158, 523]
[-233, 159, 523]
[-234, 159, 523]
[-235, 160, 523]
[-236, 161, 524]
[-237, 161, 524]
[-238, 162, 524]
[-239, 163, 524]
[-240, 164, 524]
[-241, 164, 524]
[-242, 165, 524]
[-243, 166, 524]
[-244, 166, 524]
[-245, 167, 524]
[-246, 168, 524]
[-247, 168, 524]
[-248, 169, 523]
[-249, 170, 523]
[-250, 171, 523]
[-251, 171, 523]
[-252, 172, 523]
[-253, 173, 523]
[-254, 173, 523]
[-255, 174, 523]
[-256, 175, 523]
[-257, 175, 522]
[-258, 176, 522]
[-260, 177, 522]
[-261, 178, 522]
[-262, 178, 522]
[-263, 179, 521]
[-264, 180, 521]
[-265, 180, 521]
[-266, 181, 521]
[-267, 182, 520]
[-268, 182, 520]
[-269, 183, 520]
[-271, 184, 519]
[-272, 185, 519]
[-273, 185, 519]
[-274, 186, 518]
[-275, 187, 518]
[-276, 187, 518]
[-277, 188, 517]
[-278, 189, 517]
[-279, 189, 517]
[-280, 190, 516]
[-281, 191, 516]
[-282, 192, 515]
[-283, 192, 515]
[-284, 193, 514]
[-285, 194, 514]
[-286, 194, 514]
[-287, 195, 513]
[-288, 196, 513]
[-289, 196, 512]
[-290, 197, 512]
[-291, 198, 511]
[-292, 199, 510]
[-293, 199, 510]
[-294, 200, 509]
[-295, 201, 509]
[-296, 201, 508]
[-297, 202, 508]
[-298, 203, 507]
[-299, 203, 506]
[-299, 204, 506]
[-300, 205, 505]
[-301, 205, 505]
[-302, 206, 504]
[-303, 207, 503]
[-304, 207, 503]
[-304, 208, 502]
[-305, 209, 501]
[-306, 209, 500]
[-307, 210, 500]
[-307, 211, 499]
[-308, 211, 498]
[-309, 212, 498]
[-309, 213, 497]
[-310, 213, 496]
[-311, 214, 495]
[-311, 215, 495]
[-312, 215, 494]
[-312, 216, 493]
[-313, 217, 492]
[-314, 217, 491]
[-314, 218, 491]
[-315, 218, 490]
[-315, 219, 489]
[-316, 220, 488]
[-316, 220, 487]
[-317, 221, 486]
[-317, 222, 485]
[-318, 222, 485]
[-318, 223, 484]
[-318, 223, 483]
[-319, 224, 482]
[-319, 225, 481]
[-320, 225, 480]
[-320, 226, 479]
[-320, 226, 478]
[-321, 227, 477]
[-321, 228, 476]
[-321, 228, 475]
[-322, 229, 474]
[-322, 229, 473]
[-322, 230, 472]
[-322, 230, 471]
[-323, 231, 470]
[-323, 232, 469]
[-323, 232, 468]
[-323, 233, 467]
[-324, 233, 466]
[-324, 234, 465]
[-324, 234, 464]
[-324, 235, 463]
[-324, 235, 462]
[-324, 236, 461]
[-325, 237, 460]
[-325, 237, 459]
[-325, 238, 458]
[-325, 238, 457]
[-325, 239, 455]
[-325, 239, 454]
[-325, 240, 453]
[-325, 240, 452]
[-326, 241, 451]
[-326, 241, 450]
[-326, 242, 449]
[-326, 242, 448]
[-326, 243, 446]
[-326, 243, 445]
[-326, 243, 444]
[-326, 244, 443]
[-326, 244, 442]
[-326, 245, 441]
[-326, 245, 439]
[-326, 246, 438]
[-326, 246, 437]
[-326, 247, 436]
[-326, 247, 435]
[-327, 247, 433]
[-327, 248, 432]
[-327, 248, 431]
[-327, 249, 430]
[-327, 249, 429]
[-327, 250, 427]
[-327, 250, 426]
[-327, 250, 425]
[-327, 251, 424]
[-327, 251, 422]
[-327, 251, 421]
[-327, 252, 420]
[-327, 252, 419]
[-327, 253, 417]
[-327, 253, 416]
[-327, 253, 415]
[-327, 254, 414]
[-327, 254, 412]
[-327, 254, 411]
[-327, 255, 410]
[-327, 255, 409]
[-328, 255, 407]
[-328, 255, 406]
[-328, 256, 405]
[-328, 256, 403]
[-328, 256, 402]
[-328, 257, 401]
[-328, 257, 400]
[-328, 257, 398]
[-328, 257, 397]
[-328, 258, 396]
[-328, 258, 394]
[-328, 258, 393]
[-328, 258, 392]
[-328, 259, 391]
[-328, 259, 389]
[-329, 259, 388]
[-329, 259, 387]
[-329, 259, 385]
[-329, 260, 384]
[-329, 260, 383]
[-329, 260, 382]
[-329, 260, 380]
[-329, 260, 379]
[-329, 260, 378]
[-329, 261, 376]
[-329, 261, 375]
[-329, 261, 374]
[-329, 261, 372]
[-329, 261, 371]
[-330, 261, 370]
[-330, 261, 369]
[-330, 261, 367]
[-330, 262, 366]
[-330, 262, 365]
[-330, 262, 363]
[-330, 262, 362]
[-330, 262, 361]
[-330, 262, 360]
[-330, 262, 358]
[-330, 262, 357]
[-330, 262, 356]
[-330, 262, 355]
[-330, 262, 353]
[-330, 262, 352]
