# Curve Parameters
# y_end: 230
# loops: 1
# A (south bulge): 100
# B (lateral wiggle): 20
# samples: 350
#
# Analysis Results
# max_grade: 0.955648
# length_3d: 316.86
# length_2d: 281.12
# min_horiz_step: 0.190791
# status: OK
#
# Coordinates (x, y, z)
#==================================================

[-199, 98, 410]
[-199, 98, 411]
[-199, 98, 412]
[-199, 98, 413]
[-199, 98, 414]
[-199, 98, 414]
[-199, 98, 415]
[-199, 98, 416]
[-199, 98, 417]
[-199, 98, 418]
[-199, 98, 419]
[-199, 98, 420]
[-199, 98, 421]
[-199, 99, 421]
[-200, 99, 422]
[-200, 99, 423]
[-200, 99, 424]
[-200, 99, 425]
[-200, 99, 426]
[-200, 99, 427]
[-200, 99, 427]
[-200, 99, 428]
[-200, 100, 429]
[-200, 100, 430]
[-200, 100, 431]
[-200, 100, 431]
[-201, 100, 432]
[-201, 100, 433]
[-201, 100, 434]
[-201, 101, 435]
[-201, 101, 435]
[-201, 101, 436]
[-201, 101, 437]
[-201, 101, 438]
[-201, 102, 439]
[-202, 102, 439]
[-202, 102, 440]
[-202, 102, 441]
[-202, 102, 442]
[-202, 103, 442]
[-202, 103, 443]
[-202, 103, 444]
[-202, 103, 445]
[-202, 104, 445]
[-203, 104, 446]
[-203, 104, 447]
[-203, 104, 447]
[-203, 105, 448]
[-203, 105, 449]
[-203, 105, 450]
[-203, 105, 450]
[-203, 106, 451]
[-204, 106, 452]
[-204, 106, 452]
[-204, 107, 453]
[-204, 107, 454]
[-204, 107, 454]
[-204, 107, 455]
[-204, 108, 456]
[-204, 108, 456]
[-205, 108, 457]
[-205, 109, 457]
[-205, 109, 458]
[-205, 109, 459]
[-205, 110, 459]
[-205, 110, 460]
[-205, 110, 461]
[-206, 111, 461]
[-206, 111, 462]
[-206, 111, 462]
[-206, 112, 463]
[-206, 112, 463]
[-206, 113, 464]
[-207, 113, 465]
[-207, 113, 465]
[-207, 114, 466]
[-207, 114, 466]
[-207, 114, 467]
[-207, 115, 467]
[-208, 115, 468]
[-208, 116, 468]
[-208, 116, 469]
[-208, 116, 469]
[-208, 117, 470]
[-209, 117, 470]
[-209, 118, 471]
[-209, 118, 471]
[-209, 119, 472]
[-210, 119, 472]
[-210, 119, 472]
[-210, 120, 473]
[-210, 120, 473]
[-211, 121, 474]
[-211, 121, 474]
[-211, 122, 475]
[-212, 122, 475]
[-212, 122, 475]
[-212, 123, 476]
[-212, 123, 476]
[-213, 124, 476]
[-213, 124, 477]
[-213, 125, 477]
[-214, 125, 477]
[-214, 126, 478]
[-215, 126, 478]
[-215, 127, 478]
[-215, 127, 479]
[-216, 128, 479]
[-216, 128, 479]
[-217, 129, 480]
[-217, 129, 480]
[-217, 130, 480]
[-218, 130, 481]
[-218, 131, 481]
[-219, 131, 481]
[-219, 132, 481]
[-220, 132, 481]
[-220, 133, 482]
[-221, 133, 482]
[-221, 134, 482]
[-222, 134, 482]
[-222, 135, 483]
[-223, 135, 483]
[-224, 136, 483]
[-224, 136, 483]
[-225, 137, 483]
[-225, 137, 483]
[-226, 138, 484]
[-227, 138, 484]
[-227, 139, 484]
[-228, 139, 484]
[-228, 140, 484]
[-229, 140, 484]
[-230, 141, 484]
[-230, 141, 484]
[-231, 142, 484]
[-232, 143, 484]
[-233, 143, 485]
[-233, 144, 485]
[-234, 144, 485]
[-235, 145, 485]
[-236, 145, 485]
[-236, 146, 485]
[-237, 146, 485]
[-238, 147, 485]
[-239, 147, 485]
[-239, 148, 485]
[-240, 149, 485]
[-241, 149, 485]
[-242, 150, 485]
[-243, 150, 485]
[-243, 151, 485]
[-244, 151, 485]
[-245, 152, 484]
[-246, 152, 484]
[-247, 153, 484]
[-248, 154, 484]
[-249, 154, 484]
[-250, 155, 484]
[-250, 155, 484]
[-251, 156, 484]
[-252, 156, 484]
[-253, 157, 483]
[-254, 157, 483]
[-255, 158, 483]
[-256, 159, 483]
[-257, 159, 483]
[-258, 160, 483]
[-259, 160, 482]
[-259, 161, 482]
[-260, 161, 482]
[-261, 162, 482]
[-262, 163, 482]
[-263, 163, 481]
[-264, 164, 481]
[-265, 164, 481]
[-266, 165, 481]
[-267, 165, 480]
[-268, 166, 480]
[-269, 167, 480]
[-270, 167, 480]
[-270, 168, 479]
[-271, 168, 479]
[-272, 169, 479]
[-273, 169, 478]
[-274, 170, 478]
[-275, 171, 478]
[-276, 171, 477]
[-277, 172, 477]
[-278, 172, 477]
[-279, 173, 476]
[-279, 173, 476]
[-280, 174, 475]
[-281, 174, 475]
[-282, 175, 475]
[-283, 176, 474]
[-284, 176, 474]
[-285, 177, 473]
[-286, 177, 473]
[-286, 178, 473]
[-287, 178, 472]
[-288, 179, 472]
[-289, 179, 471]
[-290, 180, 471]
[-290, 181, 470]
[-291, 181, 470]
[-292, 182, 469]
[-293, 182, 469]
[-293, 183, 468]
[-294, 183, 468]
[-295, 184, 467]
[-296, 184, 467]
[-296, 185, 466]
[-297, 185, 466]
[-298, 186, 465]
[-299, 187, 465]
[-299, 187, 464]
[-300, 188, 463]
[-301, 188, 463]
[-301, 189, 462]
[-302, 189, 462]
[-302, 190, 461]
[-303, 190, 460]
[-304, 191, 460]
[-304, 191, 459]
[-305, 192, 459]
[-305, 192, 458]
[-306, 193, 457]
[-307, 193, 457]
[-307, 194, 456]
[-308, 194, 455]
[-308, 195, 455]
[-309, 195, 454]
[-309, 196, 453]
[-310, 196, 453]
[-310, 197, 452]
[-311, 197, 451]
[-311, 198, 451]
[-312, 198, 450]
[-312, 199, 449]
[-312, 199, 449]
[-313, 200, 448]
[-313, 200, 447]
[-314, 201, 446]
[-314, 201, 446]
[-314, 202, 445]
[-315, 202, 444]
[-315, 203, 443]
[-316, 203, 443]
[-316, 204, 442]
[-316, 204, 441]
[-317, 205, 440]
[-317, 205, 440]
[-317, 206, 439]
[-317, 206, 438]
[-318, 206, 437]
[-318, 207, 436]
[-318, 207, 436]
[-319, 208, 435]
[-319, 208, 434]
[-319, 209, 433]
[-319, 209, 432]
[-320, 209, 432]
[-320, 210, 431]
[-320, 210, 430]
[-320, 211, 429]
[-321, 211, 428]
[-321, 212, 427]
[-321, 212, 427]
[-321, 212, 426]
[-321, 213, 425]
[-322, 213, 424]
[-322, 214, 423]
[-322, 214, 422]
[-322, 214, 421]
[-322, 215, 421]
[-322, 215, 420]
[-323, 215, 419]
[-323, 216, 418]
[-323, 216, 417]
[-323, 217, 416]
[-323, 217, 415]
[-323, 217, 414]
[-324, 218, 413]
[-324, 218, 413]
[-324, 218, 412]
[-324, 219, 411]
[-324, 219, 410]
[-324, 219, 409]
[-324, 220, 408]
[-325, 220, 407]
[-325, 220, 406]
[-325, 221, 405]
[-325, 221, 404]
[-325, 221, 403]
[-325, 221, 402]
[-325, 222, 402]
[-325, 222, 401]
[-326, 222, 400]
[-326, 223, 399]
[-326, 223, 398]
[-326, 223, 397]
[-326, 223, 396]
[-326, 224, 395]
[-326, 224, 394]
[-326, 224, 393]
[-327, 224, 392]
[-327, 225, 391]
[-327, 225, 390]
[-327, 225, 389]
[-327, 225, 388]
[-327, 226, 387]
[-327, 226, 387]
[-327, 226, 386]
[-327, 226, 385]
[-328, 226, 384]
[-328, 227, 383]
[-328, 227, 382]
[-328, 227, 381]
[-328, 227, 380]
[-328, 227, 379]
[-328, 228, 378]
[-328, 228, 377]
[-328, 228, 376]
[-329, 228, 375]
[-329, 228, 374]
[-329, 228, 373]
[-329, 228, 372]
[-329, 229, 371]
[-329, 229, 370]
[-329, 229, 370]
[-329, 229, 369]
[-329, 229, 368]
[-329, 229, 367]
[-329, 229, 366]
[-329, 229, 365]
[-330, 229, 364]
[-330, 230, 363]
[-330, 230, 362]
[-330, 230, 361]
[-330, 230, 360]
[-330, 230, 359]
[-330, 230, 358]
[-330, 230, 357]
[-330, 230, 357]
[-330, 230, 356]
[-330, 230, 355]
[-330, 230, 354]
[-330, 230, 353]
[-330, 230, 352]
