# Curve Parameters
# y_end: 238
# loops: 1
# A (south bulge): 120
# B (lateral wiggle): 30
# samples: 350
#
# Analysis Results
# max_grade: 0.935596
# length_3d: 361.72
# length_2d: 326.08
# min_horiz_step: 0.210616
# status: OK
#
# Coordinates (x, y, z)
#==================================================

[-199, 98, 410]
[-199, 98, 411]
[-199, 98, 412]
[-199, 98, 413]
[-199, 98, 414]
[-199, 98, 415]
[-199, 98, 416]
[-199, 98, 417]
[-199, 98, 419]
[-199, 98, 420]
[-199, 98, 421]
[-199, 98, 422]
[-199, 98, 423]
[-199, 99, 424]
[-199, 99, 425]
[-200, 99, 426]
[-200, 99, 427]
[-200, 99, 428]
[-200, 99, 429]
[-200, 99, 430]
[-200, 99, 431]
[-200, 99, 432]
[-200, 100, 433]
[-200, 100, 434]
[-200, 100, 435]
[-200, 100, 436]
[-200, 100, 437]
[-200, 100, 438]
[-200, 101, 439]
[-201, 101, 440]
[-201, 101, 441]
[-201, 101, 442]
[-201, 101, 443]
[-201, 102, 444]
[-201, 102, 445]
[-201, 102, 446]
[-201, 102, 446]
[-201, 102, 447]
[-201, 103, 448]
[-201, 103, 449]
[-201, 103, 450]
[-201, 103, 451]
[-201, 104, 452]
[-201, 104, 453]
[-202, 104, 454]
[-202, 104, 455]
[-202, 105, 456]
[-202, 105, 456]
[-202, 105, 457]
[-202, 106, 458]
[-202, 106, 459]
[-202, 106, 460]
[-202, 106, 461]
[-202, 107, 461]
[-202, 107, 462]
[-202, 107, 463]
[-202, 108, 464]
[-202, 108, 465]
[-202, 108, 466]
[-202, 109, 466]
[-202, 109, 467]
[-202, 109, 468]
[-202, 110, 469]
[-202, 110, 469]
[-202, 110, 470]
[-203, 111, 471]
[-203, 111, 472]
[-203, 111, 472]
[-203, 112, 473]
[-203, 112, 474]
[-203, 113, 475]
[-203, 113, 475]
[-203, 113, 476]
[-203, 114, 477]
[-203, 114, 477]
[-203, 115, 478]
[-203, 115, 479]
[-203, 115, 479]
[-203, 116, 480]
[-203, 116, 481]
[-204, 117, 481]
[-204, 117, 482]
[-204, 118, 483]
[-204, 118, 483]
[-204, 118, 484]
[-204, 119, 484]
[-204, 119, 485]
[-204, 120, 486]
[-205, 120, 486]
[-205, 121, 487]
[-205, 121, 487]
[-205, 122, 488]
[-205, 122, 488]
[-205, 123, 489]
[-206, 123, 489]
[-206, 123, 490]
[-206, 124, 491]
[-206, 124, 491]
[-207, 125, 492]
[-207, 125, 492]
[-207, 126, 492]
[-207, 126, 493]
[-208, 127, 493]
[-208, 127, 494]
[-208, 128, 494]
[-209, 128, 495]
[-209, 129, 495]
[-209, 129, 496]
[-210, 130, 496]
[-210, 130, 496]
[-211, 131, 497]
[-211, 131, 497]
[-211, 132, 497]
[-212, 133, 498]
[-212, 133, 498]
[-213, 134, 498]
[-213, 134, 499]
[-214, 135, 499]
[-214, 135, 499]
[-215, 136, 500]
[-215, 136, 500]
[-216, 137, 500]
[-217, 137, 501]
[-217, 138, 501]
[-218, 138, 501]
[-218, 139, 501]
[-219, 140, 502]
[-220, 140, 502]
[-220, 141, 502]
[-221, 141, 502]
[-222, 142, 502]
[-222, 142, 503]
[-223, 143, 503]
[-224, 143, 503]
[-225, 144, 503]
[-225, 145, 503]
[-226, 145, 503]
[-227, 146, 503]
[-228, 146, 504]
[-229, 147, 504]
[-230, 148, 504]
[-230, 148, 504]
[-231, 149, 504]
[-232, 149, 504]
[-233, 150, 504]
[-234, 150, 504]
[-235, 151, 504]
[-236, 152, 504]
[-237, 152, 504]
[-238, 153, 504]
[-239, 153, 504]
[-240, 154, 504]
[-241, 155, 504]
[-242, 155, 504]
[-243, 156, 504]
[-244, 156, 504]
[-245, 157, 504]
[-246, 158, 504]
[-247, 158, 504]
[-248, 159, 504]
[-249, 159, 504]
[-250, 160, 503]
[-251, 160, 503]
[-252, 161, 503]
[-253, 162, 503]
[-254, 162, 503]
[-255, 163, 503]
[-256, 163, 503]
[-257, 164, 502]
[-258, 165, 502]
[-260, 165, 502]
[-261, 166, 502]
[-262, 166, 502]
[-263, 167, 501]
[-264, 168, 501]
[-265, 168, 501]
[-266, 169, 501]
[-267, 170, 500]
[-268, 170, 500]
[-269, 171, 500]
[-271, 171, 499]
[-272, 172, 499]
[-273, 173, 499]
[-274, 173, 499]
[-275, 174, 498]
[-276, 174, 498]
[-277, 175, 497]
[-278, 176, 497]
[-279, 176, 497]
[-280, 177, 496]
[-281, 177, 496]
[-282, 178, 496]
[-283, 178, 495]
[-284, 179, 495]
[-285, 180, 494]
[-286, 180, 494]
[-287, 181, 493]
[-288, 181, 493]
[-289, 182, 493]
[-290, 183, 492]
[-291, 183, 492]
[-292, 184, 491]
[-293, 184, 491]
[-294, 185, 490]
[-295, 186, 490]
[-296, 186, 489]
[-297, 187, 488]
[-298, 187, 488]
[-299, 188, 487]
[-299, 188, 487]
[-300, 189, 486]
[-301, 190, 486]
[-302, 190, 485]
[-303, 191, 484]
[-304, 191, 484]
[-304, 192, 483]
[-305, 193, 483]
[-306, 193, 482]
[-307, 194, 481]
[-307, 194, 481]
[-308, 195, 480]
[-309, 195, 479]
[-309, 196, 479]
[-310, 196, 478]
[-311, 197, 477]
[-311, 198, 477]
[-312, 198, 476]
[-312, 199, 475]
[-313, 199, 474]
[-314, 200, 474]
[-314, 200, 473]
[-315, 201, 472]
[-315, 201, 471]
[-316, 202, 471]
[-316, 202, 470]
[-317, 203, 469]
[-317, 203, 468]
[-318, 204, 468]
[-318, 205, 467]
[-318, 205, 466]
[-319, 206, 465]
[-319, 206, 464]
[-320, 207, 464]
[-320, 207, 463]
[-320, 208, 462]
[-321, 208, 461]
[-321, 209, 460]
[-321, 209, 459]
[-322, 210, 458]
[-322, 210, 458]
[-322, 211, 457]
[-322, 211, 456]
[-323, 212, 455]
[-323, 212, 454]
[-323, 213, 453]
[-323, 213, 452]
[-324, 213, 451]
[-324, 214, 450]
[-324, 214, 449]
[-324, 215, 449]
[-324, 215, 448]
[-324, 216, 447]
[-325, 216, 446]
[-325, 217, 445]
[-325, 217, 444]
[-325, 218, 443]
[-325, 218, 442]
[-325, 218, 441]
[-325, 219, 440]
[-325, 219, 439]
[-326, 220, 438]
[-326, 220, 437]
[-326, 221, 436]
[-326, 221, 435]
[-326, 221, 434]
[-326, 222, 433]
[-326, 222, 432]
[-326, 223, 431]
[-326, 223, 430]
[-326, 223, 429]
[-326, 224, 428]
[-326, 224, 427]
[-326, 225, 426]
[-326, 225, 425]
[-326, 225, 424]
[-327, 226, 423]
[-327, 226, 421]
[-327, 226, 420]
[-327, 227, 419]
[-327, 227, 418]
[-327, 227, 417]
[-327, 228, 416]
[-327, 228, 415]
[-327, 228, 414]
[-327, 229, 413]
[-327, 229, 412]
[-327, 229, 411]
[-327, 230, 410]
[-327, 230, 409]
[-327, 230, 407]
[-327, 230, 406]
[-327, 231, 405]
[-327, 231, 404]
[-327, 231, 403]
[-327, 232, 402]
[-327, 232, 401]
[-328, 232, 400]
[-328, 232, 399]
[-328, 233, 398]
[-328, 233, 396]
[-328, 233, 395]
[-328, 233, 394]
[-328, 234, 393]
[-328, 234, 392]
[-328, 234, 391]
[-328, 234, 390]
[-328, 234, 389]
[-328, 235, 387]
[-328, 235, 386]
[-328, 235, 385]
[-328, 235, 384]
[-329, 235, 383]
[-329, 236, 382]
[-329, 236, 381]
[-329, 236, 380]
[-329, 236, 379]
[-329, 236, 377]
[-329, 236, 376]
[-329, 237, 375]
[-329, 237, 374]
[-329, 237, 373]
[-329, 237, 372]
[-329, 237, 371]
[-329, 237, 370]
[-329, 237, 368]
[-330, 237, 367]
[-330, 237, 366]
[-330, 238, 365]
[-330, 238, 364]
[-330, 238, 363]
[-330, 238, 362]
[-330, 238, 361]
[-330, 238, 360]
[-330, 238, 359]
[-330, 238, 357]
[-330, 238, 356]
[-330, 238, 355]
[-330, 238, 354]
[-330, 238, 353]
[-330, 238, 352]
