# Curve Parameters
# y_end: 250
# loops: 1
# A (south bulge): 140
# B (lateral wiggle): 40
# samples: 350
#
# Analysis Results
# max_grade: 0.922544
# length_3d: 410.66
# length_2d: 373.34
# min_horiz_step: 0.235202
# status: OK
#
# Coordinates (x, y, z)
#==================================================

[-199, 98, 410]
[-199, 98, 411]
[-199, 98, 413]
[-199, 98, 414]
[-199, 98, 415]
[-199, 98, 416]
[-199, 98, 418]
[-199, 98, 419]
[-199, 98, 420]
[-199, 98, 421]
[-199, 98, 422]
[-199, 98, 424]
[-199, 99, 425]
[-199, 99, 426]
[-199, 99, 427]
[-200, 99, 429]
[-200, 99, 430]
[-200, 99, 431]
[-200, 99, 432]
[-200, 99, 433]
[-200, 99, 435]
[-200, 100, 436]
[-200, 100, 437]
[-200, 100, 438]
[-200, 100, 439]
[-200, 100, 440]
[-200, 100, 442]
[-200, 101, 443]
[-200, 101, 444]
[-200, 101, 445]
[-200, 101, 446]
[-200, 101, 447]
[-200, 102, 448]
[-200, 102, 450]
[-200, 102, 451]
[-200, 102, 452]
[-200, 103, 453]
[-200, 103, 454]
[-200, 103, 455]
[-200, 103, 456]
[-200, 104, 457]
[-200, 104, 458]
[-200, 104, 459]
[-200, 104, 460]
[-200, 105, 461]
[-200, 105, 463]
[-200, 105, 464]
[-200, 106, 465]
[-200, 106, 466]
[-200, 106, 467]
[-200, 106, 468]
[-200, 107, 469]
[-200, 107, 470]
[-200, 107, 471]
[-200, 108, 472]
[-200, 108, 473]
[-200, 108, 474]
[-200, 109, 475]
[-200, 109, 476]
[-200, 110, 476]
[-200, 110, 477]
[-200, 110, 478]
[-200, 111, 479]
[-200, 111, 480]
[-200, 111, 481]
[-200, 112, 482]
[-200, 112, 483]
[-200, 113, 484]
[-200, 113, 485]
[-200, 113, 486]
[-199, 114, 486]
[-199, 114, 487]
[-199, 115, 488]
[-199, 115, 489]
[-199, 116, 490]
[-199, 116, 491]
[-199, 116, 491]
[-199, 117, 492]
[-199, 117, 493]
[-199, 118, 494]
[-199, 118, 495]
[-199, 119, 495]
[-199, 119, 496]
[-199, 120, 497]
[-199, 120, 498]
[-199, 121, 498]
[-199, 121, 499]
[-199, 122, 500]
[-200, 122, 500]
[-200, 123, 501]
[-200, 123, 502]
[-200, 124, 503]
[-200, 124, 503]
[-200, 125, 504]
[-200, 125, 504]
[-200, 126, 505]
[-200, 126, 506]
[-201, 127, 506]
[-201, 127, 507]
[-201, 128, 508]
[-201, 128, 508]
[-201, 129, 509]
[-202, 129, 509]
[-202, 130, 510]
[-202, 130, 510]
[-202, 131, 511]
[-203, 132, 511]
[-203, 132, 512]
[-203, 133, 512]
[-204, 133, 513]
[-204, 134, 513]
[-205, 134, 514]
[-205, 135, 514]
[-205, 135, 515]
[-206, 136, 515]
[-206, 137, 516]
[-207, 137, 516]
[-207, 138, 516]
[-208, 138, 517]
[-208, 139, 517]
[-209, 140, 518]
[-210, 140, 518]
[-210, 141, 518]
[-211, 141, 519]
[-211, 142, 519]
[-212, 143, 519]
[-213, 143, 520]
[-213, 144, 520]
[-214, 144, 520]
[-215, 145, 521]
[-216, 146, 521]
[-216, 146, 521]
[-217, 147, 521]
[-218, 147, 521]
[-219, 148, 522]
[-220, 149, 522]
[-221, 149, 522]
[-221, 150, 522]
[-222, 151, 522]
[-223, 151, 523]
[-224, 152, 523]
[-225, 152, 523]
[-226, 153, 523]
[-227, 154, 523]
[-228, 154, 523]
[-229, 155, 523]
[-230, 156, 523]
[-231, 156, 524]
[-232, 157, 524]
[-233, 157, 524]
[-235, 158, 524]
[-236, 159, 524]
[-237, 159, 524]
[-238, 160, 524]
[-239, 161, 524]
[-240, 161, 524]
[-241, 162, 524]
[-243, 163, 524]
[-244, 163, 524]
[-245, 164, 523]
[-246, 165, 523]
[-247, 165, 523]
[-249, 166, 523]
[-250, 166, 523]
[-251, 167, 523]
[-252, 168, 523]
[-254, 168, 523]
[-255, 169, 523]
[-256, 170, 522]
[-257, 170, 522]
[-259, 171, 522]
[-260, 172, 522]
[-261, 172, 522]
[-263, 173, 521]
[-264, 174, 521]
[-265, 174, 521]
[-266, 175, 521]
[-268, 176, 520]
[-269, 176, 520]
[-270, 177, 520]
[-272, 178, 519]
[-273, 178, 519]
[-274, 179, 519]
[-275, 180, 518]
[-277, 180, 518]
[-278, 181, 518]
[-279, 182, 517]
[-280, 182, 517]
[-282, 183, 517]
[-283, 183, 516]
[-284, 184, 516]
[-285, 185, 515]
[-286, 185, 515]
[-288, 186, 514]
[-289, 187, 514]
[-290, 187, 514]
[-291, 188, 513]
[-292, 189, 513]
[-293, 189, 512]
[-294, 190, 512]
[-296, 191, 511]
[-297, 191, 510]
[-298, 192, 510]
[-299, 192, 509]
[-300, 193, 509]
[-301, 194, 508]
[-302, 194, 508]
[-303, 195, 507]
[-304, 196, 506]
[-305, 196, 506]
[-306, 197, 505]
[-307, 197, 505]
[-308, 198, 504]
[-308, 199, 503]
[-309, 199, 503]
[-310, 200, 502]
[-311, 201, 501]
[-312, 201, 500]
[-313, 202, 500]
[-313, 202, 499]
[-314, 203, 498]
[-315, 204, 498]
[-316, 204, 497]
[-316, 205, 496]
[-317, 205, 495]
[-318, 206, 495]
[-318, 207, 494]
[-319, 207, 493]
[-319, 208, 492]
[-320, 208, 491]
[-321, 209, 491]
[-321, 210, 490]
[-322, 210, 489]
[-322, 211, 488]
[-323, 211, 487]
[-323, 212, 486]
[-324, 213, 485]
[-324, 213, 485]
[-324, 214, 484]
[-325, 214, 483]
[-325, 215, 482]
[-326, 215, 481]
[-326, 216, 480]
[-326, 216, 479]
[-327, 217, 478]
[-327, 218, 477]
[-327, 218, 476]
[-327, 219, 475]
[-328, 219, 474]
[-328, 220, 473]
[-328, 220, 472]
[-328, 221, 471]
[-328, 221, 470]
[-329, 222, 469]
[-329, 222, 468]
[-329, 223, 467]
[-329, 223, 466]
[-329, 224, 465]
[-329, 224, 464]
[-329, 225, 463]
[-329, 225, 462]
[-329, 226, 461]
[-330, 226, 460]
[-330, 227, 459]
[-330, 227, 458]
[-330, 228, 457]
[-330, 228, 455]
[-330, 229, 454]
[-330, 229, 453]
[-330, 230, 452]
[-330, 230, 451]
[-330, 231, 450]
[-330, 231, 449]
[-330, 232, 448]
[-330, 232, 446]
[-330, 232, 445]
[-330, 233, 444]
[-330, 233, 443]
[-330, 234, 442]
[-330, 234, 441]
[-329, 235, 439]
[-329, 235, 438]
[-329, 235, 437]
[-329, 236, 436]
[-329, 236, 435]
[-329, 237, 433]
[-329, 237, 432]
[-329, 237, 431]
[-329, 238, 430]
[-329, 238, 429]
[-329, 238, 427]
[-329, 239, 426]
[-329, 239, 425]
[-329, 240, 424]
[-329, 240, 422]
[-329, 240, 421]
[-329, 241, 420]
[-329, 241, 419]
[-329, 241, 417]
[-329, 242, 416]
[-329, 242, 415]
[-329, 242, 414]
[-329, 242, 412]
[-329, 243, 411]
[-329, 243, 410]
[-329, 243, 409]
[-329, 244, 407]
[-329, 244, 406]
[-329, 244, 405]
[-329, 244, 403]
[-329, 245, 402]
[-329, 245, 401]
[-329, 245, 400]
[-329, 245, 398]
[-329, 246, 397]
[-329, 246, 396]
[-329, 246, 394]
[-329, 246, 393]
[-329, 247, 392]
[-329, 247, 391]
[-329, 247, 389]
[-329, 247, 388]
[-329, 247, 387]
[-329, 248, 385]
[-329, 248, 384]
[-329, 248, 383]
[-329, 248, 382]
[-329, 248, 380]
[-329, 248, 379]
[-329, 249, 378]
[-329, 249, 376]
[-329, 249, 375]
[-329, 249, 374]
[-329, 249, 372]
[-329, 249, 371]
[-330, 249, 370]
[-330, 249, 369]
[-330, 249, 367]
[-330, 250, 366]
[-330, 250, 365]
[-330, 250, 363]
[-330, 250, 362]
[-330, 250, 361]
[-330, 250, 360]
[-330, 250, 358]
[-330, 250, 357]
[-330, 250, 356]
[-330, 250, 355]
[-330, 250, 353]
[-330, 250, 352]
