# Curve Parameters
# y_end: 226
# loops: 1
# A (south bulge): 140
# B (lateral wiggle): 30
# samples: 350
#
# Analysis Results
# max_grade: 0.760407
# length_3d: 390.45
# length_2d: 362.28
# min_horiz_step: 0.243295
# status: OK
#
# Coordinates (x, y, z)
#==================================================

[-199, 98, 410]
[-199, 98, 411]
[-199, 98, 413]
[-199, 98, 414]
[-199, 98, 415]
[-199, 98, 416]
[-199, 98, 418]
[-199, 98, 419]
[-199, 98, 420]
[-199, 98, 421]
[-199, 98, 422]
[-199, 98, 424]
[-199, 98, 425]
[-199, 99, 426]
[-199, 99, 427]
[-200, 99, 429]
[-200, 99, 430]
[-200, 99, 431]
[-200, 99, 432]
[-200, 99, 433]
[-200, 99, 435]
[-200, 99, 436]
[-200, 99, 437]
[-200, 100, 438]
[-200, 100, 439]
[-200, 100, 440]
[-200, 100, 442]
[-200, 100, 443]
[-200, 100, 444]
[-201, 101, 445]
[-201, 101, 446]
[-201, 101, 447]
[-201, 101, 448]
[-201, 101, 450]
[-201, 101, 451]
[-201, 102, 452]
[-201, 102, 453]
[-201, 102, 454]
[-201, 102, 455]
[-201, 102, 456]
[-201, 103, 457]
[-201, 103, 458]
[-201, 103, 459]
[-201, 103, 460]
[-202, 104, 461]
[-202, 104, 463]
[-202, 104, 464]
[-202, 104, 465]
[-202, 105, 466]
[-202, 105, 467]
[-202, 105, 468]
[-202, 105, 469]
[-202, 106, 470]
[-202, 106, 471]
[-202, 106, 472]
[-202, 107, 473]
[-202, 107, 474]
[-202, 107, 475]
[-202, 107, 476]
[-202, 108, 476]
[-202, 108, 477]
[-202, 108, 478]
[-202, 109, 479]
[-202, 109, 480]
[-202, 109, 481]
[-203, 110, 482]
[-203, 110, 483]
[-203, 110, 484]
[-203, 111, 485]
[-203, 111, 486]
[-203, 111, 486]
[-203, 112, 487]
[-203, 112, 488]
[-203, 112, 489]
[-203, 113, 490]
[-203, 113, 491]
[-203, 114, 491]
[-203, 114, 492]
[-203, 114, 493]
[-203, 115, 494]
[-204, 115, 495]
[-204, 115, 495]
[-204, 116, 496]
[-204, 116, 497]
[-204, 117, 498]
[-204, 117, 498]
[-204, 117, 499]
[-204, 118, 500]
[-205, 118, 500]
[-205, 119, 501]
[-205, 119, 502]
[-205, 120, 503]
[-205, 120, 503]
[-205, 120, 504]
[-206, 121, 504]
[-206, 121, 505]
[-206, 122, 506]
[-206, 122, 506]
[-207, 123, 507]
[-207, 123, 508]
[-207, 124, 508]
[-207, 124, 509]
[-208, 124, 509]
[-208, 125, 510]
[-208, 125, 510]
[-209, 126, 511]
[-209, 126, 511]
[-209, 127, 512]
[-210, 127, 512]
[-210, 128, 513]
[-211, 128, 513]
[-211, 129, 514]
[-211, 129, 514]
[-212, 130, 515]
[-212, 130, 515]
[-213, 131, 516]
[-213, 131, 516]
[-214, 132, 516]
[-214, 132, 517]
[-215, 132, 517]
[-215, 133, 518]
[-216, 133, 518]
[-217, 134, 518]
[-217, 134, 519]
[-218, 135, 519]
[-218, 135, 519]
[-219, 136, 520]
[-220, 137, 520]
[-220, 137, 520]
[-221, 138, 521]
[-222, 138, 521]
[-222, 139, 521]
[-223, 139, 521]
[-224, 140, 521]
[-225, 140, 522]
[-225, 141, 522]
[-226, 141, 522]
[-227, 142, 522]
[-228, 142, 522]
[-229, 143, 523]
[-230, 143, 523]
[-230, 144, 523]
[-231, 144, 523]
[-232, 145, 523]
[-233, 145, 523]
[-234, 146, 523]
[-235, 146, 523]
[-236, 147, 524]
[-237, 148, 524]
[-238, 148, 524]
[-239, 149, 524]
[-240, 149, 524]
[-241, 150, 524]
[-242, 150, 524]
[-243, 151, 524]
[-244, 151, 524]
[-245, 152, 524]
[-246, 152, 524]
[-247, 153, 524]
[-248, 153, 523]
[-249, 154, 523]
[-250, 155, 523]
[-251, 155, 523]
[-252, 156, 523]
[-253, 156, 523]
[-254, 157, 523]
[-255, 157, 523]
[-256, 158, 523]
[-257, 158, 522]
[-258, 159, 522]
[-260, 160, 522]
[-261, 160, 522]
[-262, 161, 522]
[-263, 161, 521]
[-264, 162, 521]
[-265, 162, 521]
[-266, 163, 521]
[-267, 163, 520]
[-268, 164, 520]
[-269, 164, 520]
[-271, 165, 519]
[-272, 166, 519]
[-273, 166, 519]
[-274, 167, 518]
[-275, 167, 518]
[-276, 168, 518]
[-277, 168, 517]
[-278, 169, 517]
[-279, 169, 517]
[-280, 170, 516]
[-281, 171, 516]
[-282, 171, 515]
[-283, 172, 515]
[-284, 172, 514]
[-285, 173, 514]
[-286, 173, 514]
[-287, 174, 513]
[-288, 174, 513]
[-289, 175, 512]
[-290, 175, 512]
[-291, 176, 511]
[-292, 176, 510]
[-293, 177, 510]
[-294, 178, 509]
[-295, 178, 509]
[-296, 179, 508]
[-297, 179, 508]
[-298, 180, 507]
[-299, 180, 506]
[-299, 181, 506]
[-300, 181, 505]
[-301, 182, 505]
[-302, 182, 504]
[-303, 183, 503]
[-304, 183, 503]
[-304, 184, 502]
[-305, 184, 501]
[-306, 185, 500]
[-307, 185, 500]
[-307, 186, 499]
[-308, 186, 498]
[-309, 187, 498]
[-309, 187, 497]
[-310, 188, 496]
[-311, 189, 495]
[-311, 189, 495]
[-312, 190, 494]
[-312, 190, 493]
[-313, 191, 492]
[-314, 191, 491]
[-314, 192, 491]
[-315, 192, 490]
[-315, 192, 489]
[-316, 193, 488]
[-316, 193, 487]
[-317, 194, 486]
[-317, 194, 485]
[-318, 195, 485]
[-318, 195, 484]
[-318, 196, 483]
[-319, 196, 482]
[-319, 197, 481]
[-320, 197, 480]
[-320, 198, 479]
[-320, 198, 478]
[-321, 199, 477]
[-321, 199, 476]
[-321, 200, 475]
[-322, 200, 474]
[-322, 200, 473]
[-322, 201, 472]
[-322, 201, 471]
[-323, 202, 470]
[-323, 202, 469]
[-323, 203, 468]
[-323, 203, 467]
[-324, 204, 466]
[-324, 204, 465]
[-324, 204, 464]
[-324, 205, 463]
[-324, 205, 462]
[-324, 206, 461]
[-325, 206, 460]
[-325, 207, 459]
[-325, 207, 458]
[-325, 207, 457]
[-325, 208, 455]
[-325, 208, 454]
[-325, 209, 453]
[-325, 209, 452]
[-326, 209, 451]
[-326, 210, 450]
[-326, 210, 449]
[-326, 210, 448]
[-326, 211, 446]
[-326, 211, 445]
[-326, 212, 444]
[-326, 212, 443]
[-326, 212, 442]
[-326, 213, 441]
[-326, 213, 439]
[-326, 213, 438]
[-326, 214, 437]
[-326, 214, 436]
[-326, 214, 435]
[-327, 215, 433]
[-327, 215, 432]
[-327, 215, 431]
[-327, 216, 430]
[-327, 216, 429]
[-327, 216, 427]
[-327, 217, 426]
[-327, 217, 425]
[-327, 217, 424]
[-327, 217, 422]
[-327, 218, 421]
[-327, 218, 420]
[-327, 218, 419]
[-327, 219, 417]
[-327, 219, 416]
[-327, 219, 415]
[-327, 219, 414]
[-327, 220, 412]
[-327, 220, 411]
[-327, 220, 410]
[-327, 220, 409]
[-328, 221, 407]
[-328, 221, 406]
[-328, 221, 405]
[-328, 221, 403]
[-328, 222, 402]
[-328, 222, 401]
[-328, 222, 400]
[-328, 222, 398]
[-328, 222, 397]
[-328, 223, 396]
[-328, 223, 394]
[-328, 223, 393]
[-328, 223, 392]
[-328, 223, 391]
[-328, 223, 389]
[-329, 224, 388]
[-329, 224, 387]
[-329, 224, 385]
[-329, 224, 384]
[-329, 224, 383]
[-329, 224, 382]
[-329, 225, 380]
[-329, 225, 379]
[-329, 225, 378]
[-329, 225, 376]
[-329, 225, 375]
[-329, 225, 374]
[-329, 225, 372]
[-329, 225, 371]
[-330, 225, 370]
[-330, 225, 369]
[-330, 226, 367]
[-330, 226, 366]
[-330, 226, 365]
[-330, 226, 363]
[-330, 226, 362]
[-330, 226, 361]
[-330, 226, 360]
[-330, 226, 358]
[-330, 226, 357]
[-330, 226, 356]
[-330, 226, 355]
[-330, 226, 353]
[-330, 226, 352]
