# Curve Parameters
# y_end: 232
# loops: 1
# A (south bulge): 120
# B (lateral wiggle): 20
# samples: 350
#
# Analysis Results
# max_grade: 0.866326
# length_3d: 350.65
# length_2d: 316.42
# min_horiz_step: 0.222167
# status: OK
#
# Coordinates (x, y, z)
#==================================================

[-199, 98, 410]
[-199, 98, 411]
[-199, 98, 412]
[-199, 98, 413]
[-199, 98, 414]
[-199, 98, 415]
[-199, 98, 416]
[-199, 98, 417]
[-199, 98, 419]
[-199, 98, 420]
[-199, 98, 421]
[-199, 98, 422]
[-199, 98, 423]
[-199, 99, 424]
[-200, 99, 425]
[-200, 99, 426]
[-200, 99, 427]
[-200, 99, 428]
[-200, 99, 429]
[-200, 99, 430]
[-200, 99, 431]
[-200, 99, 432]
[-200, 100, 433]
[-200, 100, 434]
[-200, 100, 435]
[-200, 100, 436]
[-201, 100, 437]
[-201, 100, 438]
[-201, 100, 439]
[-201, 101, 440]
[-201, 101, 441]
[-201, 101, 442]
[-201, 101, 443]
[-201, 101, 444]
[-201, 102, 445]
[-202, 102, 446]
[-202, 102, 446]
[-202, 102, 447]
[-202, 102, 448]
[-202, 103, 449]
[-202, 103, 450]
[-202, 103, 451]
[-202, 103, 452]
[-202, 104, 453]
[-203, 104, 454]
[-203, 104, 455]
[-203, 104, 456]
[-203, 105, 456]
[-203, 105, 457]
[-203, 105, 458]
[-203, 105, 459]
[-203, 106, 460]
[-204, 106, 461]
[-204, 106, 461]
[-204, 107, 462]
[-204, 107, 463]
[-204, 107, 464]
[-204, 108, 465]
[-204, 108, 466]
[-204, 108, 466]
[-205, 109, 467]
[-205, 109, 468]
[-205, 109, 469]
[-205, 110, 469]
[-205, 110, 470]
[-205, 110, 471]
[-205, 111, 472]
[-206, 111, 472]
[-206, 111, 473]
[-206, 112, 474]
[-206, 112, 475]
[-206, 112, 475]
[-206, 113, 476]
[-207, 113, 477]
[-207, 114, 477]
[-207, 114, 478]
[-207, 114, 479]
[-207, 115, 479]
[-207, 115, 480]
[-208, 115, 481]
[-208, 116, 481]
[-208, 116, 482]
[-208, 117, 483]
[-208, 117, 483]
[-209, 118, 484]
[-209, 118, 484]
[-209, 118, 485]
[-209, 119, 486]
[-210, 119, 486]
[-210, 120, 487]
[-210, 120, 487]
[-210, 121, 488]
[-211, 121, 488]
[-211, 121, 489]
[-211, 122, 489]
[-212, 122, 490]
[-212, 123, 491]
[-212, 123, 491]
[-212, 124, 492]
[-213, 124, 492]
[-213, 125, 492]
[-213, 125, 493]
[-214, 126, 493]
[-214, 126, 494]
[-215, 127, 494]
[-215, 127, 495]
[-215, 128, 495]
[-216, 128, 496]
[-216, 129, 496]
[-217, 129, 496]
[-217, 130, 497]
[-217, 130, 497]
[-218, 131, 497]
[-218, 131, 498]
[-219, 132, 498]
[-219, 132, 498]
[-220, 133, 499]
[-220, 133, 499]
[-221, 134, 499]
[-221, 134, 500]
[-222, 135, 500]
[-222, 135, 500]
[-223, 136, 501]
[-224, 136, 501]
[-224, 137, 501]
[-225, 137, 501]
[-225, 138, 502]
[-226, 138, 502]
[-227, 139, 502]
[-227, 139, 502]
[-228, 140, 502]
[-228, 140, 503]
[-229, 141, 503]
[-230, 142, 503]
[-230, 142, 503]
[-231, 143, 503]
[-232, 143, 503]
[-233, 144, 503]
[-233, 144, 504]
[-234, 145, 504]
[-235, 145, 504]
[-236, 146, 504]
[-236, 146, 504]
[-237, 147, 504]
[-238, 148, 504]
[-239, 148, 504]
[-239, 149, 504]
[-240, 149, 504]
[-241, 150, 504]
[-242, 150, 504]
[-243, 151, 504]
[-243, 152, 504]
[-244, 152, 504]
[-245, 153, 504]
[-246, 153, 504]
[-247, 154, 504]
[-248, 154, 504]
[-249, 155, 504]
[-250, 156, 504]
[-250, 156, 504]
[-251, 157, 504]
[-252, 157, 503]
[-253, 158, 503]
[-254, 158, 503]
[-255, 159, 503]
[-256, 160, 503]
[-257, 160, 503]
[-258, 161, 503]
[-259, 161, 502]
[-259, 162, 502]
[-260, 162, 502]
[-261, 163, 502]
[-262, 164, 502]
[-263, 164, 501]
[-264, 165, 501]
[-265, 165, 501]
[-266, 166, 501]
[-267, 166, 500]
[-268, 167, 500]
[-269, 168, 500]
[-270, 168, 499]
[-270, 169, 499]
[-271, 169, 499]
[-272, 170, 499]
[-273, 170, 498]
[-274, 171, 498]
[-275, 172, 497]
[-276, 172, 497]
[-277, 173, 497]
[-278, 173, 496]
[-279, 174, 496]
[-279, 174, 496]
[-280, 175, 495]
[-281, 176, 495]
[-282, 176, 494]
[-283, 177, 494]
[-284, 177, 493]
[-285, 178, 493]
[-286, 178, 493]
[-286, 179, 492]
[-287, 180, 492]
[-288, 180, 491]
[-289, 181, 491]
[-290, 181, 490]
[-290, 182, 490]
[-291, 182, 489]
[-292, 183, 488]
[-293, 184, 488]
[-293, 184, 487]
[-294, 185, 487]
[-295, 185, 486]
[-296, 186, 486]
[-296, 186, 485]
[-297, 187, 484]
[-298, 187, 484]
[-299, 188, 483]
[-299, 188, 483]
[-300, 189, 482]
[-301, 190, 481]
[-301, 190, 481]
[-302, 191, 480]
[-302, 191, 479]
[-303, 192, 479]
[-304, 192, 478]
[-304, 193, 477]
[-305, 193, 477]
[-305, 194, 476]
[-306, 194, 475]
[-307, 195, 474]
[-307, 195, 474]
[-308, 196, 473]
[-308, 196, 472]
[-309, 197, 471]
[-309, 197, 471]
[-310, 198, 470]
[-310, 198, 469]
[-311, 199, 468]
[-311, 199, 468]
[-312, 200, 467]
[-312, 200, 466]
[-312, 201, 465]
[-313, 201, 464]
[-313, 202, 464]
[-314, 202, 463]
[-314, 203, 462]
[-314, 203, 461]
[-315, 204, 460]
[-315, 204, 459]
[-316, 205, 458]
[-316, 205, 458]
[-316, 206, 457]
[-317, 206, 456]
[-317, 207, 455]
[-317, 207, 454]
[-317, 208, 453]
[-318, 208, 452]
[-318, 209, 451]
[-318, 209, 450]
[-319, 209, 449]
[-319, 210, 449]
[-319, 210, 448]
[-319, 211, 447]
[-320, 211, 446]
[-320, 212, 445]
[-320, 212, 444]
[-320, 212, 443]
[-321, 213, 442]
[-321, 213, 441]
[-321, 214, 440]
[-321, 214, 439]
[-321, 215, 438]
[-322, 215, 437]
[-322, 215, 436]
[-322, 216, 435]
[-322, 216, 434]
[-322, 216, 433]
[-322, 217, 432]
[-323, 217, 431]
[-323, 218, 430]
[-323, 218, 429]
[-323, 218, 428]
[-323, 219, 427]
[-323, 219, 426]
[-324, 219, 425]
[-324, 220, 424]
[-324, 220, 423]
[-324, 220, 421]
[-324, 221, 420]
[-324, 221, 419]
[-324, 221, 418]
[-325, 222, 417]
[-325, 222, 416]
[-325, 222, 415]
[-325, 223, 414]
[-325, 223, 413]
[-325, 223, 412]
[-325, 224, 411]
[-325, 224, 410]
[-326, 224, 409]
[-326, 225, 407]
[-326, 225, 406]
[-326, 225, 405]
[-326, 225, 404]
[-326, 226, 403]
[-326, 226, 402]
[-326, 226, 401]
[-327, 226, 400]
[-327, 227, 399]
[-327, 227, 398]
[-327, 227, 396]
[-327, 227, 395]
[-327, 228, 394]
[-327, 228, 393]
[-327, 228, 392]
[-327, 228, 391]
[-328, 228, 390]
[-328, 229, 389]
[-328, 229, 387]
[-328, 229, 386]
[-328, 229, 385]
[-328, 229, 384]
[-328, 230, 383]
[-328, 230, 382]
[-328, 230, 381]
[-329, 230, 380]
[-329, 230, 379]
[-329, 230, 377]
[-329, 230, 376]
[-329, 231, 375]
[-329, 231, 374]
[-329, 231, 373]
[-329, 231, 372]
[-329, 231, 371]
[-329, 231, 370]
[-329, 231, 368]
[-329, 231, 367]
[-330, 231, 366]
[-330, 232, 365]
[-330, 232, 364]
[-330, 232, 363]
[-330, 232, 362]
[-330, 232, 361]
[-330, 232, 360]
[-330, 232, 359]
[-330, 232, 357]
[-330, 232, 356]
[-330, 232, 355]
[-330, 232, 354]
[-330, 232, 353]
[-330, 232, 352]
