# Curve Parameters
# y_end: 240
# loops: 1
# A (south bulge): 120
# B (lateral wiggle): 20
# samples: 350
#
# Analysis Results
# max_grade: 0.918047
# length_3d: 354.51
# length_2d: 316.42
# min_horiz_step: 0.222167
# status: OK
#
# Coordinates (x, y, z)
#==================================================

[-199, 98, 410]
[-199, 98, 411]
[-199, 98, 412]
[-199, 98, 413]
[-199, 98, 414]
[-199, 98, 415]
[-199, 98, 416]
[-199, 98, 417]
[-199, 98, 419]
[-199, 98, 420]
[-199, 98, 421]
[-199, 98, 422]
[-199, 98, 423]
[-199, 99, 424]
[-200, 99, 425]
[-200, 99, 426]
[-200, 99, 427]
[-200, 99, 428]
[-200, 99, 429]
[-200, 99, 430]
[-200, 99, 431]
[-200, 99, 432]
[-200, 100, 433]
[-200, 100, 434]
[-200, 100, 435]
[-200, 100, 436]
[-201, 100, 437]
[-201, 100, 438]
[-201, 101, 439]
[-201, 101, 440]
[-201, 101, 441]
[-201, 101, 442]
[-201, 101, 443]
[-201, 102, 444]
[-201, 102, 445]
[-202, 102, 446]
[-202, 102, 446]
[-202, 102, 447]
[-202, 103, 448]
[-202, 103, 449]
[-202, 103, 450]
[-202, 103, 451]
[-202, 104, 452]
[-202, 104, 453]
[-203, 104, 454]
[-203, 104, 455]
[-203, 105, 456]
[-203, 105, 456]
[-203, 105, 457]
[-203, 106, 458]
[-203, 106, 459]
[-203, 106, 460]
[-204, 107, 461]
[-204, 107, 461]
[-204, 107, 462]
[-204, 107, 463]
[-204, 108, 464]
[-204, 108, 465]
[-204, 108, 466]
[-204, 109, 466]
[-205, 109, 467]
[-205, 109, 468]
[-205, 110, 469]
[-205, 110, 469]
[-205, 111, 470]
[-205, 111, 471]
[-205, 111, 472]
[-206, 112, 472]
[-206, 112, 473]
[-206, 112, 474]
[-206, 113, 475]
[-206, 113, 475]
[-206, 114, 476]
[-207, 114, 477]
[-207, 114, 477]
[-207, 115, 478]
[-207, 115, 479]
[-207, 116, 479]
[-207, 116, 480]
[-208, 117, 481]
[-208, 117, 481]
[-208, 117, 482]
[-208, 118, 483]
[-208, 118, 483]
[-209, 119, 484]
[-209, 119, 484]
[-209, 120, 485]
[-209, 120, 486]
[-210, 121, 486]
[-210, 121, 487]
[-210, 121, 487]
[-210, 122, 488]
[-211, 122, 488]
[-211, 123, 489]
[-211, 123, 489]
[-212, 124, 490]
[-212, 124, 491]
[-212, 125, 491]
[-212, 125, 492]
[-213, 126, 492]
[-213, 126, 492]
[-213, 127, 493]
[-214, 127, 493]
[-214, 128, 494]
[-215, 128, 494]
[-215, 129, 495]
[-215, 129, 495]
[-216, 130, 496]
[-216, 130, 496]
[-217, 131, 496]
[-217, 131, 497]
[-217, 132, 497]
[-218, 132, 497]
[-218, 133, 498]
[-219, 134, 498]
[-219, 134, 498]
[-220, 135, 499]
[-220, 135, 499]
[-221, 136, 499]
[-221, 136, 500]
[-222, 137, 500]
[-222, 137, 500]
[-223, 138, 501]
[-224, 138, 501]
[-224, 139, 501]
[-225, 140, 501]
[-225, 140, 502]
[-226, 141, 502]
[-227, 141, 502]
[-227, 142, 502]
[-228, 142, 502]
[-228, 143, 503]
[-229, 144, 503]
[-230, 144, 503]
[-230, 145, 503]
[-231, 145, 503]
[-232, 146, 503]
[-233, 146, 503]
[-233, 147, 504]
[-234, 148, 504]
[-235, 148, 504]
[-236, 149, 504]
[-236, 149, 504]
[-237, 150, 504]
[-238, 151, 504]
[-239, 151, 504]
[-239, 152, 504]
[-240, 152, 504]
[-241, 153, 504]
[-242, 154, 504]
[-243, 154, 504]
[-243, 155, 504]
[-244, 155, 504]
[-245, 156, 504]
[-246, 157, 504]
[-247, 157, 504]
[-248, 158, 504]
[-249, 158, 504]
[-250, 159, 504]
[-250, 160, 504]
[-251, 160, 504]
[-252, 161, 503]
[-253, 161, 503]
[-254, 162, 503]
[-255, 163, 503]
[-256, 163, 503]
[-257, 164, 503]
[-258, 164, 503]
[-259, 165, 502]
[-259, 166, 502]
[-260, 166, 502]
[-261, 167, 502]
[-262, 167, 502]
[-263, 168, 501]
[-264, 169, 501]
[-265, 169, 501]
[-266, 170, 501]
[-267, 171, 500]
[-268, 171, 500]
[-269, 172, 500]
[-270, 172, 499]
[-270, 173, 499]
[-271, 174, 499]
[-272, 174, 499]
[-273, 175, 498]
[-274, 175, 498]
[-275, 176, 497]
[-276, 177, 497]
[-277, 177, 497]
[-278, 178, 496]
[-279, 178, 496]
[-279, 179, 496]
[-280, 180, 495]
[-281, 180, 495]
[-282, 181, 494]
[-283, 181, 494]
[-284, 182, 493]
[-285, 183, 493]
[-286, 183, 493]
[-286, 184, 492]
[-287, 184, 492]
[-288, 185, 491]
[-289, 186, 491]
[-290, 186, 490]
[-290, 187, 490]
[-291, 187, 489]
[-292, 188, 488]
[-293, 189, 488]
[-293, 189, 487]
[-294, 190, 487]
[-295, 190, 486]
[-296, 191, 486]
[-296, 192, 485]
[-297, 192, 484]
[-298, 193, 484]
[-299, 193, 483]
[-299, 194, 483]
[-300, 194, 482]
[-301, 195, 481]
[-301, 196, 481]
[-302, 196, 480]
[-302, 197, 479]
[-303, 197, 479]
[-304, 198, 478]
[-304, 198, 477]
[-305, 199, 477]
[-305, 200, 476]
[-306, 200, 475]
[-307, 201, 474]
[-307, 201, 474]
[-308, 202, 473]
[-308, 202, 472]
[-309, 203, 471]
[-309, 203, 471]
[-310, 204, 470]
[-310, 204, 469]
[-311, 205, 468]
[-311, 206, 468]
[-312, 206, 467]
[-312, 207, 466]
[-312, 207, 465]
[-313, 208, 464]
[-313, 208, 464]
[-314, 209, 463]
[-314, 209, 462]
[-314, 210, 461]
[-315, 210, 460]
[-315, 211, 459]
[-316, 211, 458]
[-316, 212, 458]
[-316, 212, 457]
[-317, 213, 456]
[-317, 213, 455]
[-317, 214, 454]
[-317, 214, 453]
[-318, 215, 452]
[-318, 215, 451]
[-318, 216, 450]
[-319, 216, 449]
[-319, 217, 449]
[-319, 217, 448]
[-319, 217, 447]
[-320, 218, 446]
[-320, 218, 445]
[-320, 219, 444]
[-320, 219, 443]
[-321, 220, 442]
[-321, 220, 441]
[-321, 221, 440]
[-321, 221, 439]
[-321, 221, 438]
[-322, 222, 437]
[-322, 222, 436]
[-322, 223, 435]
[-322, 223, 434]
[-322, 224, 433]
[-322, 224, 432]
[-323, 224, 431]
[-323, 225, 430]
[-323, 225, 429]
[-323, 226, 428]
[-323, 226, 427]
[-323, 226, 426]
[-324, 227, 425]
[-324, 227, 424]
[-324, 227, 423]
[-324, 228, 421]
[-324, 228, 420]
[-324, 229, 419]
[-324, 229, 418]
[-325, 229, 417]
[-325, 230, 416]
[-325, 230, 415]
[-325, 230, 414]
[-325, 231, 413]
[-325, 231, 412]
[-325, 231, 411]
[-325, 231, 410]
[-326, 232, 409]
[-326, 232, 407]
[-326, 232, 406]
[-326, 233, 405]
[-326, 233, 404]
[-326, 233, 403]
[-326, 234, 402]
[-326, 234, 401]
[-327, 234, 400]
[-327, 234, 399]
[-327, 235, 398]
[-327, 235, 396]
[-327, 235, 395]
[-327, 235, 394]
[-327, 236, 393]
[-327, 236, 392]
[-327, 236, 391]
[-328, 236, 390]
[-328, 236, 389]
[-328, 237, 387]
[-328, 237, 386]
[-328, 237, 385]
[-328, 237, 384]
[-328, 237, 383]
[-328, 238, 382]
[-328, 238, 381]
[-329, 238, 380]
[-329, 238, 379]
[-329, 238, 377]
[-329, 238, 376]
[-329, 239, 375]
[-329, 239, 374]
[-329, 239, 373]
[-329, 239, 372]
[-329, 239, 371]
[-329, 239, 370]
[-329, 239, 368]
[-329, 239, 367]
[-330, 239, 366]
[-330, 240, 365]
[-330, 240, 364]
[-330, 240, 363]
[-330, 240, 362]
[-330, 240, 361]
[-330, 240, 360]
[-330, 240, 359]
[-330, 240, 357]
[-330, 240, 356]
[-330, 240, 355]
[-330, 240, 354]
[-330, 240, 353]
[-330, 240, 352]
