# Curve Parameters
# y_end: 230
# loops: 1
# A (south bulge): 140
# B (lateral wiggle): 40
# samples: 350
#
# Analysis Results
# max_grade: 0.801157
# length_3d: 402.00
# length_2d: 373.34
# min_horiz_step: 0.235202
# status: OK
#
# Coordinates (x, y, z)
#==================================================

[-199, 98, 410]
[-199, 98, 411]
[-199, 98, 413]
[-199, 98, 414]
[-199, 98, 415]
[-199, 98, 416]
[-199, 98, 418]
[-199, 98, 419]
[-199, 98, 420]
[-199, 98, 421]
[-199, 98, 422]
[-199, 98, 424]
[-199, 98, 425]
[-199, 99, 426]
[-199, 99, 427]
[-200, 99, 429]
[-200, 99, 430]
[-200, 99, 431]
[-200, 99, 432]
[-200, 99, 433]
[-200, 99, 435]
[-200, 99, 436]
[-200, 100, 437]
[-200, 100, 438]
[-200, 100, 439]
[-200, 100, 440]
[-200, 100, 442]
[-200, 100, 443]
[-200, 100, 444]
[-200, 101, 445]
[-200, 101, 446]
[-200, 101, 447]
[-200, 101, 448]
[-200, 101, 450]
[-200, 102, 451]
[-200, 102, 452]
[-200, 102, 453]
[-200, 102, 454]
[-200, 102, 455]
[-200, 103, 456]
[-200, 103, 457]
[-200, 103, 458]
[-200, 103, 459]
[-200, 104, 460]
[-200, 104, 461]
[-200, 104, 463]
[-200, 104, 464]
[-200, 105, 465]
[-200, 105, 466]
[-200, 105, 467]
[-200, 105, 468]
[-200, 106, 469]
[-200, 106, 470]
[-200, 106, 471]
[-200, 107, 472]
[-200, 107, 473]
[-200, 107, 474]
[-200, 107, 475]
[-200, 108, 476]
[-200, 108, 476]
[-200, 108, 477]
[-200, 109, 478]
[-200, 109, 479]
[-200, 109, 480]
[-200, 110, 481]
[-200, 110, 482]
[-200, 110, 483]
[-200, 111, 484]
[-200, 111, 485]
[-200, 111, 486]
[-199, 112, 486]
[-199, 112, 487]
[-199, 113, 488]
[-199, 113, 489]
[-199, 113, 490]
[-199, 114, 491]
[-199, 114, 491]
[-199, 114, 492]
[-199, 115, 493]
[-199, 115, 494]
[-199, 116, 495]
[-199, 116, 495]
[-199, 116, 496]
[-199, 117, 497]
[-199, 117, 498]
[-199, 118, 498]
[-199, 118, 499]
[-199, 119, 500]
[-200, 119, 500]
[-200, 119, 501]
[-200, 120, 502]
[-200, 120, 503]
[-200, 121, 503]
[-200, 121, 504]
[-200, 122, 504]
[-200, 122, 505]
[-200, 122, 506]
[-201, 123, 506]
[-201, 123, 507]
[-201, 124, 508]
[-201, 124, 508]
[-201, 125, 509]
[-202, 125, 509]
[-202, 126, 510]
[-202, 126, 510]
[-202, 127, 511]
[-203, 127, 511]
[-203, 128, 512]
[-203, 128, 512]
[-204, 129, 513]
[-204, 129, 513]
[-205, 130, 514]
[-205, 130, 514]
[-205, 131, 515]
[-206, 131, 515]
[-206, 132, 516]
[-207, 132, 516]
[-207, 133, 516]
[-208, 133, 517]
[-208, 134, 517]
[-209, 134, 518]
[-210, 135, 518]
[-210, 135, 518]
[-211, 136, 519]
[-211, 136, 519]
[-212, 137, 519]
[-213, 137, 520]
[-213, 138, 520]
[-214, 138, 520]
[-215, 139, 521]
[-216, 139, 521]
[-216, 140, 521]
[-217, 140, 521]
[-218, 141, 521]
[-219, 141, 522]
[-220, 142, 522]
[-221, 143, 522]
[-221, 143, 522]
[-222, 144, 522]
[-223, 144, 523]
[-224, 145, 523]
[-225, 145, 523]
[-226, 146, 523]
[-227, 146, 523]
[-228, 147, 523]
[-229, 147, 523]
[-230, 148, 523]
[-231, 149, 524]
[-232, 149, 524]
[-233, 150, 524]
[-235, 150, 524]
[-236, 151, 524]
[-237, 151, 524]
[-238, 152, 524]
[-239, 152, 524]
[-240, 153, 524]
[-241, 154, 524]
[-243, 154, 524]
[-244, 155, 524]
[-245, 155, 523]
[-246, 156, 523]
[-247, 156, 523]
[-249, 157, 523]
[-250, 157, 523]
[-251, 158, 523]
[-252, 159, 523]
[-254, 159, 523]
[-255, 160, 523]
[-256, 160, 522]
[-257, 161, 522]
[-259, 161, 522]
[-260, 162, 522]
[-261, 163, 522]
[-263, 163, 521]
[-264, 164, 521]
[-265, 164, 521]
[-266, 165, 521]
[-268, 165, 520]
[-269, 166, 520]
[-270, 167, 520]
[-272, 167, 519]
[-273, 168, 519]
[-274, 168, 519]
[-275, 169, 518]
[-277, 169, 518]
[-278, 170, 518]
[-279, 171, 517]
[-280, 171, 517]
[-282, 172, 517]
[-283, 172, 516]
[-284, 173, 516]
[-285, 173, 515]
[-286, 174, 515]
[-288, 174, 514]
[-289, 175, 514]
[-290, 176, 514]
[-291, 176, 513]
[-292, 177, 513]
[-293, 177, 512]
[-294, 178, 512]
[-296, 178, 511]
[-297, 179, 510]
[-298, 179, 510]
[-299, 180, 509]
[-300, 181, 509]
[-301, 181, 508]
[-302, 182, 508]
[-303, 182, 507]
[-304, 183, 506]
[-305, 183, 506]
[-306, 184, 505]
[-307, 184, 505]
[-308, 185, 504]
[-308, 185, 503]
[-309, 186, 503]
[-310, 187, 502]
[-311, 187, 501]
[-312, 188, 500]
[-313, 188, 500]
[-313, 189, 499]
[-314, 189, 498]
[-315, 190, 498]
[-316, 190, 497]
[-316, 191, 496]
[-317, 191, 495]
[-318, 192, 495]
[-318, 192, 494]
[-319, 193, 493]
[-319, 193, 492]
[-320, 194, 491]
[-321, 194, 491]
[-321, 195, 490]
[-322, 195, 489]
[-322, 196, 488]
[-323, 196, 487]
[-323, 197, 486]
[-324, 197, 485]
[-324, 198, 485]
[-324, 198, 484]
[-325, 199, 483]
[-325, 199, 482]
[-326, 200, 481]
[-326, 200, 480]
[-326, 201, 479]
[-327, 201, 478]
[-327, 202, 477]
[-327, 202, 476]
[-327, 203, 475]
[-328, 203, 474]
[-328, 204, 473]
[-328, 204, 472]
[-328, 205, 471]
[-328, 205, 470]
[-329, 206, 469]
[-329, 206, 468]
[-329, 206, 467]
[-329, 207, 466]
[-329, 207, 465]
[-329, 208, 464]
[-329, 208, 463]
[-329, 209, 462]
[-329, 209, 461]
[-330, 209, 460]
[-330, 210, 459]
[-330, 210, 458]
[-330, 211, 457]
[-330, 211, 455]
[-330, 212, 454]
[-330, 212, 453]
[-330, 212, 452]
[-330, 213, 451]
[-330, 213, 450]
[-330, 214, 449]
[-330, 214, 448]
[-330, 214, 446]
[-330, 215, 445]
[-330, 215, 444]
[-330, 215, 443]
[-330, 216, 442]
[-330, 216, 441]
[-329, 217, 439]
[-329, 217, 438]
[-329, 217, 437]
[-329, 218, 436]
[-329, 218, 435]
[-329, 218, 433]
[-329, 219, 432]
[-329, 219, 431]
[-329, 219, 430]
[-329, 220, 429]
[-329, 220, 427]
[-329, 220, 426]
[-329, 221, 425]
[-329, 221, 424]
[-329, 221, 422]
[-329, 221, 421]
[-329, 222, 420]
[-329, 222, 419]
[-329, 222, 417]
[-329, 223, 416]
[-329, 223, 415]
[-329, 223, 414]
[-329, 223, 412]
[-329, 224, 411]
[-329, 224, 410]
[-329, 224, 409]
[-329, 224, 407]
[-329, 225, 406]
[-329, 225, 405]
[-329, 225, 403]
[-329, 225, 402]
[-329, 226, 401]
[-329, 226, 400]
[-329, 226, 398]
[-329, 226, 397]
[-329, 226, 396]
[-329, 227, 394]
[-329, 227, 393]
[-329, 227, 392]
[-329, 227, 391]
[-329, 227, 389]
[-329, 228, 388]
[-329, 228, 387]
[-329, 228, 385]
[-329, 228, 384]
[-329, 228, 383]
[-329, 228, 382]
[-329, 228, 380]
[-329, 229, 379]
[-329, 229, 378]
[-329, 229, 376]
[-329, 229, 375]
[-329, 229, 374]
[-329, 229, 372]
[-329, 229, 371]
[-330, 229, 370]
[-330, 229, 369]
[-330, 230, 367]
[-330, 230, 366]
[-330, 230, 365]
[-330, 230, 363]
[-330, 230, 362]
[-330, 230, 361]
[-330, 230, 360]
[-330, 230, 358]
[-330, 230, 357]
[-330, 230, 356]
[-330, 230, 355]
[-330, 230, 353]
[-330, 230, 352]
