# Curve Parameters
# y_end: 234
# loops: 1
# A (south bulge): 140
# B (lateral wiggle): 80
# samples: 350
#
# Analysis Results
# max_grade: 0.922119
# length_3d: 455.03
# length_2d: 428.63
# min_horiz_step: 0.209470
# status: OK
#
# Coordinates (x, y, z)
#==================================================

[-199, 98, 410]
[-199, 98, 411]
[-199, 98, 413]
[-199, 98, 414]
[-199, 98, 415]
[-199, 98, 416]
[-199, 98, 418]
[-199, 98, 419]
[-199, 98, 420]
[-199, 98, 421]
[-199, 98, 422]
[-199, 98, 424]
[-199, 98, 425]
[-199, 99, 426]
[-199, 99, 427]
[-199, 99, 429]
[-199, 99, 430]
[-199, 99, 431]
[-199, 99, 432]
[-199, 99, 433]
[-199, 99, 435]
[-199, 99, 436]
[-199, 100, 437]
[-199, 100, 438]
[-199, 100, 439]
[-199, 100, 440]
[-199, 100, 442]
[-199, 100, 443]
[-199, 100, 444]
[-199, 101, 445]
[-199, 101, 446]
[-199, 101, 447]
[-199, 101, 448]
[-198, 101, 450]
[-198, 102, 451]
[-198, 102, 452]
[-198, 102, 453]
[-198, 102, 454]
[-198, 102, 455]
[-197, 103, 456]
[-197, 103, 457]
[-197, 103, 458]
[-197, 103, 459]
[-197, 104, 460]
[-196, 104, 461]
[-196, 104, 463]
[-196, 104, 464]
[-195, 105, 465]
[-195, 105, 466]
[-195, 105, 467]
[-194, 106, 468]
[-194, 106, 469]
[-194, 106, 470]
[-193, 106, 471]
[-193, 107, 472]
[-193, 107, 473]
[-192, 107, 474]
[-192, 108, 475]
[-191, 108, 476]
[-191, 108, 476]
[-191, 109, 477]
[-190, 109, 478]
[-190, 109, 479]
[-189, 110, 480]
[-189, 110, 481]
[-188, 110, 482]
[-188, 111, 483]
[-188, 111, 484]
[-187, 111, 485]
[-187, 112, 486]
[-186, 112, 486]
[-186, 113, 487]
[-185, 113, 488]
[-185, 113, 489]
[-184, 114, 490]
[-184, 114, 491]
[-184, 115, 491]
[-183, 115, 492]
[-183, 115, 493]
[-182, 116, 494]
[-182, 116, 495]
[-182, 117, 495]
[-181, 117, 496]
[-181, 117, 497]
[-181, 118, 498]
[-180, 118, 498]
[-180, 119, 499]
[-180, 119, 500]
[-179, 120, 500]
[-179, 120, 501]
[-179, 120, 502]
[-178, 121, 503]
[-178, 121, 503]
[-178, 122, 504]
[-178, 122, 504]
[-178, 123, 505]
[-178, 123, 506]
[-177, 124, 506]
[-177, 124, 507]
[-177, 125, 508]
[-177, 125, 508]
[-177, 126, 509]
[-177, 126, 509]
[-177, 127, 510]
[-177, 127, 510]
[-178, 128, 511]
[-178, 128, 511]
[-178, 129, 512]
[-178, 129, 512]
[-178, 130, 513]
[-179, 130, 513]
[-179, 131, 514]
[-179, 131, 514]
[-180, 132, 515]
[-180, 132, 515]
[-180, 133, 516]
[-181, 133, 516]
[-181, 134, 516]
[-182, 134, 517]
[-182, 135, 517]
[-183, 135, 518]
[-184, 136, 518]
[-184, 136, 518]
[-185, 137, 519]
[-186, 137, 519]
[-187, 138, 519]
[-188, 138, 520]
[-188, 139, 520]
[-189, 139, 520]
[-190, 140, 521]
[-191, 141, 521]
[-192, 141, 521]
[-193, 142, 521]
[-194, 142, 521]
[-196, 143, 522]
[-197, 143, 522]
[-198, 144, 522]
[-199, 144, 522]
[-200, 145, 522]
[-202, 146, 523]
[-203, 146, 523]
[-204, 147, 523]
[-206, 147, 523]
[-207, 148, 523]
[-209, 148, 523]
[-210, 149, 523]
[-212, 149, 523]
[-213, 150, 524]
[-215, 151, 524]
[-217, 151, 524]
[-218, 152, 524]
[-220, 152, 524]
[-222, 153, 524]
[-223, 153, 524]
[-225, 154, 524]
[-227, 155, 524]
[-229, 155, 524]
[-231, 156, 524]
[-232, 156, 524]
[-234, 157, 523]
[-236, 158, 523]
[-238, 158, 523]
[-240, 159, 523]
[-242, 159, 523]
[-244, 160, 523]
[-246, 160, 523]
[-248, 161, 523]
[-250, 162, 523]
[-252, 162, 522]
[-254, 163, 522]
[-256, 163, 522]
[-257, 164, 522]
[-259, 165, 522]
[-261, 165, 521]
[-263, 166, 521]
[-266, 166, 521]
[-268, 167, 521]
[-270, 167, 520]
[-272, 168, 520]
[-273, 169, 520]
[-275, 169, 519]
[-277, 170, 519]
[-279, 170, 519]
[-281, 171, 518]
[-283, 172, 518]
[-285, 172, 518]
[-287, 173, 517]
[-289, 173, 517]
[-291, 174, 517]
[-293, 174, 516]
[-295, 175, 516]
[-297, 176, 515]
[-298, 176, 515]
[-300, 177, 514]
[-302, 177, 514]
[-304, 178, 514]
[-306, 179, 513]
[-307, 179, 513]
[-309, 180, 512]
[-311, 180, 512]
[-312, 181, 511]
[-314, 181, 510]
[-316, 182, 510]
[-317, 183, 509]
[-319, 183, 509]
[-320, 184, 508]
[-322, 184, 508]
[-323, 185, 507]
[-325, 185, 506]
[-326, 186, 506]
[-327, 186, 505]
[-329, 187, 505]
[-330, 188, 504]
[-331, 188, 503]
[-332, 189, 503]
[-333, 189, 502]
[-335, 190, 501]
[-336, 190, 500]
[-337, 191, 500]
[-338, 191, 499]
[-339, 192, 498]
[-340, 193, 498]
[-341, 193, 497]
[-341, 194, 496]
[-342, 194, 495]
[-343, 195, 495]
[-344, 195, 494]
[-345, 196, 493]
[-345, 196, 492]
[-346, 197, 491]
[-347, 197, 491]
[-347, 198, 490]
[-348, 198, 489]
[-348, 199, 488]
[-349, 199, 487]
[-349, 200, 486]
[-349, 200, 485]
[-350, 201, 485]
[-350, 201, 484]
[-350, 202, 483]
[-351, 202, 482]
[-351, 203, 481]
[-351, 203, 480]
[-351, 204, 479]
[-351, 204, 478]
[-352, 205, 477]
[-352, 205, 476]
[-352, 206, 475]
[-352, 206, 474]
[-352, 207, 473]
[-352, 207, 472]
[-352, 208, 471]
[-352, 208, 470]
[-351, 209, 469]
[-351, 209, 468]
[-351, 210, 467]
[-351, 210, 466]
[-351, 211, 465]
[-351, 211, 464]
[-350, 212, 463]
[-350, 212, 462]
[-350, 212, 461]
[-349, 213, 460]
[-349, 213, 459]
[-349, 214, 458]
[-348, 214, 457]
[-348, 215, 455]
[-348, 215, 454]
[-347, 215, 453]
[-347, 216, 452]
[-347, 216, 451]
[-346, 217, 450]
[-346, 217, 449]
[-345, 217, 448]
[-345, 218, 446]
[-345, 218, 445]
[-344, 219, 444]
[-344, 219, 443]
[-343, 219, 442]
[-343, 220, 441]
[-342, 220, 439]
[-342, 221, 438]
[-341, 221, 437]
[-341, 221, 436]
[-341, 222, 435]
[-340, 222, 433]
[-340, 222, 432]
[-339, 223, 431]
[-339, 223, 430]
[-338, 223, 429]
[-338, 224, 427]
[-338, 224, 426]
[-337, 224, 425]
[-337, 225, 424]
[-336, 225, 422]
[-336, 225, 421]
[-336, 226, 420]
[-335, 226, 419]
[-335, 226, 417]
[-335, 226, 416]
[-334, 227, 415]
[-334, 227, 414]
[-334, 227, 412]
[-333, 228, 411]
[-333, 228, 410]
[-333, 228, 409]
[-332, 228, 407]
[-332, 229, 406]
[-332, 229, 405]
[-332, 229, 403]
[-332, 229, 402]
[-331, 230, 401]
[-331, 230, 400]
[-331, 230, 398]
[-331, 230, 397]
[-331, 230, 396]
[-331, 231, 394]
[-330, 231, 393]
[-330, 231, 392]
[-330, 231, 391]
[-330, 231, 389]
[-330, 232, 388]
[-330, 232, 387]
[-330, 232, 385]
[-330, 232, 384]
[-330, 232, 383]
[-330, 232, 382]
[-330, 232, 380]
[-330, 233, 379]
[-330, 233, 378]
[-330, 233, 376]
[-330, 233, 375]
[-330, 233, 374]
[-330, 233, 372]
[-330, 233, 371]
[-330, 233, 370]
[-330, 233, 369]
[-330, 234, 367]
[-330, 234, 366]
[-330, 234, 365]
[-330, 234, 363]
[-330, 234, 362]
[-330, 234, 361]
[-330, 234, 360]
[-330, 234, 358]
[-330, 234, 357]
[-330, 234, 356]
[-330, 234, 355]
[-330, 234, 353]
[-330, 234, 352]
