# Curve Parameters
# y_end: 224
# loops: 3
# A (south bulge): 80
# B (lateral wiggle): 0
# samples: 350
#
# Analysis Results
# max_grade: 0.961831
# length_3d: 272.40
# length_2d: 234.07
# min_horiz_step: 0.201207
# status: OK
#
# Coordinates (x, y, z)
#==================================================

[-199, 98, 410]
[-199, 98, 411]
[-199, 98, 411]
[-199, 98, 412]
[-199, 98, 413]
[-199, 98, 414]
[-199, 98, 414]
[-199, 98, 415]
[-199, 98, 416]
[-199, 98, 416]
[-199, 98, 417]
[-199, 98, 418]
[-199, 98, 418]
[-200, 99, 419]
[-200, 99, 420]
[-200, 99, 420]
[-200, 99, 421]
[-200, 99, 422]
[-200, 99, 422]
[-200, 99, 423]
[-200, 99, 424]
[-200, 99, 424]
[-200, 99, 425]
[-201, 100, 426]
[-201, 100, 426]
[-201, 100, 427]
[-201, 100, 428]
[-201, 100, 428]
[-201, 100, 429]
[-202, 100, 430]
[-202, 101, 430]
[-202, 101, 431]
[-202, 101, 431]
[-202, 101, 432]
[-202, 101, 433]
[-203, 102, 433]
[-203, 102, 434]
[-203, 102, 434]
[-203, 102, 435]
[-204, 102, 436]
[-204, 103, 436]
[-204, 103, 437]
[-204, 103, 437]
[-204, 103, 438]
[-205, 104, 438]
[-205, 104, 439]
[-205, 104, 439]
[-205, 104, 440]
[-206, 104, 441]
[-206, 105, 441]
[-206, 105, 442]
[-207, 105, 442]
[-207, 106, 443]
[-207, 106, 443]
[-207, 106, 444]
[-208, 106, 444]
[-208, 107, 445]
[-208, 107, 445]
[-209, 107, 446]
[-209, 108, 446]
[-209, 108, 447]
[-210, 108, 447]
[-210, 109, 448]
[-210, 109, 448]
[-211, 109, 448]
[-211, 109, 449]
[-211, 110, 449]
[-212, 110, 450]
[-212, 110, 450]
[-212, 111, 451]
[-213, 111, 451]
[-213, 112, 451]
[-213, 112, 452]
[-214, 112, 452]
[-214, 113, 453]
[-215, 113, 453]
[-215, 113, 454]
[-215, 114, 454]
[-216, 114, 454]
[-216, 114, 455]
[-216, 115, 455]
[-217, 115, 455]
[-217, 116, 456]
[-218, 116, 456]
[-218, 116, 456]
[-219, 117, 457]
[-219, 117, 457]
[-219, 118, 457]
[-220, 118, 458]
[-220, 118, 458]
[-221, 119, 458]
[-221, 119, 459]
[-222, 120, 459]
[-222, 120, 459]
[-222, 120, 460]
[-223, 121, 460]
[-223, 121, 460]
[-224, 122, 460]
[-224, 122, 461]
[-225, 123, 461]
[-225, 123, 461]
[-226, 124, 461]
[-226, 124, 462]
[-226, 124, 462]
[-227, 125, 462]
[-227, 125, 462]
[-228, 126, 462]
[-228, 126, 463]
[-229, 127, 463]
[-229, 127, 463]
[-230, 128, 463]
[-230, 128, 463]
[-231, 129, 464]
[-231, 129, 464]
[-232, 130, 464]
[-232, 130, 464]
[-233, 131, 464]
[-233, 131, 464]
[-234, 131, 464]
[-234, 132, 465]
[-235, 132, 465]
[-235, 133, 465]
[-236, 133, 465]
[-236, 134, 465]
[-237, 134, 465]
[-237, 135, 465]
[-238, 135, 465]
[-238, 136, 465]
[-239, 136, 465]
[-239, 137, 465]
[-240, 137, 466]
[-241, 138, 466]
[-241, 138, 466]
[-242, 139, 466]
[-242, 139, 466]
[-243, 140, 466]
[-243, 140, 466]
[-244, 141, 466]
[-244, 142, 466]
[-245, 142, 466]
[-245, 143, 466]
[-246, 143, 466]
[-246, 144, 466]
[-247, 144, 466]
[-248, 145, 466]
[-248, 145, 465]
[-249, 146, 465]
[-249, 146, 465]
[-250, 147, 465]
[-250, 147, 465]
[-251, 148, 465]
[-251, 148, 465]
[-252, 149, 465]
[-252, 149, 465]
[-253, 150, 465]
[-254, 150, 465]
[-254, 151, 464]
[-255, 152, 464]
[-255, 152, 464]
[-256, 153, 464]
[-256, 153, 464]
[-257, 154, 464]
[-257, 154, 464]
[-258, 155, 463]
[-259, 155, 463]
[-259, 156, 463]
[-260, 156, 463]
[-260, 157, 463]
[-261, 157, 462]
[-261, 158, 462]
[-262, 159, 462]
[-263, 159, 462]
[-263, 160, 462]
[-264, 160, 461]
[-264, 161, 461]
[-265, 161, 461]
[-265, 162, 461]
[-266, 162, 460]
[-266, 163, 460]
[-267, 163, 460]
[-268, 164, 460]
[-268, 165, 459]
[-269, 165, 459]
[-269, 166, 459]
[-270, 166, 458]
[-270, 167, 458]
[-271, 167, 458]
[-272, 168, 457]
[-272, 168, 457]
[-273, 169, 457]
[-273, 169, 456]
[-274, 170, 456]
[-274, 170, 456]
[-275, 171, 455]
[-275, 172, 455]
[-276, 172, 455]
[-277, 173, 454]
[-277, 173, 454]
[-278, 174, 453]
[-278, 174, 453]
[-279, 175, 453]
[-279, 175, 452]
[-280, 176, 452]
[-280, 176, 451]
[-281, 177, 451]
[-281, 177, 450]
[-282, 178, 450]
[-283, 178, 450]
[-283, 179, 449]
[-284, 179, 449]
[-284, 180, 448]
[-285, 180, 448]
[-285, 181, 447]
[-286, 182, 447]
[-286, 182, 446]
[-287, 183, 446]
[-287, 183, 445]
[-288, 184, 445]
[-288, 184, 444]
[-289, 185, 444]
[-290, 185, 443]
[-290, 186, 443]
[-291, 186, 442]
[-291, 187, 442]
[-292, 187, 441]
[-292, 188, 441]
[-293, 188, 440]
[-293, 189, 440]
[-294, 189, 439]
[-294, 190, 438]
[-295, 190, 438]
[-295, 191, 437]
[-296, 191, 437]
[-296, 191, 436]
[-297, 192, 436]
[-297, 192, 435]
[-298, 193, 434]
[-298, 193, 434]
[-299, 194, 433]
[-299, 194, 433]
[-300, 195, 432]
[-300, 195, 431]
[-301, 196, 431]
[-301, 196, 430]
[-302, 197, 429]
[-302, 197, 429]
[-303, 198, 428]
[-303, 198, 428]
[-303, 198, 427]
[-304, 199, 426]
[-304, 199, 426]
[-305, 200, 425]
[-305, 200, 424]
[-306, 201, 424]
[-306, 201, 423]
[-307, 202, 422]
[-307, 202, 422]
[-307, 202, 421]
[-308, 203, 420]
[-308, 203, 420]
[-309, 204, 419]
[-309, 204, 418]
[-310, 204, 417]
[-310, 205, 417]
[-310, 205, 416]
[-311, 206, 415]
[-311, 206, 415]
[-312, 206, 414]
[-312, 207, 413]
[-313, 207, 413]
[-313, 208, 412]
[-313, 208, 411]
[-314, 208, 410]
[-314, 209, 410]
[-314, 209, 409]
[-315, 209, 408]
[-315, 210, 407]
[-316, 210, 407]
[-316, 210, 406]
[-316, 211, 405]
[-317, 211, 404]
[-317, 212, 404]
[-317, 212, 403]
[-318, 212, 402]
[-318, 213, 401]
[-318, 213, 401]
[-319, 213, 400]
[-319, 213, 399]
[-319, 214, 398]
[-320, 214, 398]
[-320, 214, 397]
[-320, 215, 396]
[-321, 215, 395]
[-321, 215, 395]
[-321, 216, 394]
[-322, 216, 393]
[-322, 216, 392]
[-322, 216, 392]
[-322, 217, 391]
[-323, 217, 390]
[-323, 217, 389]
[-323, 218, 388]
[-324, 218, 388]
[-324, 218, 387]
[-324, 218, 386]
[-324, 218, 385]
[-325, 219, 385]
[-325, 219, 384]
[-325, 219, 383]
[-325, 219, 382]
[-325, 220, 382]
[-326, 220, 381]
[-326, 220, 380]
[-326, 220, 379]
[-326, 220, 378]
[-327, 221, 378]
[-327, 221, 377]
[-327, 221, 376]
[-327, 221, 375]
[-327, 221, 375]
[-327, 222, 374]
[-328, 222, 373]
[-328, 222, 372]
[-328, 222, 371]
[-328, 222, 371]
[-328, 222, 370]
[-328, 222, 369]
[-329, 223, 368]
[-329, 223, 368]
[-329, 223, 367]
[-329, 223, 366]
[-329, 223, 365]
[-329, 223, 365]
[-329, 223, 364]
[-329, 223, 363]
[-329, 223, 362]
[-329, 223, 362]
[-330, 224, 361]
[-330, 224, 360]
[-330, 224, 359]
[-330, 224, 359]
[-330, 224, 358]
[-330, 224, 357]
[-330, 224, 356]
[-330, 224, 356]
[-330, 224, 355]
[-330, 224, 354]
[-330, 224, 353]
[-330, 224, 353]
[-330, 224, 352]
