# Curve Parameters
# y_end: 222
# loops: 1
# A (south bulge): 120
# B (lateral wiggle): 60
# samples: 350
#
# Analysis Results
# max_grade: 0.949907
# length_3d: 388.52
# length_2d: 362.92
# min_horiz_step: 0.182545
# status: OK
#
# Coordinates (x, y, z)
#==================================================

[-199, 98, 410]
[-199, 98, 411]
[-199, 98, 412]
[-199, 98, 413]
[-199, 98, 414]
[-199, 98, 415]
[-199, 98, 416]
[-199, 98, 417]
[-199, 98, 419]
[-199, 98, 420]
[-199, 98, 421]
[-199, 98, 422]
[-199, 98, 423]
[-199, 99, 424]
[-199, 99, 425]
[-199, 99, 426]
[-199, 99, 427]
[-199, 99, 428]
[-200, 99, 429]
[-200, 99, 430]
[-200, 99, 431]
[-200, 99, 432]
[-200, 99, 433]
[-200, 100, 434]
[-200, 100, 435]
[-200, 100, 436]
[-200, 100, 437]
[-200, 100, 438]
[-200, 100, 439]
[-200, 100, 440]
[-200, 101, 441]
[-200, 101, 442]
[-199, 101, 443]
[-199, 101, 444]
[-199, 101, 445]
[-199, 101, 446]
[-199, 102, 446]
[-199, 102, 447]
[-199, 102, 448]
[-199, 102, 449]
[-199, 103, 450]
[-199, 103, 451]
[-199, 103, 452]
[-198, 103, 453]
[-198, 103, 454]
[-198, 104, 455]
[-198, 104, 456]
[-198, 104, 456]
[-198, 104, 457]
[-198, 105, 458]
[-197, 105, 459]
[-197, 105, 460]
[-197, 105, 461]
[-197, 106, 461]
[-197, 106, 462]
[-196, 106, 463]
[-196, 107, 464]
[-196, 107, 465]
[-196, 107, 466]
[-196, 107, 466]
[-195, 108, 467]
[-195, 108, 468]
[-195, 108, 469]
[-195, 109, 469]
[-194, 109, 470]
[-194, 109, 471]
[-194, 110, 472]
[-194, 110, 472]
[-193, 110, 473]
[-193, 111, 474]
[-193, 111, 475]
[-193, 111, 475]
[-192, 112, 476]
[-192, 112, 477]
[-192, 112, 477]
[-192, 113, 478]
[-191, 113, 479]
[-191, 113, 479]
[-191, 114, 480]
[-191, 114, 481]
[-191, 115, 481]
[-190, 115, 482]
[-190, 115, 483]
[-190, 116, 483]
[-190, 116, 484]
[-190, 116, 484]
[-190, 117, 485]
[-189, 117, 486]
[-189, 118, 486]
[-189, 118, 487]
[-189, 118, 487]
[-189, 119, 488]
[-189, 119, 488]
[-189, 120, 489]
[-189, 120, 489]
[-189, 121, 490]
[-189, 121, 491]
[-189, 121, 491]
[-189, 122, 492]
[-189, 122, 492]
[-189, 123, 492]
[-189, 123, 493]
[-189, 124, 493]
[-190, 124, 494]
[-190, 124, 494]
[-190, 125, 495]
[-190, 125, 495]
[-190, 126, 496]
[-191, 126, 496]
[-191, 127, 496]
[-191, 127, 497]
[-192, 128, 497]
[-192, 128, 497]
[-192, 129, 498]
[-193, 129, 498]
[-193, 130, 498]
[-194, 130, 499]
[-194, 130, 499]
[-195, 131, 499]
[-195, 131, 500]
[-196, 132, 500]
[-197, 132, 500]
[-197, 133, 501]
[-198, 133, 501]
[-199, 134, 501]
[-199, 134, 501]
[-200, 135, 502]
[-201, 135, 502]
[-202, 136, 502]
[-203, 136, 502]
[-203, 137, 502]
[-204, 137, 503]
[-205, 138, 503]
[-206, 138, 503]
[-207, 139, 503]
[-208, 139, 503]
[-209, 140, 503]
[-210, 140, 503]
[-211, 141, 504]
[-213, 141, 504]
[-214, 142, 504]
[-215, 142, 504]
[-216, 143, 504]
[-217, 143, 504]
[-218, 144, 504]
[-220, 144, 504]
[-221, 145, 504]
[-222, 145, 504]
[-224, 146, 504]
[-225, 147, 504]
[-226, 147, 504]
[-228, 148, 504]
[-229, 148, 504]
[-231, 149, 504]
[-232, 149, 504]
[-234, 150, 504]
[-235, 150, 504]
[-237, 151, 504]
[-238, 151, 504]
[-240, 152, 504]
[-241, 152, 504]
[-243, 153, 503]
[-244, 153, 503]
[-246, 154, 503]
[-247, 154, 503]
[-249, 155, 503]
[-251, 155, 503]
[-252, 156, 503]
[-254, 157, 502]
[-255, 157, 502]
[-257, 158, 502]
[-259, 158, 502]
[-260, 159, 502]
[-262, 159, 501]
[-264, 160, 501]
[-265, 160, 501]
[-267, 161, 501]
[-269, 161, 500]
[-270, 162, 500]
[-272, 162, 500]
[-274, 163, 499]
[-275, 163, 499]
[-277, 164, 499]
[-278, 165, 499]
[-280, 165, 498]
[-282, 166, 498]
[-283, 166, 497]
[-285, 167, 497]
[-286, 167, 497]
[-288, 168, 496]
[-289, 168, 496]
[-291, 169, 496]
[-292, 169, 495]
[-294, 170, 495]
[-295, 170, 494]
[-297, 171, 494]
[-298, 171, 493]
[-300, 172, 493]
[-301, 172, 493]
[-303, 173, 492]
[-304, 173, 492]
[-305, 174, 491]
[-307, 175, 491]
[-308, 175, 490]
[-309, 176, 490]
[-311, 176, 489]
[-312, 177, 488]
[-313, 177, 488]
[-314, 178, 487]
[-315, 178, 487]
[-316, 179, 486]
[-318, 179, 486]
[-319, 180, 485]
[-320, 180, 484]
[-321, 181, 484]
[-322, 181, 483]
[-323, 182, 483]
[-324, 182, 482]
[-325, 183, 481]
[-326, 183, 481]
[-326, 184, 480]
[-327, 184, 479]
[-328, 185, 479]
[-329, 185, 478]
[-330, 186, 477]
[-330, 186, 477]
[-331, 187, 476]
[-332, 187, 475]
[-332, 188, 474]
[-333, 188, 474]
[-334, 189, 473]
[-334, 189, 472]
[-335, 190, 471]
[-335, 190, 471]
[-336, 190, 470]
[-336, 191, 469]
[-337, 191, 468]
[-337, 192, 468]
[-337, 192, 467]
[-338, 193, 466]
[-338, 193, 465]
[-338, 194, 464]
[-339, 194, 464]
[-339, 195, 463]
[-339, 195, 462]
[-339, 196, 461]
[-339, 196, 460]
[-340, 196, 459]
[-340, 197, 458]
[-340, 197, 458]
[-340, 198, 457]
[-340, 198, 456]
[-340, 199, 455]
[-340, 199, 454]
[-340, 199, 453]
[-340, 200, 452]
[-340, 200, 451]
[-340, 201, 450]
[-340, 201, 449]
[-340, 202, 449]
[-340, 202, 448]
[-340, 202, 447]
[-340, 203, 446]
[-339, 203, 445]
[-339, 204, 444]
[-339, 204, 443]
[-339, 204, 442]
[-339, 205, 441]
[-339, 205, 440]
[-338, 205, 439]
[-338, 206, 438]
[-338, 206, 437]
[-338, 207, 436]
[-338, 207, 435]
[-337, 207, 434]
[-337, 208, 433]
[-337, 208, 432]
[-337, 208, 431]
[-336, 209, 430]
[-336, 209, 429]
[-336, 209, 428]
[-336, 210, 427]
[-335, 210, 426]
[-335, 210, 425]
[-335, 211, 424]
[-335, 211, 423]
[-334, 211, 421]
[-334, 212, 420]
[-334, 212, 419]
[-334, 212, 418]
[-333, 213, 417]
[-333, 213, 416]
[-333, 213, 415]
[-333, 213, 414]
[-333, 214, 413]
[-332, 214, 412]
[-332, 214, 411]
[-332, 215, 410]
[-332, 215, 409]
[-332, 215, 407]
[-331, 215, 406]
[-331, 216, 405]
[-331, 216, 404]
[-331, 216, 403]
[-331, 216, 402]
[-331, 217, 401]
[-331, 217, 400]
[-330, 217, 399]
[-330, 217, 398]
[-330, 217, 396]
[-330, 218, 395]
[-330, 218, 394]
[-330, 218, 393]
[-330, 218, 392]
[-330, 219, 391]
[-330, 219, 390]
[-330, 219, 389]
[-330, 219, 387]
[-329, 219, 386]
[-329, 219, 385]
[-329, 220, 384]
[-329, 220, 383]
[-329, 220, 382]
[-329, 220, 381]
[-329, 220, 380]
[-329, 220, 379]
[-329, 220, 377]
[-329, 221, 376]
[-329, 221, 375]
[-329, 221, 374]
[-329, 221, 373]
[-329, 221, 372]
[-330, 221, 371]
[-330, 221, 370]
[-330, 221, 368]
[-330, 221, 367]
[-330, 221, 366]
[-330, 222, 365]
[-330, 222, 364]
[-330, 222, 363]
[-330, 222, 362]
[-330, 222, 361]
[-330, 222, 360]
[-330, 222, 359]
[-330, 222, 357]
[-330, 222, 356]
[-330, 222, 355]
[-330, 222, 354]
[-330, 222, 353]
[-330, 222, 352]
