# Curve Parameters
# y_end: 226
# loops: 0
# A (south bulge): 140
# B (lateral wiggle): 10
# samples: 350
#
# Analysis Results
# max_grade: 0.977099
# length_3d: 369.52
# length_2d: 336.28
# min_horiz_step: 0.214550
# status: OK
#
# Coordinates (x, y, z)
#==================================================

[-199, 98, 410]
[-199, 98, 411]
[-199, 98, 413]
[-199, 98, 414]
[-199, 98, 415]
[-199, 98, 416]
[-199, 98, 418]
[-199, 98, 419]
[-199, 98, 420]
[-199, 98, 421]
[-199, 98, 422]
[-199, 98, 424]
[-199, 98, 425]
[-200, 99, 426]
[-200, 99, 427]
[-200, 99, 429]
[-200, 99, 430]
[-200, 99, 431]
[-200, 99, 432]
[-200, 99, 433]
[-200, 99, 435]
[-200, 99, 436]
[-200, 99, 437]
[-201, 100, 438]
[-201, 100, 439]
[-201, 100, 440]
[-201, 100, 442]
[-201, 100, 443]
[-201, 100, 444]
[-202, 101, 445]
[-202, 101, 446]
[-202, 101, 447]
[-202, 101, 448]
[-202, 101, 450]
[-202, 101, 451]
[-203, 102, 452]
[-203, 102, 453]
[-203, 102, 454]
[-203, 102, 455]
[-204, 102, 456]
[-204, 103, 457]
[-204, 103, 458]
[-204, 103, 459]
[-204, 103, 460]
[-205, 104, 461]
[-205, 104, 463]
[-205, 104, 464]
[-205, 104, 465]
[-206, 105, 466]
[-206, 105, 467]
[-206, 105, 468]
[-207, 105, 469]
[-207, 106, 470]
[-207, 106, 471]
[-207, 106, 472]
[-208, 107, 473]
[-208, 107, 474]
[-208, 107, 475]
[-209, 107, 476]
[-209, 108, 476]
[-209, 108, 477]
[-210, 108, 478]
[-210, 109, 479]
[-210, 109, 480]
[-211, 109, 481]
[-211, 110, 482]
[-211, 110, 483]
[-212, 110, 484]
[-212, 111, 485]
[-212, 111, 486]
[-213, 111, 486]
[-213, 112, 487]
[-213, 112, 488]
[-214, 112, 489]
[-214, 113, 490]
[-215, 113, 491]
[-215, 114, 491]
[-215, 114, 492]
[-216, 114, 493]
[-216, 115, 494]
[-216, 115, 495]
[-217, 115, 495]
[-217, 116, 496]
[-218, 116, 497]
[-218, 117, 498]
[-219, 117, 498]
[-219, 117, 499]
[-219, 118, 500]
[-220, 118, 500]
[-220, 119, 501]
[-221, 119, 502]
[-221, 120, 503]
[-222, 120, 503]
[-222, 120, 504]
[-222, 121, 504]
[-223, 121, 505]
[-223, 122, 506]
[-224, 122, 506]
[-224, 123, 507]
[-225, 123, 508]
[-225, 124, 508]
[-226, 124, 509]
[-226, 124, 509]
[-226, 125, 510]
[-227, 125, 510]
[-227, 126, 511]
[-228, 126, 511]
[-228, 127, 512]
[-229, 127, 512]
[-229, 128, 513]
[-230, 128, 513]
[-230, 129, 514]
[-231, 129, 514]
[-231, 130, 515]
[-232, 130, 515]
[-232, 131, 516]
[-233, 131, 516]
[-233, 132, 516]
[-234, 132, 517]
[-234, 132, 517]
[-235, 133, 518]
[-235, 133, 518]
[-236, 134, 518]
[-236, 134, 519]
[-237, 135, 519]
[-237, 135, 519]
[-238, 136, 520]
[-238, 137, 520]
[-239, 137, 520]
[-239, 138, 521]
[-240, 138, 521]
[-241, 139, 521]
[-241, 139, 521]
[-242, 140, 521]
[-242, 140, 522]
[-243, 141, 522]
[-243, 141, 522]
[-244, 142, 522]
[-244, 142, 522]
[-245, 143, 523]
[-245, 143, 523]
[-246, 144, 523]
[-246, 144, 523]
[-247, 145, 523]
[-248, 145, 523]
[-248, 146, 523]
[-249, 146, 523]
[-249, 147, 524]
[-250, 148, 524]
[-250, 148, 524]
[-251, 149, 524]
[-251, 149, 524]
[-252, 150, 524]
[-252, 150, 524]
[-253, 151, 524]
[-254, 151, 524]
[-254, 152, 524]
[-255, 152, 524]
[-255, 153, 524]
[-256, 153, 523]
[-256, 154, 523]
[-257, 155, 523]
[-257, 155, 523]
[-258, 156, 523]
[-259, 156, 523]
[-259, 157, 523]
[-260, 157, 523]
[-260, 158, 523]
[-261, 158, 522]
[-261, 159, 522]
[-262, 160, 522]
[-263, 160, 522]
[-263, 161, 522]
[-264, 161, 521]
[-264, 162, 521]
[-265, 162, 521]
[-265, 163, 521]
[-266, 163, 520]
[-266, 164, 520]
[-267, 164, 520]
[-268, 165, 519]
[-268, 166, 519]
[-269, 166, 519]
[-269, 167, 518]
[-270, 167, 518]
[-270, 168, 518]
[-271, 168, 517]
[-272, 169, 517]
[-272, 169, 517]
[-273, 170, 516]
[-273, 171, 516]
[-274, 171, 515]
[-274, 172, 515]
[-275, 172, 514]
[-275, 173, 514]
[-276, 173, 514]
[-277, 174, 513]
[-277, 174, 513]
[-278, 175, 512]
[-278, 175, 512]
[-279, 176, 511]
[-279, 176, 510]
[-280, 177, 510]
[-280, 178, 509]
[-281, 178, 509]
[-281, 179, 508]
[-282, 179, 508]
[-283, 180, 507]
[-283, 180, 506]
[-284, 181, 506]
[-284, 181, 505]
[-285, 182, 505]
[-285, 182, 504]
[-286, 183, 503]
[-286, 183, 503]
[-287, 184, 502]
[-287, 184, 501]
[-288, 185, 500]
[-288, 185, 500]
[-289, 186, 499]
[-290, 186, 498]
[-290, 187, 498]
[-291, 187, 497]
[-291, 188, 496]
[-292, 189, 495]
[-292, 189, 495]
[-293, 190, 494]
[-293, 190, 493]
[-294, 191, 492]
[-294, 191, 491]
[-295, 192, 491]
[-295, 192, 490]
[-296, 192, 489]
[-296, 193, 488]
[-297, 193, 487]
[-297, 194, 486]
[-298, 194, 485]
[-298, 195, 485]
[-299, 195, 484]
[-299, 196, 483]
[-300, 196, 482]
[-300, 197, 481]
[-301, 197, 480]
[-301, 198, 479]
[-302, 198, 478]
[-302, 199, 477]
[-303, 199, 476]
[-303, 200, 475]
[-303, 200, 474]
[-304, 200, 473]
[-304, 201, 472]
[-305, 201, 471]
[-305, 202, 470]
[-306, 202, 469]
[-306, 203, 468]
[-307, 203, 467]
[-307, 204, 466]
[-307, 204, 465]
[-308, 204, 464]
[-308, 205, 463]
[-309, 205, 462]
[-309, 206, 461]
[-310, 206, 460]
[-310, 207, 459]
[-310, 207, 458]
[-311, 207, 457]
[-311, 208, 455]
[-312, 208, 454]
[-312, 209, 453]
[-313, 209, 452]
[-313, 209, 451]
[-313, 210, 450]
[-314, 210, 449]
[-314, 210, 448]
[-314, 211, 446]
[-315, 211, 445]
[-315, 212, 444]
[-316, 212, 443]
[-316, 212, 442]
[-316, 213, 441]
[-317, 213, 439]
[-317, 213, 438]
[-317, 214, 437]
[-318, 214, 436]
[-318, 214, 435]
[-318, 215, 433]
[-319, 215, 432]
[-319, 215, 431]
[-319, 216, 430]
[-320, 216, 429]
[-320, 216, 427]
[-320, 217, 426]
[-321, 217, 425]
[-321, 217, 424]
[-321, 217, 422]
[-322, 218, 421]
[-322, 218, 420]
[-322, 218, 419]
[-322, 219, 417]
[-323, 219, 416]
[-323, 219, 415]
[-323, 219, 414]
[-324, 220, 412]
[-324, 220, 411]
[-324, 220, 410]
[-324, 220, 409]
[-325, 221, 407]
[-325, 221, 406]
[-325, 221, 405]
[-325, 221, 403]
[-325, 222, 402]
[-326, 222, 401]
[-326, 222, 400]
[-326, 222, 398]
[-326, 222, 397]
[-327, 223, 396]
[-327, 223, 394]
[-327, 223, 393]
[-327, 223, 392]
[-327, 223, 391]
[-327, 223, 389]
[-328, 224, 388]
[-328, 224, 387]
[-328, 224, 385]
[-328, 224, 384]
[-328, 224, 383]
[-328, 224, 382]
[-329, 225, 380]
[-329, 225, 379]
[-329, 225, 378]
[-329, 225, 376]
[-329, 225, 375]
[-329, 225, 374]
[-329, 225, 372]
[-329, 225, 371]
[-329, 225, 370]
[-329, 225, 369]
[-330, 226, 367]
[-330, 226, 366]
[-330, 226, 365]
[-330, 226, 363]
[-330, 226, 362]
[-330, 226, 361]
[-330, 226, 360]
[-330, 226, 358]
[-330, 226, 357]
[-330, 226, 356]
[-330, 226, 355]
[-330, 226, 353]
[-330, 226, 352]
