# Curve Parameters
# y_end: 222
# loops: 0
# A (south bulge): 120
# B (lateral wiggle): 60
# samples: 350
#
# Analysis Results
# max_grade: 0.946564
# length_3d: 334.14
# length_2d: 301.03
# min_horiz_step: 0.212773
# status: OK
#
# Coordinates (x, y, z)
#==================================================

[-199, 98, 410]
[-199, 98, 411]
[-199, 98, 412]
[-199, 98, 413]
[-199, 98, 414]
[-199, 98, 415]
[-199, 98, 416]
[-199, 98, 417]
[-199, 98, 419]
[-199, 98, 420]
[-199, 98, 421]
[-199, 98, 422]
[-199, 98, 423]
[-200, 99, 424]
[-200, 99, 425]
[-200, 99, 426]
[-200, 99, 427]
[-200, 99, 428]
[-200, 99, 429]
[-200, 99, 430]
[-200, 99, 431]
[-200, 99, 432]
[-200, 99, 433]
[-201, 100, 434]
[-201, 100, 435]
[-201, 100, 436]
[-201, 100, 437]
[-201, 100, 438]
[-201, 100, 439]
[-202, 100, 440]
[-202, 101, 441]
[-202, 101, 442]
[-202, 101, 443]
[-202, 101, 444]
[-202, 101, 445]
[-203, 101, 446]
[-203, 102, 446]
[-203, 102, 447]
[-203, 102, 448]
[-204, 102, 449]
[-204, 103, 450]
[-204, 103, 451]
[-204, 103, 452]
[-204, 103, 453]
[-205, 103, 454]
[-205, 104, 455]
[-205, 104, 456]
[-205, 104, 456]
[-206, 104, 457]
[-206, 105, 458]
[-206, 105, 459]
[-207, 105, 460]
[-207, 105, 461]
[-207, 106, 461]
[-207, 106, 462]
[-208, 106, 463]
[-208, 107, 464]
[-208, 107, 465]
[-209, 107, 466]
[-209, 107, 466]
[-209, 108, 467]
[-210, 108, 468]
[-210, 108, 469]
[-210, 109, 469]
[-211, 109, 470]
[-211, 109, 471]
[-211, 110, 472]
[-212, 110, 472]
[-212, 110, 473]
[-212, 111, 474]
[-213, 111, 475]
[-213, 111, 475]
[-213, 112, 476]
[-214, 112, 477]
[-214, 112, 477]
[-215, 113, 478]
[-215, 113, 479]
[-215, 113, 479]
[-216, 114, 480]
[-216, 114, 481]
[-216, 115, 481]
[-217, 115, 482]
[-217, 115, 483]
[-218, 116, 483]
[-218, 116, 484]
[-219, 116, 484]
[-219, 117, 485]
[-219, 117, 486]
[-220, 118, 486]
[-220, 118, 487]
[-221, 118, 487]
[-221, 119, 488]
[-222, 119, 488]
[-222, 120, 489]
[-222, 120, 489]
[-223, 121, 490]
[-223, 121, 491]
[-224, 121, 491]
[-224, 122, 492]
[-225, 122, 492]
[-225, 123, 492]
[-226, 123, 493]
[-226, 124, 493]
[-226, 124, 494]
[-227, 124, 494]
[-227, 125, 495]
[-228, 125, 495]
[-228, 126, 496]
[-229, 126, 496]
[-229, 127, 496]
[-230, 127, 497]
[-230, 128, 497]
[-231, 128, 497]
[-231, 129, 498]
[-232, 129, 498]
[-232, 130, 498]
[-233, 130, 499]
[-233, 130, 499]
[-234, 131, 499]
[-234, 131, 500]
[-235, 132, 500]
[-235, 132, 500]
[-236, 133, 501]
[-236, 133, 501]
[-237, 134, 501]
[-237, 134, 501]
[-238, 135, 502]
[-238, 135, 502]
[-239, 136, 502]
[-239, 136, 502]
[-240, 137, 502]
[-241, 137, 503]
[-241, 138, 503]
[-242, 138, 503]
[-242, 139, 503]
[-243, 139, 503]
[-243, 140, 503]
[-244, 140, 503]
[-244, 141, 504]
[-245, 141, 504]
[-245, 142, 504]
[-246, 142, 504]
[-246, 143, 504]
[-247, 143, 504]
[-248, 144, 504]
[-248, 144, 504]
[-249, 145, 504]
[-249, 145, 504]
[-250, 146, 504]
[-250, 147, 504]
[-251, 147, 504]
[-251, 148, 504]
[-252, 148, 504]
[-252, 149, 504]
[-253, 149, 504]
[-254, 150, 504]
[-254, 150, 504]
[-255, 151, 504]
[-255, 151, 504]
[-256, 152, 504]
[-256, 152, 504]
[-257, 153, 503]
[-257, 153, 503]
[-258, 154, 503]
[-259, 154, 503]
[-259, 155, 503]
[-260, 155, 503]
[-260, 156, 503]
[-261, 157, 502]
[-261, 157, 502]
[-262, 158, 502]
[-263, 158, 502]
[-263, 159, 502]
[-264, 159, 501]
[-264, 160, 501]
[-265, 160, 501]
[-265, 161, 501]
[-266, 161, 500]
[-266, 162, 500]
[-267, 162, 500]
[-268, 163, 499]
[-268, 163, 499]
[-269, 164, 499]
[-269, 165, 499]
[-270, 165, 498]
[-270, 166, 498]
[-271, 166, 497]
[-272, 167, 497]
[-272, 167, 497]
[-273, 168, 496]
[-273, 168, 496]
[-274, 169, 496]
[-274, 169, 495]
[-275, 170, 495]
[-275, 170, 494]
[-276, 171, 494]
[-277, 171, 493]
[-277, 172, 493]
[-278, 172, 493]
[-278, 173, 492]
[-279, 173, 492]
[-279, 174, 491]
[-280, 175, 491]
[-280, 175, 490]
[-281, 176, 490]
[-281, 176, 489]
[-282, 177, 488]
[-283, 177, 488]
[-283, 178, 487]
[-284, 178, 487]
[-284, 179, 486]
[-285, 179, 486]
[-285, 180, 485]
[-286, 180, 484]
[-286, 181, 484]
[-287, 181, 483]
[-287, 182, 483]
[-288, 182, 482]
[-288, 183, 481]
[-289, 183, 481]
[-290, 184, 480]
[-290, 184, 479]
[-291, 185, 479]
[-291, 185, 478]
[-292, 186, 477]
[-292, 186, 477]
[-293, 187, 476]
[-293, 187, 475]
[-294, 188, 474]
[-294, 188, 474]
[-295, 189, 473]
[-295, 189, 472]
[-296, 190, 471]
[-296, 190, 471]
[-297, 190, 470]
[-297, 191, 469]
[-298, 191, 468]
[-298, 192, 468]
[-299, 192, 467]
[-299, 193, 466]
[-300, 193, 465]
[-300, 194, 464]
[-301, 194, 464]
[-301, 195, 463]
[-302, 195, 462]
[-302, 196, 461]
[-303, 196, 460]
[-303, 196, 459]
[-303, 197, 458]
[-304, 197, 458]
[-304, 198, 457]
[-305, 198, 456]
[-305, 199, 455]
[-306, 199, 454]
[-306, 199, 453]
[-307, 200, 452]
[-307, 200, 451]
[-307, 201, 450]
[-308, 201, 449]
[-308, 202, 449]
[-309, 202, 448]
[-309, 202, 447]
[-310, 203, 446]
[-310, 203, 445]
[-310, 204, 444]
[-311, 204, 443]
[-311, 204, 442]
[-312, 205, 441]
[-312, 205, 440]
[-313, 205, 439]
[-313, 206, 438]
[-313, 206, 437]
[-314, 207, 436]
[-314, 207, 435]
[-314, 207, 434]
[-315, 208, 433]
[-315, 208, 432]
[-316, 208, 431]
[-316, 209, 430]
[-316, 209, 429]
[-317, 209, 428]
[-317, 210, 427]
[-317, 210, 426]
[-318, 210, 425]
[-318, 211, 424]
[-318, 211, 423]
[-319, 211, 421]
[-319, 212, 420]
[-319, 212, 419]
[-320, 212, 418]
[-320, 213, 417]
[-320, 213, 416]
[-321, 213, 415]
[-321, 213, 414]
[-321, 214, 413]
[-322, 214, 412]
[-322, 214, 411]
[-322, 215, 410]
[-322, 215, 409]
[-323, 215, 407]
[-323, 215, 406]
[-323, 216, 405]
[-324, 216, 404]
[-324, 216, 403]
[-324, 216, 402]
[-324, 217, 401]
[-325, 217, 400]
[-325, 217, 399]
[-325, 217, 398]
[-325, 217, 396]
[-325, 218, 395]
[-326, 218, 394]
[-326, 218, 393]
[-326, 218, 392]
[-326, 219, 391]
[-327, 219, 390]
[-327, 219, 389]
[-327, 219, 387]
[-327, 219, 386]
[-327, 219, 385]
[-327, 220, 384]
[-328, 220, 383]
[-328, 220, 382]
[-328, 220, 381]
[-328, 220, 380]
[-328, 220, 379]
[-328, 220, 377]
[-329, 221, 376]
[-329, 221, 375]
[-329, 221, 374]
[-329, 221, 373]
[-329, 221, 372]
[-329, 221, 371]
[-329, 221, 370]
[-329, 221, 368]
[-329, 221, 367]
[-329, 221, 366]
[-330, 222, 365]
[-330, 222, 364]
[-330, 222, 363]
[-330, 222, 362]
[-330, 222, 361]
[-330, 222, 360]
[-330, 222, 359]
[-330, 222, 357]
[-330, 222, 356]
[-330, 222, 355]
[-330, 222, 354]
[-330, 222, 353]
[-330, 222, 352]
