# Curve Parameters
# y_end: 230
# loops: 1
# A (south bulge): 140
# B (lateral wiggle): 60
# samples: 350
#
# Analysis Results
# max_grade: 0.848462
# length_3d: 425.54
# length_2d: 398.86
# min_horiz_step: 0.220531
# status: OK
#
# Coordinates (x, y, z)
#==================================================

[-199, 98, 410]
[-199, 98, 411]
[-199, 98, 413]
[-199, 98, 414]
[-199, 98, 415]
[-199, 98, 416]
[-199, 98, 418]
[-199, 98, 419]
[-199, 98, 420]
[-199, 98, 421]
[-199, 98, 422]
[-199, 98, 424]
[-199, 98, 425]
[-199, 99, 426]
[-199, 99, 427]
[-199, 99, 429]
[-199, 99, 430]
[-199, 99, 431]
[-200, 99, 432]
[-200, 99, 433]
[-200, 99, 435]
[-200, 99, 436]
[-200, 100, 437]
[-200, 100, 438]
[-200, 100, 439]
[-200, 100, 440]
[-200, 100, 442]
[-200, 100, 443]
[-200, 100, 444]
[-200, 101, 445]
[-200, 101, 446]
[-200, 101, 447]
[-199, 101, 448]
[-199, 101, 450]
[-199, 102, 451]
[-199, 102, 452]
[-199, 102, 453]
[-199, 102, 454]
[-199, 102, 455]
[-199, 103, 456]
[-199, 103, 457]
[-199, 103, 458]
[-199, 103, 459]
[-198, 104, 460]
[-198, 104, 461]
[-198, 104, 463]
[-198, 104, 464]
[-198, 105, 465]
[-198, 105, 466]
[-198, 105, 467]
[-197, 105, 468]
[-197, 106, 469]
[-197, 106, 470]
[-197, 106, 471]
[-197, 107, 472]
[-196, 107, 473]
[-196, 107, 474]
[-196, 107, 475]
[-196, 108, 476]
[-196, 108, 476]
[-195, 108, 477]
[-195, 109, 478]
[-195, 109, 479]
[-195, 109, 480]
[-194, 110, 481]
[-194, 110, 482]
[-194, 110, 483]
[-194, 111, 484]
[-193, 111, 485]
[-193, 111, 486]
[-193, 112, 486]
[-193, 112, 487]
[-192, 113, 488]
[-192, 113, 489]
[-192, 113, 490]
[-192, 114, 491]
[-191, 114, 491]
[-191, 114, 492]
[-191, 115, 493]
[-191, 115, 494]
[-191, 116, 495]
[-190, 116, 495]
[-190, 116, 496]
[-190, 117, 497]
[-190, 117, 498]
[-190, 118, 498]
[-190, 118, 499]
[-189, 119, 500]
[-189, 119, 500]
[-189, 119, 501]
[-189, 120, 502]
[-189, 120, 503]
[-189, 121, 503]
[-189, 121, 504]
[-189, 122, 504]
[-189, 122, 505]
[-189, 122, 506]
[-189, 123, 506]
[-189, 123, 507]
[-189, 124, 508]
[-189, 124, 508]
[-189, 125, 509]
[-189, 125, 509]
[-190, 126, 510]
[-190, 126, 510]
[-190, 127, 511]
[-190, 127, 511]
[-190, 128, 512]
[-191, 128, 512]
[-191, 129, 513]
[-191, 129, 513]
[-192, 130, 514]
[-192, 130, 514]
[-192, 131, 515]
[-193, 131, 515]
[-193, 132, 516]
[-194, 132, 516]
[-194, 133, 516]
[-195, 133, 517]
[-195, 134, 517]
[-196, 134, 518]
[-197, 135, 518]
[-197, 135, 518]
[-198, 136, 519]
[-199, 136, 519]
[-199, 137, 519]
[-200, 137, 520]
[-201, 138, 520]
[-202, 138, 520]
[-203, 139, 521]
[-203, 139, 521]
[-204, 140, 521]
[-205, 140, 521]
[-206, 141, 521]
[-207, 141, 522]
[-208, 142, 522]
[-209, 143, 522]
[-210, 143, 522]
[-211, 144, 522]
[-213, 144, 523]
[-214, 145, 523]
[-215, 145, 523]
[-216, 146, 523]
[-217, 146, 523]
[-218, 147, 523]
[-220, 147, 523]
[-221, 148, 523]
[-222, 149, 524]
[-224, 149, 524]
[-225, 150, 524]
[-226, 150, 524]
[-228, 151, 524]
[-229, 151, 524]
[-231, 152, 524]
[-232, 152, 524]
[-234, 153, 524]
[-235, 154, 524]
[-237, 154, 524]
[-238, 155, 524]
[-240, 155, 523]
[-241, 156, 523]
[-243, 156, 523]
[-244, 157, 523]
[-246, 157, 523]
[-247, 158, 523]
[-249, 159, 523]
[-251, 159, 523]
[-252, 160, 523]
[-254, 160, 522]
[-255, 161, 522]
[-257, 161, 522]
[-259, 162, 522]
[-260, 163, 522]
[-262, 163, 521]
[-264, 164, 521]
[-265, 164, 521]
[-267, 165, 521]
[-269, 165, 520]
[-270, 166, 520]
[-272, 167, 520]
[-274, 167, 519]
[-275, 168, 519]
[-277, 168, 519]
[-278, 169, 518]
[-280, 169, 518]
[-282, 170, 518]
[-283, 171, 517]
[-285, 171, 517]
[-286, 172, 517]
[-288, 172, 516]
[-289, 173, 516]
[-291, 173, 515]
[-292, 174, 515]
[-294, 174, 514]
[-295, 175, 514]
[-297, 176, 514]
[-298, 176, 513]
[-300, 177, 513]
[-301, 177, 512]
[-303, 178, 512]
[-304, 178, 511]
[-305, 179, 510]
[-307, 179, 510]
[-308, 180, 509]
[-309, 181, 509]
[-311, 181, 508]
[-312, 182, 508]
[-313, 182, 507]
[-314, 183, 506]
[-315, 183, 506]
[-316, 184, 505]
[-318, 184, 505]
[-319, 185, 504]
[-320, 185, 503]
[-321, 186, 503]
[-322, 187, 502]
[-323, 187, 501]
[-324, 188, 500]
[-325, 188, 500]
[-326, 189, 499]
[-326, 189, 498]
[-327, 190, 498]
[-328, 190, 497]
[-329, 191, 496]
[-330, 191, 495]
[-330, 192, 495]
[-331, 192, 494]
[-332, 193, 493]
[-332, 193, 492]
[-333, 194, 491]
[-334, 194, 491]
[-334, 195, 490]
[-335, 195, 489]
[-335, 196, 488]
[-336, 196, 487]
[-336, 197, 486]
[-337, 197, 485]
[-337, 198, 485]
[-337, 198, 484]
[-338, 199, 483]
[-338, 199, 482]
[-338, 200, 481]
[-339, 200, 480]
[-339, 201, 479]
[-339, 201, 478]
[-339, 202, 477]
[-339, 202, 476]
[-340, 203, 475]
[-340, 203, 474]
[-340, 204, 473]
[-340, 204, 472]
[-340, 205, 471]
[-340, 205, 470]
[-340, 206, 469]
[-340, 206, 468]
[-340, 206, 467]
[-340, 207, 466]
[-340, 207, 465]
[-340, 208, 464]
[-340, 208, 463]
[-340, 209, 462]
[-340, 209, 461]
[-340, 209, 460]
[-339, 210, 459]
[-339, 210, 458]
[-339, 211, 457]
[-339, 211, 455]
[-339, 212, 454]
[-339, 212, 453]
[-338, 212, 452]
[-338, 213, 451]
[-338, 213, 450]
[-338, 214, 449]
[-338, 214, 448]
[-337, 214, 446]
[-337, 215, 445]
[-337, 215, 444]
[-337, 215, 443]
[-336, 216, 442]
[-336, 216, 441]
[-336, 217, 439]
[-336, 217, 438]
[-335, 217, 437]
[-335, 218, 436]
[-335, 218, 435]
[-335, 218, 433]
[-334, 219, 432]
[-334, 219, 431]
[-334, 219, 430]
[-334, 220, 429]
[-333, 220, 427]
[-333, 220, 426]
[-333, 221, 425]
[-333, 221, 424]
[-333, 221, 422]
[-332, 221, 421]
[-332, 222, 420]
[-332, 222, 419]
[-332, 222, 417]
[-332, 223, 416]
[-331, 223, 415]
[-331, 223, 414]
[-331, 223, 412]
[-331, 224, 411]
[-331, 224, 410]
[-331, 224, 409]
[-331, 224, 407]
[-330, 225, 406]
[-330, 225, 405]
[-330, 225, 403]
[-330, 225, 402]
[-330, 226, 401]
[-330, 226, 400]
[-330, 226, 398]
[-330, 226, 397]
[-330, 226, 396]
[-330, 227, 394]
[-330, 227, 393]
[-329, 227, 392]
[-329, 227, 391]
[-329, 227, 389]
[-329, 228, 388]
[-329, 228, 387]
[-329, 228, 385]
[-329, 228, 384]
[-329, 228, 383]
[-329, 228, 382]
[-329, 228, 380]
[-329, 229, 379]
[-329, 229, 378]
[-329, 229, 376]
[-329, 229, 375]
[-330, 229, 374]
[-330, 229, 372]
[-330, 229, 371]
[-330, 229, 370]
[-330, 229, 369]
[-330, 230, 367]
[-330, 230, 366]
[-330, 230, 365]
[-330, 230, 363]
[-330, 230, 362]
[-330, 230, 361]
[-330, 230, 360]
[-330, 230, 358]
[-330, 230, 357]
[-330, 230, 356]
[-330, 230, 355]
[-330, 230, 353]
[-330, 230, 352]
