# Curve Parameters
# y_end: 232
# loops: 1
# A (south bulge): 140
# B (lateral wiggle): 30
# samples: 350
#
# Analysis Results
# max_grade: 0.796051
# length_3d: 392.98
# length_2d: 362.28
# min_horiz_step: 0.243295
# status: OK
#
# Coordinates (x, y, z)
#==================================================

[-199, 98, 410]
[-199, 98, 411]
[-199, 98, 413]
[-199, 98, 414]
[-199, 98, 415]
[-199, 98, 416]
[-199, 98, 418]
[-199, 98, 419]
[-199, 98, 420]
[-199, 98, 421]
[-199, 98, 422]
[-199, 98, 424]
[-199, 98, 425]
[-199, 99, 426]
[-199, 99, 427]
[-200, 99, 429]
[-200, 99, 430]
[-200, 99, 431]
[-200, 99, 432]
[-200, 99, 433]
[-200, 99, 435]
[-200, 99, 436]
[-200, 100, 437]
[-200, 100, 438]
[-200, 100, 439]
[-200, 100, 440]
[-200, 100, 442]
[-200, 100, 443]
[-200, 100, 444]
[-201, 101, 445]
[-201, 101, 446]
[-201, 101, 447]
[-201, 101, 448]
[-201, 101, 450]
[-201, 102, 451]
[-201, 102, 452]
[-201, 102, 453]
[-201, 102, 454]
[-201, 102, 455]
[-201, 103, 456]
[-201, 103, 457]
[-201, 103, 458]
[-201, 103, 459]
[-201, 104, 460]
[-202, 104, 461]
[-202, 104, 463]
[-202, 104, 464]
[-202, 105, 465]
[-202, 105, 466]
[-202, 105, 467]
[-202, 105, 468]
[-202, 106, 469]
[-202, 106, 470]
[-202, 106, 471]
[-202, 107, 472]
[-202, 107, 473]
[-202, 107, 474]
[-202, 108, 475]
[-202, 108, 476]
[-202, 108, 476]
[-202, 109, 477]
[-202, 109, 478]
[-202, 109, 479]
[-202, 110, 480]
[-202, 110, 481]
[-203, 110, 482]
[-203, 111, 483]
[-203, 111, 484]
[-203, 111, 485]
[-203, 112, 486]
[-203, 112, 486]
[-203, 112, 487]
[-203, 113, 488]
[-203, 113, 489]
[-203, 114, 490]
[-203, 114, 491]
[-203, 114, 491]
[-203, 115, 492]
[-203, 115, 493]
[-203, 115, 494]
[-204, 116, 495]
[-204, 116, 495]
[-204, 117, 496]
[-204, 117, 497]
[-204, 118, 498]
[-204, 118, 498]
[-204, 118, 499]
[-204, 119, 500]
[-205, 119, 500]
[-205, 120, 501]
[-205, 120, 502]
[-205, 121, 503]
[-205, 121, 503]
[-205, 121, 504]
[-206, 122, 504]
[-206, 122, 505]
[-206, 123, 506]
[-206, 123, 506]
[-207, 124, 507]
[-207, 124, 508]
[-207, 125, 508]
[-207, 125, 509]
[-208, 126, 509]
[-208, 126, 510]
[-208, 127, 510]
[-209, 127, 511]
[-209, 128, 511]
[-209, 128, 512]
[-210, 129, 512]
[-210, 129, 513]
[-211, 130, 513]
[-211, 130, 514]
[-211, 131, 514]
[-212, 131, 515]
[-212, 132, 515]
[-213, 132, 516]
[-213, 133, 516]
[-214, 133, 516]
[-214, 134, 517]
[-215, 134, 517]
[-215, 135, 518]
[-216, 135, 518]
[-217, 136, 518]
[-217, 136, 519]
[-218, 137, 519]
[-218, 137, 519]
[-219, 138, 520]
[-220, 138, 520]
[-220, 139, 520]
[-221, 139, 521]
[-222, 140, 521]
[-222, 140, 521]
[-223, 141, 521]
[-224, 142, 521]
[-225, 142, 522]
[-225, 143, 522]
[-226, 143, 522]
[-227, 144, 522]
[-228, 144, 522]
[-229, 145, 523]
[-230, 145, 523]
[-230, 146, 523]
[-231, 146, 523]
[-232, 147, 523]
[-233, 148, 523]
[-234, 148, 523]
[-235, 149, 523]
[-236, 149, 524]
[-237, 150, 524]
[-238, 150, 524]
[-239, 151, 524]
[-240, 152, 524]
[-241, 152, 524]
[-242, 153, 524]
[-243, 153, 524]
[-244, 154, 524]
[-245, 154, 524]
[-246, 155, 524]
[-247, 156, 524]
[-248, 156, 523]
[-249, 157, 523]
[-250, 157, 523]
[-251, 158, 523]
[-252, 158, 523]
[-253, 159, 523]
[-254, 160, 523]
[-255, 160, 523]
[-256, 161, 523]
[-257, 161, 522]
[-258, 162, 522]
[-260, 162, 522]
[-261, 163, 522]
[-262, 164, 522]
[-263, 164, 521]
[-264, 165, 521]
[-265, 165, 521]
[-266, 166, 521]
[-267, 166, 520]
[-268, 167, 520]
[-269, 168, 520]
[-271, 168, 519]
[-272, 169, 519]
[-273, 169, 519]
[-274, 170, 518]
[-275, 170, 518]
[-276, 171, 518]
[-277, 172, 517]
[-278, 172, 517]
[-279, 173, 517]
[-280, 173, 516]
[-281, 174, 516]
[-282, 174, 515]
[-283, 175, 515]
[-284, 176, 514]
[-285, 176, 514]
[-286, 177, 514]
[-287, 177, 513]
[-288, 178, 513]
[-289, 178, 512]
[-290, 179, 512]
[-291, 180, 511]
[-292, 180, 510]
[-293, 181, 510]
[-294, 181, 509]
[-295, 182, 509]
[-296, 182, 508]
[-297, 183, 508]
[-298, 184, 507]
[-299, 184, 506]
[-299, 185, 506]
[-300, 185, 505]
[-301, 186, 505]
[-302, 186, 504]
[-303, 187, 503]
[-304, 187, 503]
[-304, 188, 502]
[-305, 188, 501]
[-306, 189, 500]
[-307, 190, 500]
[-307, 190, 499]
[-308, 191, 498]
[-309, 191, 498]
[-309, 192, 497]
[-310, 192, 496]
[-311, 193, 495]
[-311, 193, 495]
[-312, 194, 494]
[-312, 194, 493]
[-313, 195, 492]
[-314, 195, 491]
[-314, 196, 491]
[-315, 196, 490]
[-315, 197, 489]
[-316, 197, 488]
[-316, 198, 487]
[-317, 198, 486]
[-317, 199, 485]
[-318, 199, 485]
[-318, 200, 484]
[-318, 200, 483]
[-319, 201, 482]
[-319, 201, 481]
[-320, 202, 480]
[-320, 202, 479]
[-320, 203, 478]
[-321, 203, 477]
[-321, 204, 476]
[-321, 204, 475]
[-322, 205, 474]
[-322, 205, 473]
[-322, 206, 472]
[-322, 206, 471]
[-323, 207, 470]
[-323, 207, 469]
[-323, 208, 468]
[-323, 208, 467]
[-324, 209, 466]
[-324, 209, 465]
[-324, 209, 464]
[-324, 210, 463]
[-324, 210, 462]
[-324, 211, 461]
[-325, 211, 460]
[-325, 212, 459]
[-325, 212, 458]
[-325, 212, 457]
[-325, 213, 455]
[-325, 213, 454]
[-325, 214, 453]
[-325, 214, 452]
[-326, 215, 451]
[-326, 215, 450]
[-326, 215, 449]
[-326, 216, 448]
[-326, 216, 446]
[-326, 216, 445]
[-326, 217, 444]
[-326, 217, 443]
[-326, 218, 442]
[-326, 218, 441]
[-326, 218, 439]
[-326, 219, 438]
[-326, 219, 437]
[-326, 219, 436]
[-326, 220, 435]
[-327, 220, 433]
[-327, 220, 432]
[-327, 221, 431]
[-327, 221, 430]
[-327, 221, 429]
[-327, 222, 427]
[-327, 222, 426]
[-327, 222, 425]
[-327, 223, 424]
[-327, 223, 422]
[-327, 223, 421]
[-327, 224, 420]
[-327, 224, 419]
[-327, 224, 417]
[-327, 225, 416]
[-327, 225, 415]
[-327, 225, 414]
[-327, 225, 412]
[-327, 226, 411]
[-327, 226, 410]
[-327, 226, 409]
[-328, 226, 407]
[-328, 227, 406]
[-328, 227, 405]
[-328, 227, 403]
[-328, 227, 402]
[-328, 228, 401]
[-328, 228, 400]
[-328, 228, 398]
[-328, 228, 397]
[-328, 228, 396]
[-328, 229, 394]
[-328, 229, 393]
[-328, 229, 392]
[-328, 229, 391]
[-328, 229, 389]
[-329, 230, 388]
[-329, 230, 387]
[-329, 230, 385]
[-329, 230, 384]
[-329, 230, 383]
[-329, 230, 382]
[-329, 230, 380]
[-329, 231, 379]
[-329, 231, 378]
[-329, 231, 376]
[-329, 231, 375]
[-329, 231, 374]
[-329, 231, 372]
[-329, 231, 371]
[-330, 231, 370]
[-330, 231, 369]
[-330, 232, 367]
[-330, 232, 366]
[-330, 232, 365]
[-330, 232, 363]
[-330, 232, 362]
[-330, 232, 361]
[-330, 232, 360]
[-330, 232, 358]
[-330, 232, 357]
[-330, 232, 356]
[-330, 232, 355]
[-330, 232, 353]
[-330, 232, 352]
