# Curve Parameters
# y_end: 252
# loops: 1
# A (south bulge): 140
# B (lateral wiggle): 20
# samples: 350
#
# Analysis Results
# max_grade: 0.914037
# length_3d: 393.94
# length_2d: 352.40
# min_horiz_step: 0.249812
# status: OK
#
# Coordinates (x, y, z)
#==================================================

[-199, 98, 410]
[-199, 98, 411]
[-199, 98, 413]
[-199, 98, 414]
[-199, 98, 415]
[-199, 98, 416]
[-199, 98, 418]
[-199, 98, 419]
[-199, 98, 420]
[-199, 98, 421]
[-199, 98, 422]
[-199, 98, 424]
[-199, 99, 425]
[-199, 99, 426]
[-200, 99, 427]
[-200, 99, 429]
[-200, 99, 430]
[-200, 99, 431]
[-200, 99, 432]
[-200, 99, 433]
[-200, 99, 435]
[-200, 100, 436]
[-200, 100, 437]
[-200, 100, 438]
[-200, 100, 439]
[-200, 100, 440]
[-201, 100, 442]
[-201, 101, 443]
[-201, 101, 444]
[-201, 101, 445]
[-201, 101, 446]
[-201, 101, 447]
[-201, 102, 448]
[-201, 102, 450]
[-201, 102, 451]
[-202, 102, 452]
[-202, 103, 453]
[-202, 103, 454]
[-202, 103, 455]
[-202, 103, 456]
[-202, 104, 457]
[-202, 104, 458]
[-202, 104, 459]
[-202, 104, 460]
[-203, 105, 461]
[-203, 105, 463]
[-203, 105, 464]
[-203, 106, 465]
[-203, 106, 466]
[-203, 106, 467]
[-203, 107, 468]
[-203, 107, 469]
[-204, 107, 470]
[-204, 108, 471]
[-204, 108, 472]
[-204, 108, 473]
[-204, 109, 474]
[-204, 109, 475]
[-204, 109, 476]
[-204, 110, 476]
[-205, 110, 477]
[-205, 110, 478]
[-205, 111, 479]
[-205, 111, 480]
[-205, 112, 481]
[-205, 112, 482]
[-205, 112, 483]
[-206, 113, 484]
[-206, 113, 485]
[-206, 114, 486]
[-206, 114, 486]
[-206, 115, 487]
[-206, 115, 488]
[-207, 115, 489]
[-207, 116, 490]
[-207, 116, 491]
[-207, 117, 491]
[-207, 117, 492]
[-207, 118, 493]
[-208, 118, 494]
[-208, 119, 495]
[-208, 119, 495]
[-208, 120, 496]
[-208, 120, 497]
[-209, 120, 498]
[-209, 121, 498]
[-209, 121, 499]
[-209, 122, 500]
[-210, 122, 500]
[-210, 123, 501]
[-210, 123, 502]
[-210, 124, 503]
[-211, 124, 503]
[-211, 125, 504]
[-211, 125, 504]
[-212, 126, 505]
[-212, 127, 506]
[-212, 127, 506]
[-212, 128, 507]
[-213, 128, 508]
[-213, 129, 508]
[-213, 129, 509]
[-214, 130, 509]
[-214, 130, 510]
[-215, 131, 510]
[-215, 131, 511]
[-215, 132, 511]
[-216, 133, 512]
[-216, 133, 512]
[-217, 134, 513]
[-217, 134, 513]
[-217, 135, 514]
[-218, 135, 514]
[-218, 136, 515]
[-219, 137, 515]
[-219, 137, 516]
[-220, 138, 516]
[-220, 138, 516]
[-221, 139, 517]
[-221, 140, 517]
[-222, 140, 518]
[-222, 141, 518]
[-223, 141, 518]
[-224, 142, 519]
[-224, 143, 519]
[-225, 143, 519]
[-225, 144, 520]
[-226, 144, 520]
[-227, 145, 520]
[-227, 146, 521]
[-228, 146, 521]
[-228, 147, 521]
[-229, 147, 521]
[-230, 148, 521]
[-230, 149, 522]
[-231, 149, 522]
[-232, 150, 522]
[-233, 151, 522]
[-233, 151, 522]
[-234, 152, 523]
[-235, 152, 523]
[-236, 153, 523]
[-236, 154, 523]
[-237, 154, 523]
[-238, 155, 523]
[-239, 156, 523]
[-239, 156, 523]
[-240, 157, 524]
[-241, 158, 524]
[-242, 158, 524]
[-243, 159, 524]
[-243, 160, 524]
[-244, 160, 524]
[-245, 161, 524]
[-246, 161, 524]
[-247, 162, 524]
[-248, 163, 524]
[-249, 163, 524]
[-250, 164, 524]
[-250, 165, 523]
[-251, 165, 523]
[-252, 166, 523]
[-253, 167, 523]
[-254, 167, 523]
[-255, 168, 523]
[-256, 169, 523]
[-257, 169, 523]
[-258, 170, 523]
[-259, 171, 522]
[-259, 171, 522]
[-260, 172, 522]
[-261, 173, 522]
[-262, 173, 522]
[-263, 174, 521]
[-264, 175, 521]
[-265, 175, 521]
[-266, 176, 521]
[-267, 177, 520]
[-268, 177, 520]
[-269, 178, 520]
[-270, 179, 519]
[-270, 179, 519]
[-271, 180, 519]
[-272, 181, 518]
[-273, 181, 518]
[-274, 182, 518]
[-275, 183, 517]
[-276, 183, 517]
[-277, 184, 517]
[-278, 185, 516]
[-279, 185, 516]
[-279, 186, 515]
[-280, 187, 515]
[-281, 187, 514]
[-282, 188, 514]
[-283, 189, 514]
[-284, 189, 513]
[-285, 190, 513]
[-286, 190, 512]
[-286, 191, 512]
[-287, 192, 511]
[-288, 192, 510]
[-289, 193, 510]
[-290, 194, 509]
[-290, 194, 509]
[-291, 195, 508]
[-292, 196, 508]
[-293, 196, 507]
[-293, 197, 506]
[-294, 198, 506]
[-295, 198, 505]
[-296, 199, 505]
[-296, 199, 504]
[-297, 200, 503]
[-298, 201, 503]
[-299, 201, 502]
[-299, 202, 501]
[-300, 203, 500]
[-301, 203, 500]
[-301, 204, 499]
[-302, 204, 498]
[-302, 205, 498]
[-303, 206, 497]
[-304, 206, 496]
[-304, 207, 495]
[-305, 207, 495]
[-305, 208, 494]
[-306, 209, 493]
[-307, 209, 492]
[-307, 210, 491]
[-308, 210, 491]
[-308, 211, 490]
[-309, 212, 489]
[-309, 212, 488]
[-310, 213, 487]
[-310, 213, 486]
[-311, 214, 485]
[-311, 215, 485]
[-312, 215, 484]
[-312, 216, 483]
[-312, 216, 482]
[-313, 217, 481]
[-313, 217, 480]
[-314, 218, 479]
[-314, 219, 478]
[-314, 219, 477]
[-315, 220, 476]
[-315, 220, 475]
[-316, 221, 474]
[-316, 221, 473]
[-316, 222, 472]
[-317, 222, 471]
[-317, 223, 470]
[-317, 223, 469]
[-317, 224, 468]
[-318, 225, 467]
[-318, 225, 466]
[-318, 226, 465]
[-319, 226, 464]
[-319, 227, 463]
[-319, 227, 462]
[-319, 228, 461]
[-320, 228, 460]
[-320, 229, 459]
[-320, 229, 458]
[-320, 230, 457]
[-321, 230, 455]
[-321, 230, 454]
[-321, 231, 453]
[-321, 231, 452]
[-321, 232, 451]
[-322, 232, 450]
[-322, 233, 449]
[-322, 233, 448]
[-322, 234, 446]
[-322, 234, 445]
[-322, 235, 444]
[-323, 235, 443]
[-323, 235, 442]
[-323, 236, 441]
[-323, 236, 439]
[-323, 237, 438]
[-323, 237, 437]
[-324, 238, 436]
[-324, 238, 435]
[-324, 238, 433]
[-324, 239, 432]
[-324, 239, 431]
[-324, 240, 430]
[-324, 240, 429]
[-325, 240, 427]
[-325, 241, 426]
[-325, 241, 425]
[-325, 241, 424]
[-325, 242, 422]
[-325, 242, 421]
[-325, 242, 420]
[-325, 243, 419]
[-326, 243, 417]
[-326, 243, 416]
[-326, 244, 415]
[-326, 244, 414]
[-326, 244, 412]
[-326, 245, 411]
[-326, 245, 410]
[-326, 245, 409]
[-327, 246, 407]
[-327, 246, 406]
[-327, 246, 405]
[-327, 246, 403]
[-327, 247, 402]
[-327, 247, 401]
[-327, 247, 400]
[-327, 247, 398]
[-327, 248, 397]
[-328, 248, 396]
[-328, 248, 394]
[-328, 248, 393]
[-328, 249, 392]
[-328, 249, 391]
[-328, 249, 389]
[-328, 249, 388]
[-328, 249, 387]
[-328, 250, 385]
[-329, 250, 384]
[-329, 250, 383]
[-329, 250, 382]
[-329, 250, 380]
[-329, 250, 379]
[-329, 251, 378]
[-329, 251, 376]
[-329, 251, 375]
[-329, 251, 374]
[-329, 251, 372]
[-329, 251, 371]
[-329, 251, 370]
[-330, 251, 369]
[-330, 251, 367]
[-330, 252, 366]
[-330, 252, 365]
[-330, 252, 363]
[-330, 252, 362]
[-330, 252, 361]
[-330, 252, 360]
[-330, 252, 358]
[-330, 252, 357]
[-330, 252, 356]
[-330, 252, 355]
[-330, 252, 353]
[-330, 252, 352]
