# Curve Parameters
# y_end: 228
# loops: 1
# A (south bulge): 40
# B (lateral wiggle): 0
# samples: 350
#
# Analysis Results
# max_grade: 0.992366
# length_3d: 221.96
# length_2d: 176.04
# min_horiz_step: 0.124768
# status: OK
#
# Coordinates (x, y, z)
#==================================================

[-199, 98, 410]
[-199, 98, 410]
[-199, 98, 411]
[-199, 98, 411]
[-199, 98, 411]
[-199, 98, 412]
[-199, 98, 412]
[-199, 98, 412]
[-199, 98, 413]
[-199, 98, 413]
[-199, 98, 413]
[-199, 98, 414]
[-199, 98, 414]
[-200, 99, 414]
[-200, 99, 415]
[-200, 99, 415]
[-200, 99, 415]
[-200, 99, 416]
[-200, 99, 416]
[-200, 99, 416]
[-200, 99, 417]
[-200, 99, 417]
[-200, 99, 417]
[-201, 100, 418]
[-201, 100, 418]
[-201, 100, 418]
[-201, 100, 418]
[-201, 100, 419]
[-201, 100, 419]
[-202, 101, 419]
[-202, 101, 419]
[-202, 101, 420]
[-202, 101, 420]
[-202, 101, 420]
[-202, 101, 421]
[-203, 102, 421]
[-203, 102, 421]
[-203, 102, 421]
[-203, 102, 422]
[-204, 103, 422]
[-204, 103, 422]
[-204, 103, 422]
[-204, 103, 422]
[-204, 103, 423]
[-205, 104, 423]
[-205, 104, 423]
[-205, 104, 423]
[-205, 104, 424]
[-206, 105, 424]
[-206, 105, 424]
[-206, 105, 424]
[-207, 106, 424]
[-207, 106, 425]
[-207, 106, 425]
[-207, 106, 425]
[-208, 107, 425]
[-208, 107, 425]
[-208, 107, 425]
[-209, 108, 426]
[-209, 108, 426]
[-209, 108, 426]
[-210, 109, 426]
[-210, 109, 426]
[-210, 109, 427]
[-211, 110, 427]
[-211, 110, 427]
[-211, 110, 427]
[-212, 111, 427]
[-212, 111, 427]
[-212, 111, 427]
[-213, 112, 428]
[-213, 112, 428]
[-213, 112, 428]
[-214, 113, 428]
[-214, 113, 428]
[-215, 113, 428]
[-215, 114, 428]
[-215, 114, 428]
[-216, 115, 428]
[-216, 115, 429]
[-216, 115, 429]
[-217, 116, 429]
[-217, 116, 429]
[-218, 117, 429]
[-218, 117, 429]
[-219, 117, 429]
[-219, 118, 429]
[-219, 118, 429]
[-220, 119, 429]
[-220, 119, 429]
[-221, 119, 429]
[-221, 120, 429]
[-222, 120, 430]
[-222, 121, 430]
[-222, 121, 430]
[-223, 122, 430]
[-223, 122, 430]
[-224, 123, 430]
[-224, 123, 430]
[-225, 123, 430]
[-225, 124, 430]
[-226, 124, 430]
[-226, 125, 430]
[-226, 125, 430]
[-227, 126, 430]
[-227, 126, 430]
[-228, 127, 430]
[-228, 127, 430]
[-229, 128, 430]
[-229, 128, 430]
[-230, 129, 430]
[-230, 129, 430]
[-231, 130, 430]
[-231, 130, 430]
[-232, 131, 430]
[-232, 131, 430]
[-233, 132, 430]
[-233, 132, 430]
[-234, 133, 430]
[-234, 133, 429]
[-235, 134, 429]
[-235, 134, 429]
[-236, 135, 429]
[-236, 135, 429]
[-237, 136, 429]
[-237, 136, 429]
[-238, 137, 429]
[-238, 137, 429]
[-239, 138, 429]
[-239, 138, 429]
[-240, 139, 429]
[-241, 139, 429]
[-241, 140, 428]
[-242, 140, 428]
[-242, 141, 428]
[-243, 141, 428]
[-243, 142, 428]
[-244, 142, 428]
[-244, 143, 428]
[-245, 143, 428]
[-245, 144, 428]
[-246, 145, 427]
[-246, 145, 427]
[-247, 146, 427]
[-248, 146, 427]
[-248, 147, 427]
[-249, 147, 427]
[-249, 148, 427]
[-250, 148, 426]
[-250, 149, 426]
[-251, 149, 426]
[-251, 150, 426]
[-252, 150, 426]
[-252, 151, 426]
[-253, 152, 425]
[-254, 152, 425]
[-254, 153, 425]
[-255, 153, 425]
[-255, 154, 425]
[-256, 154, 424]
[-256, 155, 424]
[-257, 155, 424]
[-257, 156, 424]
[-258, 157, 424]
[-259, 157, 423]
[-259, 158, 423]
[-260, 158, 423]
[-260, 159, 423]
[-261, 159, 423]
[-261, 160, 422]
[-262, 160, 422]
[-263, 161, 422]
[-263, 162, 422]
[-264, 162, 421]
[-264, 163, 421]
[-265, 163, 421]
[-265, 164, 421]
[-266, 164, 420]
[-266, 165, 420]
[-267, 166, 420]
[-268, 166, 420]
[-268, 167, 419]
[-269, 167, 419]
[-269, 168, 419]
[-270, 168, 418]
[-270, 169, 418]
[-271, 169, 418]
[-272, 170, 418]
[-272, 171, 417]
[-273, 171, 417]
[-273, 172, 417]
[-274, 172, 416]
[-274, 173, 416]
[-275, 173, 416]
[-275, 174, 416]
[-276, 174, 415]
[-277, 175, 415]
[-277, 176, 415]
[-278, 176, 414]
[-278, 177, 414]
[-279, 177, 414]
[-279, 178, 413]
[-280, 178, 413]
[-280, 179, 413]
[-281, 179, 412]
[-281, 180, 412]
[-282, 180, 412]
[-283, 181, 411]
[-283, 181, 411]
[-284, 182, 411]
[-284, 183, 410]
[-285, 183, 410]
[-285, 184, 410]
[-286, 184, 409]
[-286, 185, 409]
[-287, 185, 408]
[-287, 186, 408]
[-288, 186, 408]
[-288, 187, 407]
[-289, 187, 407]
[-290, 188, 407]
[-290, 188, 406]
[-291, 189, 406]
[-291, 189, 405]
[-292, 190, 405]
[-292, 190, 405]
[-293, 191, 404]
[-293, 191, 404]
[-294, 192, 404]
[-294, 192, 403]
[-295, 193, 403]
[-295, 193, 402]
[-296, 194, 402]
[-296, 194, 402]
[-297, 195, 401]
[-297, 195, 401]
[-298, 196, 400]
[-298, 196, 400]
[-299, 197, 400]
[-299, 197, 399]
[-300, 198, 399]
[-300, 198, 398]
[-301, 199, 398]
[-301, 199, 397]
[-302, 200, 397]
[-302, 200, 397]
[-303, 201, 396]
[-303, 201, 396]
[-303, 202, 395]
[-304, 202, 395]
[-304, 203, 394]
[-305, 203, 394]
[-305, 203, 394]
[-306, 204, 393]
[-306, 204, 393]
[-307, 205, 392]
[-307, 205, 392]
[-307, 206, 391]
[-308, 206, 391]
[-308, 207, 391]
[-309, 207, 390]
[-309, 207, 390]
[-310, 208, 389]
[-310, 208, 389]
[-310, 209, 388]
[-311, 209, 388]
[-311, 209, 387]
[-312, 210, 387]
[-312, 210, 387]
[-313, 211, 386]
[-313, 211, 386]
[-313, 211, 385]
[-314, 212, 385]
[-314, 212, 384]
[-314, 213, 384]
[-315, 213, 383]
[-315, 213, 383]
[-316, 214, 383]
[-316, 214, 382]
[-316, 214, 382]
[-317, 215, 381]
[-317, 215, 381]
[-317, 215, 380]
[-318, 216, 380]
[-318, 216, 379]
[-318, 216, 379]
[-319, 217, 378]
[-319, 217, 378]
[-319, 217, 378]
[-320, 218, 377]
[-320, 218, 377]
[-320, 218, 376]
[-321, 219, 376]
[-321, 219, 375]
[-321, 219, 375]
[-322, 220, 374]
[-322, 220, 374]
[-322, 220, 374]
[-322, 220, 373]
[-323, 221, 373]
[-323, 221, 372]
[-323, 221, 372]
[-324, 222, 371]
[-324, 222, 371]
[-324, 222, 370]
[-324, 222, 370]
[-325, 223, 370]
[-325, 223, 369]
[-325, 223, 369]
[-325, 223, 368]
[-325, 223, 368]
[-326, 224, 367]
[-326, 224, 367]
[-326, 224, 366]
[-326, 224, 366]
[-327, 225, 366]
[-327, 225, 365]
[-327, 225, 365]
[-327, 225, 364]
[-327, 225, 364]
[-327, 225, 363]
[-328, 226, 363]
[-328, 226, 363]
[-328, 226, 362]
[-328, 226, 362]
[-328, 226, 361]
[-328, 226, 361]
[-329, 227, 361]
[-329, 227, 360]
[-329, 227, 360]
[-329, 227, 359]
[-329, 227, 359]
[-329, 227, 358]
[-329, 227, 358]
[-329, 227, 358]
[-329, 227, 357]
[-329, 227, 357]
[-330, 228, 357]
[-330, 228, 356]
[-330, 228, 356]
[-330, 228, 355]
[-330, 228, 355]
[-330, 228, 355]
[-330, 228, 354]
[-330, 228, 354]
[-330, 228, 353]
[-330, 228, 353]
[-330, 228, 353]
[-330, 228, 352]
[-330, 228, 352]
