# Curve Parameters
# y_end: 244
# loops: 1
# A (south bulge): 120
# B (lateral wiggle): 10
# samples: 350
#
# Analysis Results
# max_grade: 0.956020
# length_3d: 350.06
# length_2d: 308.06
# min_horiz_step: 0.230196
# status: OK
#
# Coordinates (x, y, z)
#==================================================

[-199, 98, 410]
[-199, 98, 411]
[-199, 98, 412]
[-199, 98, 413]
[-199, 98, 414]
[-199, 98, 415]
[-199, 98, 416]
[-199, 98, 417]
[-199, 98, 419]
[-199, 98, 420]
[-199, 98, 421]
[-199, 98, 422]
[-199, 99, 423]
[-200, 99, 424]
[-200, 99, 425]
[-200, 99, 426]
[-200, 99, 427]
[-200, 99, 428]
[-200, 99, 429]
[-200, 99, 430]
[-200, 99, 431]
[-200, 100, 432]
[-200, 100, 433]
[-200, 100, 434]
[-201, 100, 435]
[-201, 100, 436]
[-201, 100, 437]
[-201, 100, 438]
[-201, 101, 439]
[-201, 101, 440]
[-201, 101, 441]
[-202, 101, 442]
[-202, 101, 443]
[-202, 102, 444]
[-202, 102, 445]
[-202, 102, 446]
[-202, 102, 446]
[-202, 103, 447]
[-203, 103, 448]
[-203, 103, 449]
[-203, 103, 450]
[-203, 104, 451]
[-203, 104, 452]
[-203, 104, 453]
[-204, 104, 454]
[-204, 105, 455]
[-204, 105, 456]
[-204, 105, 456]
[-204, 106, 457]
[-205, 106, 458]
[-205, 106, 459]
[-205, 106, 460]
[-205, 107, 461]
[-205, 107, 461]
[-206, 107, 462]
[-206, 108, 463]
[-206, 108, 464]
[-206, 108, 465]
[-207, 109, 466]
[-207, 109, 466]
[-207, 109, 467]
[-207, 110, 468]
[-207, 110, 469]
[-208, 111, 469]
[-208, 111, 470]
[-208, 111, 471]
[-208, 112, 472]
[-209, 112, 472]
[-209, 112, 473]
[-209, 113, 474]
[-209, 113, 475]
[-210, 114, 475]
[-210, 114, 476]
[-210, 114, 477]
[-210, 115, 477]
[-211, 115, 478]
[-211, 116, 479]
[-211, 116, 479]
[-212, 117, 480]
[-212, 117, 481]
[-212, 117, 481]
[-212, 118, 482]
[-213, 118, 483]
[-213, 119, 483]
[-213, 119, 484]
[-214, 120, 484]
[-214, 120, 485]
[-214, 121, 486]
[-215, 121, 486]
[-215, 122, 487]
[-215, 122, 487]
[-216, 123, 488]
[-216, 123, 488]
[-216, 124, 489]
[-217, 124, 489]
[-217, 125, 490]
[-218, 125, 491]
[-218, 126, 491]
[-218, 126, 492]
[-219, 127, 492]
[-219, 127, 492]
[-220, 128, 493]
[-220, 128, 493]
[-220, 129, 494]
[-221, 129, 494]
[-221, 130, 495]
[-222, 130, 495]
[-222, 131, 496]
[-223, 131, 496]
[-223, 132, 496]
[-223, 132, 497]
[-224, 133, 497]
[-224, 133, 497]
[-225, 134, 498]
[-225, 135, 498]
[-226, 135, 498]
[-226, 136, 499]
[-227, 136, 499]
[-227, 137, 499]
[-228, 137, 500]
[-228, 138, 500]
[-229, 138, 500]
[-229, 139, 501]
[-230, 140, 501]
[-230, 140, 501]
[-231, 141, 501]
[-232, 141, 502]
[-232, 142, 502]
[-233, 143, 502]
[-233, 143, 502]
[-234, 144, 502]
[-234, 144, 503]
[-235, 145, 503]
[-236, 145, 503]
[-236, 146, 503]
[-237, 147, 503]
[-238, 147, 503]
[-238, 148, 503]
[-239, 148, 504]
[-239, 149, 504]
[-240, 150, 504]
[-241, 150, 504]
[-241, 151, 504]
[-242, 151, 504]
[-243, 152, 504]
[-243, 153, 504]
[-244, 153, 504]
[-245, 154, 504]
[-245, 154, 504]
[-246, 155, 504]
[-247, 156, 504]
[-247, 156, 504]
[-248, 157, 504]
[-249, 158, 504]
[-250, 158, 504]
[-250, 159, 504]
[-251, 159, 504]
[-252, 160, 504]
[-252, 161, 504]
[-253, 161, 504]
[-254, 162, 504]
[-255, 163, 503]
[-255, 163, 503]
[-256, 164, 503]
[-257, 164, 503]
[-257, 165, 503]
[-258, 166, 503]
[-259, 166, 503]
[-260, 167, 502]
[-260, 168, 502]
[-261, 168, 502]
[-262, 169, 502]
[-263, 169, 502]
[-263, 170, 501]
[-264, 171, 501]
[-265, 171, 501]
[-266, 172, 501]
[-266, 173, 500]
[-267, 173, 500]
[-268, 174, 500]
[-269, 174, 499]
[-269, 175, 499]
[-270, 176, 499]
[-271, 176, 499]
[-272, 177, 498]
[-272, 178, 498]
[-273, 178, 497]
[-274, 179, 497]
[-274, 179, 497]
[-275, 180, 496]
[-276, 181, 496]
[-277, 181, 496]
[-277, 182, 495]
[-278, 183, 495]
[-279, 183, 494]
[-279, 184, 494]
[-280, 184, 493]
[-281, 185, 493]
[-282, 186, 493]
[-282, 186, 492]
[-283, 187, 492]
[-284, 188, 491]
[-284, 188, 491]
[-285, 189, 490]
[-286, 189, 490]
[-286, 190, 489]
[-287, 191, 488]
[-288, 191, 488]
[-288, 192, 487]
[-289, 192, 487]
[-290, 193, 486]
[-290, 194, 486]
[-291, 194, 485]
[-291, 195, 484]
[-292, 195, 484]
[-293, 196, 483]
[-293, 197, 483]
[-294, 197, 482]
[-295, 198, 481]
[-295, 198, 481]
[-296, 199, 480]
[-296, 199, 479]
[-297, 200, 479]
[-297, 201, 478]
[-298, 201, 477]
[-299, 202, 477]
[-299, 202, 476]
[-300, 203, 475]
[-300, 204, 474]
[-301, 204, 474]
[-301, 205, 473]
[-302, 205, 472]
[-302, 206, 471]
[-303, 206, 471]
[-303, 207, 470]
[-304, 207, 469]
[-304, 208, 468]
[-305, 209, 468]
[-305, 209, 467]
[-306, 210, 466]
[-306, 210, 465]
[-306, 211, 464]
[-307, 211, 464]
[-307, 212, 463]
[-308, 212, 462]
[-308, 213, 461]
[-309, 213, 460]
[-309, 214, 459]
[-309, 214, 458]
[-310, 215, 458]
[-310, 215, 457]
[-311, 216, 456]
[-311, 216, 455]
[-311, 217, 454]
[-312, 217, 453]
[-312, 218, 452]
[-313, 218, 451]
[-313, 219, 450]
[-313, 219, 449]
[-314, 220, 449]
[-314, 220, 448]
[-314, 221, 447]
[-315, 221, 446]
[-315, 222, 445]
[-315, 222, 444]
[-316, 223, 443]
[-316, 223, 442]
[-316, 224, 441]
[-317, 224, 440]
[-317, 225, 439]
[-317, 225, 438]
[-317, 225, 437]
[-318, 226, 436]
[-318, 226, 435]
[-318, 227, 434]
[-319, 227, 433]
[-319, 228, 432]
[-319, 228, 431]
[-319, 228, 430]
[-320, 229, 429]
[-320, 229, 428]
[-320, 230, 427]
[-320, 230, 426]
[-321, 230, 425]
[-321, 231, 424]
[-321, 231, 423]
[-321, 231, 421]
[-322, 232, 420]
[-322, 232, 419]
[-322, 233, 418]
[-322, 233, 417]
[-322, 233, 416]
[-323, 234, 415]
[-323, 234, 414]
[-323, 234, 413]
[-323, 235, 412]
[-324, 235, 411]
[-324, 235, 410]
[-324, 236, 409]
[-324, 236, 407]
[-324, 236, 406]
[-325, 236, 405]
[-325, 237, 404]
[-325, 237, 403]
[-325, 237, 402]
[-325, 238, 401]
[-326, 238, 400]
[-326, 238, 399]
[-326, 238, 398]
[-326, 239, 396]
[-326, 239, 395]
[-326, 239, 394]
[-327, 239, 393]
[-327, 240, 392]
[-327, 240, 391]
[-327, 240, 390]
[-327, 240, 389]
[-327, 241, 387]
[-327, 241, 386]
[-328, 241, 385]
[-328, 241, 384]
[-328, 241, 383]
[-328, 242, 382]
[-328, 242, 381]
[-328, 242, 380]
[-328, 242, 379]
[-329, 242, 377]
[-329, 242, 376]
[-329, 242, 375]
[-329, 243, 374]
[-329, 243, 373]
[-329, 243, 372]
[-329, 243, 371]
[-329, 243, 370]
[-329, 243, 368]
[-329, 243, 367]
[-329, 243, 366]
[-330, 243, 365]
[-330, 244, 364]
[-330, 244, 363]
[-330, 244, 362]
[-330, 244, 361]
[-330, 244, 360]
[-330, 244, 359]
[-330, 244, 357]
[-330, 244, 356]
[-330, 244, 355]
[-330, 244, 354]
[-330, 244, 353]
[-330, 244, 352]
