# Curve Parameters
# y_end: 234
# loops: 1
# A (south bulge): 100
# B (lateral wiggle): 20
# samples: 350
#
# Analysis Results
# max_grade: 0.984607
# length_3d: 318.86
# length_2d: 281.12
# min_horiz_step: 0.190791
# status: OK
#
# Coordinates (x, y, z)
#==================================================

[-199, 98, 410]
[-199, 98, 411]
[-199, 98, 412]
[-199, 98, 413]
[-199, 98, 414]
[-199, 98, 414]
[-199, 98, 415]
[-199, 98, 416]
[-199, 98, 417]
[-199, 98, 418]
[-199, 98, 419]
[-199, 98, 420]
[-199, 98, 421]
[-199, 99, 421]
[-200, 99, 422]
[-200, 99, 423]
[-200, 99, 424]
[-200, 99, 425]
[-200, 99, 426]
[-200, 99, 427]
[-200, 99, 427]
[-200, 99, 428]
[-200, 100, 429]
[-200, 100, 430]
[-200, 100, 431]
[-200, 100, 431]
[-201, 100, 432]
[-201, 100, 433]
[-201, 100, 434]
[-201, 101, 435]
[-201, 101, 435]
[-201, 101, 436]
[-201, 101, 437]
[-201, 101, 438]
[-201, 102, 439]
[-202, 102, 439]
[-202, 102, 440]
[-202, 102, 441]
[-202, 102, 442]
[-202, 103, 442]
[-202, 103, 443]
[-202, 103, 444]
[-202, 103, 445]
[-202, 104, 445]
[-203, 104, 446]
[-203, 104, 447]
[-203, 104, 447]
[-203, 105, 448]
[-203, 105, 449]
[-203, 105, 450]
[-203, 106, 450]
[-203, 106, 451]
[-204, 106, 452]
[-204, 106, 452]
[-204, 107, 453]
[-204, 107, 454]
[-204, 107, 454]
[-204, 108, 455]
[-204, 108, 456]
[-204, 108, 456]
[-205, 109, 457]
[-205, 109, 457]
[-205, 109, 458]
[-205, 110, 459]
[-205, 110, 459]
[-205, 110, 460]
[-205, 111, 461]
[-206, 111, 461]
[-206, 111, 462]
[-206, 112, 462]
[-206, 112, 463]
[-206, 113, 463]
[-206, 113, 464]
[-207, 113, 465]
[-207, 114, 465]
[-207, 114, 466]
[-207, 115, 466]
[-207, 115, 467]
[-207, 115, 467]
[-208, 116, 468]
[-208, 116, 468]
[-208, 117, 469]
[-208, 117, 469]
[-208, 117, 470]
[-209, 118, 470]
[-209, 118, 471]
[-209, 119, 471]
[-209, 119, 472]
[-210, 120, 472]
[-210, 120, 472]
[-210, 120, 473]
[-210, 121, 473]
[-211, 121, 474]
[-211, 122, 474]
[-211, 122, 475]
[-212, 123, 475]
[-212, 123, 475]
[-212, 124, 476]
[-212, 124, 476]
[-213, 125, 476]
[-213, 125, 477]
[-213, 126, 477]
[-214, 126, 477]
[-214, 127, 478]
[-215, 127, 478]
[-215, 128, 478]
[-215, 128, 479]
[-216, 129, 479]
[-216, 129, 479]
[-217, 130, 480]
[-217, 130, 480]
[-217, 131, 480]
[-218, 131, 481]
[-218, 132, 481]
[-219, 132, 481]
[-219, 133, 481]
[-220, 133, 481]
[-220, 134, 482]
[-221, 134, 482]
[-221, 135, 482]
[-222, 135, 482]
[-222, 136, 483]
[-223, 136, 483]
[-224, 137, 483]
[-224, 137, 483]
[-225, 138, 483]
[-225, 138, 483]
[-226, 139, 484]
[-227, 139, 484]
[-227, 140, 484]
[-228, 141, 484]
[-228, 141, 484]
[-229, 142, 484]
[-230, 142, 484]
[-230, 143, 484]
[-231, 143, 484]
[-232, 144, 484]
[-233, 144, 485]
[-233, 145, 485]
[-234, 146, 485]
[-235, 146, 485]
[-236, 147, 485]
[-236, 147, 485]
[-237, 148, 485]
[-238, 148, 485]
[-239, 149, 485]
[-239, 149, 485]
[-240, 150, 485]
[-241, 151, 485]
[-242, 151, 485]
[-243, 152, 485]
[-243, 152, 485]
[-244, 153, 485]
[-245, 153, 484]
[-246, 154, 484]
[-247, 155, 484]
[-248, 155, 484]
[-249, 156, 484]
[-250, 156, 484]
[-250, 157, 484]
[-251, 158, 484]
[-252, 158, 484]
[-253, 159, 483]
[-254, 159, 483]
[-255, 160, 483]
[-256, 160, 483]
[-257, 161, 483]
[-258, 162, 483]
[-259, 162, 482]
[-259, 163, 482]
[-260, 163, 482]
[-261, 164, 482]
[-262, 165, 482]
[-263, 165, 481]
[-264, 166, 481]
[-265, 166, 481]
[-266, 167, 481]
[-267, 167, 480]
[-268, 168, 480]
[-269, 169, 480]
[-270, 169, 480]
[-270, 170, 479]
[-271, 170, 479]
[-272, 171, 479]
[-273, 172, 478]
[-274, 172, 478]
[-275, 173, 478]
[-276, 173, 477]
[-277, 174, 477]
[-278, 174, 477]
[-279, 175, 476]
[-279, 176, 476]
[-280, 176, 475]
[-281, 177, 475]
[-282, 177, 475]
[-283, 178, 474]
[-284, 179, 474]
[-285, 179, 473]
[-286, 180, 473]
[-286, 180, 473]
[-287, 181, 472]
[-288, 181, 472]
[-289, 182, 471]
[-290, 183, 471]
[-290, 183, 470]
[-291, 184, 470]
[-292, 184, 469]
[-293, 185, 469]
[-293, 185, 468]
[-294, 186, 468]
[-295, 186, 467]
[-296, 187, 467]
[-296, 188, 466]
[-297, 188, 466]
[-298, 189, 465]
[-299, 189, 465]
[-299, 190, 464]
[-300, 190, 463]
[-301, 191, 463]
[-301, 191, 462]
[-302, 192, 462]
[-302, 193, 461]
[-303, 193, 460]
[-304, 194, 460]
[-304, 194, 459]
[-305, 195, 459]
[-305, 195, 458]
[-306, 196, 457]
[-307, 196, 457]
[-307, 197, 456]
[-308, 197, 455]
[-308, 198, 455]
[-309, 198, 454]
[-309, 199, 453]
[-310, 199, 453]
[-310, 200, 452]
[-311, 200, 451]
[-311, 201, 451]
[-312, 201, 450]
[-312, 202, 449]
[-312, 202, 449]
[-313, 203, 448]
[-313, 203, 447]
[-314, 204, 446]
[-314, 204, 446]
[-314, 205, 445]
[-315, 205, 444]
[-315, 206, 443]
[-316, 206, 443]
[-316, 207, 442]
[-316, 207, 441]
[-317, 208, 440]
[-317, 208, 440]
[-317, 209, 439]
[-317, 209, 438]
[-318, 210, 437]
[-318, 210, 436]
[-318, 211, 436]
[-319, 211, 435]
[-319, 212, 434]
[-319, 212, 433]
[-319, 212, 432]
[-320, 213, 432]
[-320, 213, 431]
[-320, 214, 430]
[-320, 214, 429]
[-321, 215, 428]
[-321, 215, 427]
[-321, 215, 427]
[-321, 216, 426]
[-321, 216, 425]
[-322, 217, 424]
[-322, 217, 423]
[-322, 217, 422]
[-322, 218, 421]
[-322, 218, 421]
[-322, 219, 420]
[-323, 219, 419]
[-323, 219, 418]
[-323, 220, 417]
[-323, 220, 416]
[-323, 221, 415]
[-323, 221, 414]
[-324, 221, 413]
[-324, 222, 413]
[-324, 222, 412]
[-324, 222, 411]
[-324, 223, 410]
[-324, 223, 409]
[-324, 223, 408]
[-325, 224, 407]
[-325, 224, 406]
[-325, 224, 405]
[-325, 225, 404]
[-325, 225, 403]
[-325, 225, 402]
[-325, 226, 402]
[-325, 226, 401]
[-326, 226, 400]
[-326, 226, 399]
[-326, 227, 398]
[-326, 227, 397]
[-326, 227, 396]
[-326, 228, 395]
[-326, 228, 394]
[-326, 228, 393]
[-327, 228, 392]
[-327, 229, 391]
[-327, 229, 390]
[-327, 229, 389]
[-327, 229, 388]
[-327, 230, 387]
[-327, 230, 387]
[-327, 230, 386]
[-327, 230, 385]
[-328, 230, 384]
[-328, 231, 383]
[-328, 231, 382]
[-328, 231, 381]
[-328, 231, 380]
[-328, 231, 379]
[-328, 232, 378]
[-328, 232, 377]
[-328, 232, 376]
[-329, 232, 375]
[-329, 232, 374]
[-329, 232, 373]
[-329, 232, 372]
[-329, 233, 371]
[-329, 233, 370]
[-329, 233, 370]
[-329, 233, 369]
[-329, 233, 368]
[-329, 233, 367]
[-329, 233, 366]
[-329, 233, 365]
[-330, 233, 364]
[-330, 234, 363]
[-330, 234, 362]
[-330, 234, 361]
[-330, 234, 360]
[-330, 234, 359]
[-330, 234, 358]
[-330, 234, 357]
[-330, 234, 357]
[-330, 234, 356]
[-330, 234, 355]
[-330, 234, 354]
[-330, 234, 353]
[-330, 234, 352]
