# Curve Parameters
# y_end: 248
# loops: 1
# A (south bulge): 140
# B (lateral wiggle): 60
# samples: 350
#
# Analysis Results
# max_grade: 0.964162
# length_3d: 432.80
# length_2d: 398.86
# min_horiz_step: 0.220531
# status: OK
#
# Coordinates (x, y, z)
#==================================================

[-199, 98, 410]
[-199, 98, 411]
[-199, 98, 413]
[-199, 98, 414]
[-199, 98, 415]
[-199, 98, 416]
[-199, 98, 418]
[-199, 98, 419]
[-199, 98, 420]
[-199, 98, 421]
[-199, 98, 422]
[-199, 98, 424]
[-199, 99, 425]
[-199, 99, 426]
[-199, 99, 427]
[-199, 99, 429]
[-199, 99, 430]
[-199, 99, 431]
[-200, 99, 432]
[-200, 99, 433]
[-200, 99, 435]
[-200, 100, 436]
[-200, 100, 437]
[-200, 100, 438]
[-200, 100, 439]
[-200, 100, 440]
[-200, 100, 442]
[-200, 101, 443]
[-200, 101, 444]
[-200, 101, 445]
[-200, 101, 446]
[-200, 101, 447]
[-199, 102, 448]
[-199, 102, 450]
[-199, 102, 451]
[-199, 102, 452]
[-199, 102, 453]
[-199, 103, 454]
[-199, 103, 455]
[-199, 103, 456]
[-199, 103, 457]
[-199, 104, 458]
[-199, 104, 459]
[-198, 104, 460]
[-198, 105, 461]
[-198, 105, 463]
[-198, 105, 464]
[-198, 105, 465]
[-198, 106, 466]
[-198, 106, 467]
[-197, 106, 468]
[-197, 107, 469]
[-197, 107, 470]
[-197, 107, 471]
[-197, 108, 472]
[-196, 108, 473]
[-196, 108, 474]
[-196, 109, 475]
[-196, 109, 476]
[-196, 109, 476]
[-195, 110, 477]
[-195, 110, 478]
[-195, 111, 479]
[-195, 111, 480]
[-194, 111, 481]
[-194, 112, 482]
[-194, 112, 483]
[-194, 112, 484]
[-193, 113, 485]
[-193, 113, 486]
[-193, 114, 486]
[-193, 114, 487]
[-192, 115, 488]
[-192, 115, 489]
[-192, 115, 490]
[-192, 116, 491]
[-191, 116, 491]
[-191, 117, 492]
[-191, 117, 493]
[-191, 118, 494]
[-191, 118, 495]
[-190, 118, 495]
[-190, 119, 496]
[-190, 119, 497]
[-190, 120, 498]
[-190, 120, 498]
[-190, 121, 499]
[-189, 121, 500]
[-189, 122, 500]
[-189, 122, 501]
[-189, 123, 502]
[-189, 123, 503]
[-189, 124, 503]
[-189, 124, 504]
[-189, 125, 504]
[-189, 125, 505]
[-189, 126, 506]
[-189, 126, 506]
[-189, 127, 507]
[-189, 127, 508]
[-189, 128, 508]
[-189, 128, 509]
[-189, 129, 509]
[-190, 129, 510]
[-190, 130, 510]
[-190, 131, 511]
[-190, 131, 511]
[-190, 132, 512]
[-191, 132, 512]
[-191, 133, 513]
[-191, 133, 513]
[-192, 134, 514]
[-192, 134, 514]
[-192, 135, 515]
[-193, 136, 515]
[-193, 136, 516]
[-194, 137, 516]
[-194, 137, 516]
[-195, 138, 517]
[-195, 138, 517]
[-196, 139, 518]
[-197, 140, 518]
[-197, 140, 518]
[-198, 141, 519]
[-199, 141, 519]
[-199, 142, 519]
[-200, 143, 520]
[-201, 143, 520]
[-202, 144, 520]
[-203, 144, 521]
[-203, 145, 521]
[-204, 146, 521]
[-205, 146, 521]
[-206, 147, 521]
[-207, 147, 522]
[-208, 148, 522]
[-209, 149, 522]
[-210, 149, 522]
[-211, 150, 522]
[-213, 150, 523]
[-214, 151, 523]
[-215, 152, 523]
[-216, 152, 523]
[-217, 153, 523]
[-218, 154, 523]
[-220, 154, 523]
[-221, 155, 523]
[-222, 155, 524]
[-224, 156, 524]
[-225, 157, 524]
[-226, 157, 524]
[-228, 158, 524]
[-229, 159, 524]
[-231, 159, 524]
[-232, 160, 524]
[-234, 160, 524]
[-235, 161, 524]
[-237, 162, 524]
[-238, 162, 524]
[-240, 163, 523]
[-241, 164, 523]
[-243, 164, 523]
[-244, 165, 523]
[-246, 166, 523]
[-247, 166, 523]
[-249, 167, 523]
[-251, 168, 523]
[-252, 168, 523]
[-254, 169, 522]
[-255, 169, 522]
[-257, 170, 522]
[-259, 171, 522]
[-260, 171, 522]
[-262, 172, 521]
[-264, 173, 521]
[-265, 173, 521]
[-267, 174, 521]
[-269, 175, 520]
[-270, 175, 520]
[-272, 176, 520]
[-274, 177, 519]
[-275, 177, 519]
[-277, 178, 519]
[-278, 178, 518]
[-280, 179, 518]
[-282, 180, 518]
[-283, 180, 517]
[-285, 181, 517]
[-286, 182, 517]
[-288, 182, 516]
[-289, 183, 516]
[-291, 184, 515]
[-292, 184, 515]
[-294, 185, 514]
[-295, 186, 514]
[-297, 186, 514]
[-298, 187, 513]
[-300, 187, 513]
[-301, 188, 512]
[-303, 189, 512]
[-304, 189, 511]
[-305, 190, 510]
[-307, 191, 510]
[-308, 191, 509]
[-309, 192, 509]
[-311, 192, 508]
[-312, 193, 508]
[-313, 194, 507]
[-314, 194, 506]
[-315, 195, 506]
[-316, 196, 505]
[-318, 196, 505]
[-319, 197, 504]
[-320, 197, 503]
[-321, 198, 503]
[-322, 199, 502]
[-323, 199, 501]
[-324, 200, 500]
[-325, 200, 500]
[-326, 201, 499]
[-326, 202, 498]
[-327, 202, 498]
[-328, 203, 497]
[-329, 203, 496]
[-330, 204, 495]
[-330, 205, 495]
[-331, 205, 494]
[-332, 206, 493]
[-332, 206, 492]
[-333, 207, 491]
[-334, 208, 491]
[-334, 208, 490]
[-335, 209, 489]
[-335, 209, 488]
[-336, 210, 487]
[-336, 210, 486]
[-337, 211, 485]
[-337, 212, 485]
[-337, 212, 484]
[-338, 213, 483]
[-338, 213, 482]
[-338, 214, 481]
[-339, 214, 480]
[-339, 215, 479]
[-339, 215, 478]
[-339, 216, 477]
[-339, 217, 476]
[-340, 217, 475]
[-340, 218, 474]
[-340, 218, 473]
[-340, 219, 472]
[-340, 219, 471]
[-340, 220, 470]
[-340, 220, 469]
[-340, 221, 468]
[-340, 221, 467]
[-340, 222, 466]
[-340, 222, 465]
[-340, 223, 464]
[-340, 223, 463]
[-340, 224, 462]
[-340, 224, 461]
[-340, 225, 460]
[-339, 225, 459]
[-339, 226, 458]
[-339, 226, 457]
[-339, 227, 455]
[-339, 227, 454]
[-339, 228, 453]
[-338, 228, 452]
[-338, 228, 451]
[-338, 229, 450]
[-338, 229, 449]
[-338, 230, 448]
[-337, 230, 446]
[-337, 231, 445]
[-337, 231, 444]
[-337, 231, 443]
[-336, 232, 442]
[-336, 232, 441]
[-336, 233, 439]
[-336, 233, 438]
[-335, 234, 437]
[-335, 234, 436]
[-335, 234, 435]
[-335, 235, 433]
[-334, 235, 432]
[-334, 235, 431]
[-334, 236, 430]
[-334, 236, 429]
[-333, 237, 427]
[-333, 237, 426]
[-333, 237, 425]
[-333, 238, 424]
[-333, 238, 422]
[-332, 238, 421]
[-332, 239, 420]
[-332, 239, 419]
[-332, 239, 417]
[-332, 240, 416]
[-331, 240, 415]
[-331, 240, 414]
[-331, 241, 412]
[-331, 241, 411]
[-331, 241, 410]
[-331, 241, 409]
[-331, 242, 407]
[-330, 242, 406]
[-330, 242, 405]
[-330, 243, 403]
[-330, 243, 402]
[-330, 243, 401]
[-330, 243, 400]
[-330, 244, 398]
[-330, 244, 397]
[-330, 244, 396]
[-330, 244, 394]
[-330, 244, 393]
[-329, 245, 392]
[-329, 245, 391]
[-329, 245, 389]
[-329, 245, 388]
[-329, 245, 387]
[-329, 246, 385]
[-329, 246, 384]
[-329, 246, 383]
[-329, 246, 382]
[-329, 246, 380]
[-329, 246, 379]
[-329, 247, 378]
[-329, 247, 376]
[-329, 247, 375]
[-330, 247, 374]
[-330, 247, 372]
[-330, 247, 371]
[-330, 247, 370]
[-330, 247, 369]
[-330, 247, 367]
[-330, 248, 366]
[-330, 248, 365]
[-330, 248, 363]
[-330, 248, 362]
[-330, 248, 361]
[-330, 248, 360]
[-330, 248, 358]
[-330, 248, 357]
[-330, 248, 356]
[-330, 248, 355]
[-330, 248, 353]
[-330, 248, 352]
