# Curve Parameters (NORTH-FIRST)
# y_end: 222
# loops: 1
# A (north bulge): 80
# B (lateral wiggle): 10
# samples: 350
#
# Analysis Results
# max_grade: 0.935775
# length_3d: 275.31
# length_2d: 239.66
# min_horiz_step: 0.179128
# min_chunk_z: 18
# status: OK
#
# Coordinates (x, y, z)
#==================================================

[-199, 98, 410]
[-199, 98, 409]
[-199, 98, 409]
[-199, 98, 408]
[-199, 98, 407]
[-199, 98, 406]
[-199, 98, 406]
[-199, 98, 405]
[-199, 98, 404]
[-199, 98, 403]
[-199, 98, 403]
[-199, 98, 402]
[-199, 98, 401]
[-200, 99, 400]
[-200, 99, 400]
[-200, 99, 399]
[-200, 99, 398]
[-200, 99, 397]
[-200, 99, 397]
[-200, 99, 396]
[-200, 99, 395]
[-200, 99, 394]
[-200, 99, 394]
[-200, 100, 393]
[-201, 100, 392]
[-201, 100, 391]
[-201, 100, 391]
[-201, 100, 390]
[-201, 100, 389]
[-201, 100, 388]
[-201, 101, 387]
[-202, 101, 387]
[-202, 101, 386]
[-202, 101, 385]
[-202, 101, 384]
[-202, 101, 384]
[-202, 102, 383]
[-202, 102, 382]
[-203, 102, 381]
[-203, 102, 380]
[-203, 103, 380]
[-203, 103, 379]
[-203, 103, 378]
[-203, 103, 377]
[-204, 103, 377]
[-204, 104, 376]
[-204, 104, 375]
[-204, 104, 374]
[-204, 104, 374]
[-205, 105, 373]
[-205, 105, 372]
[-205, 105, 371]
[-205, 105, 370]
[-205, 106, 370]
[-206, 106, 369]
[-206, 106, 368]
[-206, 107, 367]
[-206, 107, 367]
[-207, 107, 366]
[-207, 107, 365]
[-207, 108, 364]
[-207, 108, 364]
[-207, 108, 363]
[-208, 109, 362]
[-208, 109, 361]
[-208, 109, 361]
[-208, 110, 360]
[-209, 110, 359]
[-209, 110, 358]
[-209, 111, 358]
[-209, 111, 357]
[-210, 111, 356]
[-210, 112, 355]
[-210, 112, 355]
[-210, 112, 354]
[-211, 113, 353]
[-211, 113, 352]
[-211, 113, 352]
[-212, 114, 351]
[-212, 114, 350]
[-212, 115, 349]
[-212, 115, 349]
[-213, 115, 348]
[-213, 116, 347]
[-213, 116, 347]
[-214, 116, 346]
[-214, 117, 345]
[-214, 117, 345]
[-215, 118, 344]
[-215, 118, 343]
[-215, 118, 342]
[-216, 119, 342]
[-216, 119, 341]
[-216, 120, 340]
[-217, 120, 340]
[-217, 121, 339]
[-218, 121, 338]
[-218, 121, 338]
[-218, 122, 337]
[-219, 122, 336]
[-219, 123, 336]
[-220, 123, 335]
[-220, 124, 334]
[-220, 124, 334]
[-221, 124, 333]
[-221, 125, 333]
[-222, 125, 332]
[-222, 126, 331]
[-223, 126, 331]
[-223, 127, 330]
[-223, 127, 329]
[-224, 128, 329]
[-224, 128, 328]
[-225, 129, 328]
[-225, 129, 327]
[-226, 130, 326]
[-226, 130, 326]
[-227, 130, 325]
[-227, 131, 325]
[-228, 131, 324]
[-228, 132, 324]
[-229, 132, 323]
[-229, 133, 322]
[-230, 133, 322]
[-230, 134, 321]
[-231, 134, 321]
[-232, 135, 320]
[-232, 135, 320]
[-233, 136, 319]
[-233, 136, 319]
[-234, 137, 318]
[-234, 137, 318]
[-235, 138, 317]
[-236, 138, 317]
[-236, 139, 316]
[-237, 139, 316]
[-238, 140, 315]
[-238, 140, 315]
[-239, 141, 314]
[-239, 141, 314]
[-240, 142, 313]
[-241, 142, 313]
[-241, 143, 312]
[-242, 143, 312]
[-243, 144, 312]
[-243, 144, 311]
[-244, 145, 311]
[-245, 145, 310]
[-245, 146, 310]
[-246, 147, 309]
[-247, 147, 309]
[-247, 148, 309]
[-248, 148, 308]
[-249, 149, 308]
[-250, 149, 307]
[-250, 150, 307]
[-251, 150, 307]
[-252, 151, 306]
[-252, 151, 306]
[-253, 152, 306]
[-254, 152, 305]
[-255, 153, 305]
[-255, 153, 305]
[-256, 154, 304]
[-257, 154, 304]
[-257, 155, 304]
[-258, 155, 303]
[-259, 156, 303]
[-260, 157, 303]
[-260, 157, 302]
[-261, 158, 302]
[-262, 158, 302]
[-263, 159, 302]
[-263, 159, 301]
[-264, 160, 301]
[-265, 160, 301]
[-266, 161, 301]
[-266, 161, 300]
[-267, 162, 300]
[-268, 162, 300]
[-269, 163, 300]
[-269, 163, 300]
[-270, 164, 299]
[-271, 165, 299]
[-272, 165, 299]
[-272, 166, 299]
[-273, 166, 299]
[-274, 167, 298]
[-274, 167, 298]
[-275, 168, 298]
[-276, 168, 298]
[-277, 169, 298]
[-277, 169, 298]
[-278, 170, 298]
[-279, 170, 297]
[-279, 171, 297]
[-280, 171, 297]
[-281, 172, 297]
[-282, 172, 297]
[-282, 173, 297]
[-283, 173, 297]
[-284, 174, 297]
[-284, 175, 297]
[-285, 175, 297]
[-286, 176, 297]
[-286, 176, 296]
[-287, 177, 296]
[-288, 177, 296]
[-288, 178, 296]
[-289, 178, 296]
[-290, 179, 296]
[-290, 179, 296]
[-291, 180, 296]
[-291, 180, 296]
[-292, 181, 296]
[-293, 181, 296]
[-293, 182, 296]
[-294, 182, 296]
[-295, 183, 296]
[-295, 183, 296]
[-296, 184, 297]
[-296, 184, 297]
[-297, 185, 297]
[-297, 185, 297]
[-298, 186, 297]
[-299, 186, 297]
[-299, 187, 297]
[-300, 187, 297]
[-300, 188, 297]
[-301, 188, 297]
[-301, 189, 297]
[-302, 189, 298]
[-302, 190, 298]
[-303, 190, 298]
[-303, 190, 298]
[-304, 191, 298]
[-304, 191, 298]
[-305, 192, 298]
[-305, 192, 299]
[-306, 193, 299]
[-306, 193, 299]
[-306, 194, 299]
[-307, 194, 299]
[-307, 195, 300]
[-308, 195, 300]
[-308, 196, 300]
[-309, 196, 300]
[-309, 196, 300]
[-309, 197, 301]
[-310, 197, 301]
[-310, 198, 301]
[-311, 198, 301]
[-311, 199, 302]
[-311, 199, 302]
[-312, 199, 302]
[-312, 200, 302]
[-313, 200, 303]
[-313, 201, 303]
[-313, 201, 303]
[-314, 202, 304]
[-314, 202, 304]
[-314, 202, 304]
[-315, 203, 305]
[-315, 203, 305]
[-315, 204, 305]
[-316, 204, 306]
[-316, 204, 306]
[-316, 205, 306]
[-317, 205, 307]
[-317, 205, 307]
[-317, 206, 307]
[-317, 206, 308]
[-318, 207, 308]
[-318, 207, 308]
[-318, 207, 309]
[-319, 208, 309]
[-319, 208, 310]
[-319, 208, 310]
[-319, 209, 311]
[-320, 209, 311]
[-320, 209, 311]
[-320, 210, 312]
[-320, 210, 312]
[-321, 210, 313]
[-321, 211, 313]
[-321, 211, 314]
[-321, 211, 314]
[-322, 212, 314]
[-322, 212, 315]
[-322, 212, 315]
[-322, 213, 316]
[-322, 213, 316]
[-323, 213, 317]
[-323, 213, 317]
[-323, 214, 318]
[-323, 214, 318]
[-324, 214, 319]
[-324, 215, 319]
[-324, 215, 320]
[-324, 215, 320]
[-324, 215, 321]
[-325, 216, 321]
[-325, 216, 322]
[-325, 216, 323]
[-325, 216, 323]
[-325, 217, 324]
[-326, 217, 324]
[-326, 217, 325]
[-326, 217, 325]
[-326, 217, 326]
[-326, 218, 326]
[-326, 218, 327]
[-327, 218, 328]
[-327, 218, 328]
[-327, 219, 329]
[-327, 219, 329]
[-327, 219, 330]
[-327, 219, 331]
[-327, 219, 331]
[-328, 219, 332]
[-328, 220, 332]
[-328, 220, 333]
[-328, 220, 334]
[-328, 220, 334]
[-328, 220, 335]
[-328, 220, 336]
[-329, 220, 336]
[-329, 221, 337]
[-329, 221, 338]
[-329, 221, 338]
[-329, 221, 339]
[-329, 221, 340]
[-329, 221, 340]
[-329, 221, 341]
[-329, 221, 342]
[-329, 221, 342]
[-329, 221, 343]
[-330, 222, 344]
[-330, 222, 344]
[-330, 222, 345]
[-330, 222, 346]
[-330, 222, 346]
[-330, 222, 347]
[-330, 222, 348]
[-330, 222, 348]
[-330, 222, 349]
[-330, 222, 350]
[-330, 222, 351]
[-330, 222, 351]
[-330, 222, 352]
