# Curve Parameters (NORTH-FIRST)
# y_end: 228
# loops: 0
# A (north bulge): 60
# B (lateral wiggle): 0
# samples: 350
#
# Analysis Results
# max_grade: 0.992366
# length_3d: 246.56
# length_2d: 203.42
# min_horiz_step: 0.176149
# min_chunk_z: 19
# status: OK
#
# Coordinates (x, y, z)
#==================================================

[-199, 98, 410]
[-199, 98, 409]
[-199, 98, 409]
[-199, 98, 408]
[-199, 98, 408]
[-199, 98, 407]
[-199, 98, 407]
[-199, 98, 406]
[-199, 98, 406]
[-199, 98, 405]
[-199, 98, 404]
[-199, 98, 404]
[-199, 98, 403]
[-200, 99, 403]
[-200, 99, 402]
[-200, 99, 402]
[-200, 99, 401]
[-200, 99, 400]
[-200, 99, 400]
[-200, 99, 399]
[-200, 99, 399]
[-200, 99, 398]
[-200, 99, 398]
[-201, 100, 397]
[-201, 100, 396]
[-201, 100, 396]
[-201, 100, 395]
[-201, 100, 395]
[-201, 100, 394]
[-202, 101, 393]
[-202, 101, 393]
[-202, 101, 392]
[-202, 101, 392]
[-202, 101, 391]
[-202, 101, 390]
[-203, 102, 390]
[-203, 102, 389]
[-203, 102, 389]
[-203, 102, 388]
[-204, 103, 387]
[-204, 103, 387]
[-204, 103, 386]
[-204, 103, 386]
[-204, 103, 385]
[-205, 104, 384]
[-205, 104, 384]
[-205, 104, 383]
[-205, 104, 382]
[-206, 105, 382]
[-206, 105, 381]
[-206, 105, 381]
[-207, 106, 380]
[-207, 106, 379]
[-207, 106, 379]
[-207, 106, 378]
[-208, 107, 378]
[-208, 107, 377]
[-208, 107, 376]
[-209, 108, 376]
[-209, 108, 375]
[-209, 108, 375]
[-210, 109, 374]
[-210, 109, 373]
[-210, 109, 373]
[-211, 110, 372]
[-211, 110, 372]
[-211, 110, 371]
[-212, 111, 370]
[-212, 111, 370]
[-212, 111, 369]
[-213, 112, 369]
[-213, 112, 368]
[-213, 112, 367]
[-214, 113, 367]
[-214, 113, 366]
[-215, 113, 366]
[-215, 114, 365]
[-215, 114, 364]
[-216, 115, 364]
[-216, 115, 363]
[-216, 115, 363]
[-217, 116, 362]
[-217, 116, 362]
[-218, 117, 361]
[-218, 117, 360]
[-219, 117, 360]
[-219, 118, 359]
[-219, 118, 359]
[-220, 119, 358]
[-220, 119, 358]
[-221, 119, 357]
[-221, 120, 356]
[-222, 120, 356]
[-222, 121, 355]
[-222, 121, 355]
[-223, 122, 354]
[-223, 122, 354]
[-224, 123, 353]
[-224, 123, 353]
[-225, 123, 352]
[-225, 124, 351]
[-226, 124, 351]
[-226, 125, 350]
[-226, 125, 350]
[-227, 126, 349]
[-227, 126, 349]
[-228, 127, 348]
[-228, 127, 348]
[-229, 128, 347]
[-229, 128, 347]
[-230, 129, 346]
[-230, 129, 346]
[-231, 130, 345]
[-231, 130, 345]
[-232, 131, 344]
[-232, 131, 344]
[-233, 132, 343]
[-233, 132, 343]
[-234, 133, 342]
[-234, 133, 342]
[-235, 134, 341]
[-235, 134, 341]
[-236, 135, 340]
[-236, 135, 340]
[-237, 136, 339]
[-237, 136, 339]
[-238, 137, 338]
[-238, 137, 338]
[-239, 138, 337]
[-239, 138, 337]
[-240, 139, 337]
[-241, 139, 336]
[-241, 140, 336]
[-242, 140, 335]
[-242, 141, 335]
[-243, 141, 334]
[-243, 142, 334]
[-244, 142, 334]
[-244, 143, 333]
[-245, 143, 333]
[-245, 144, 332]
[-246, 145, 332]
[-246, 145, 332]
[-247, 146, 331]
[-248, 146, 331]
[-248, 147, 330]
[-249, 147, 330]
[-249, 148, 330]
[-250, 148, 329]
[-250, 149, 329]
[-251, 149, 329]
[-251, 150, 328]
[-252, 150, 328]
[-252, 151, 327]
[-253, 152, 327]
[-254, 152, 327]
[-254, 153, 326]
[-255, 153, 326]
[-255, 154, 326]
[-256, 154, 325]
[-256, 155, 325]
[-257, 155, 325]
[-257, 156, 324]
[-258, 157, 324]
[-259, 157, 324]
[-259, 158, 324]
[-260, 158, 323]
[-260, 159, 323]
[-261, 159, 323]
[-261, 160, 322]
[-262, 160, 322]
[-263, 161, 322]
[-263, 162, 322]
[-264, 162, 321]
[-264, 163, 321]
[-265, 163, 321]
[-265, 164, 321]
[-266, 164, 320]
[-266, 165, 320]
[-267, 166, 320]
[-268, 166, 320]
[-268, 167, 319]
[-269, 167, 319]
[-269, 168, 319]
[-270, 168, 319]
[-270, 169, 319]
[-271, 169, 318]
[-272, 170, 318]
[-272, 171, 318]
[-273, 171, 318]
[-273, 172, 318]
[-274, 172, 318]
[-274, 173, 317]
[-275, 173, 317]
[-275, 174, 317]
[-276, 174, 317]
[-277, 175, 317]
[-277, 176, 317]
[-278, 176, 317]
[-278, 177, 316]
[-279, 177, 316]
[-279, 178, 316]
[-280, 178, 316]
[-280, 179, 316]
[-281, 179, 316]
[-281, 180, 316]
[-282, 180, 316]
[-283, 181, 316]
[-283, 181, 315]
[-284, 182, 315]
[-284, 183, 315]
[-285, 183, 315]
[-285, 184, 315]
[-286, 184, 315]
[-286, 185, 315]
[-287, 185, 315]
[-287, 186, 315]
[-288, 186, 315]
[-288, 187, 315]
[-289, 187, 315]
[-290, 188, 315]
[-290, 188, 315]
[-291, 189, 315]
[-291, 189, 315]
[-292, 190, 315]
[-292, 190, 315]
[-293, 191, 315]
[-293, 191, 315]
[-294, 192, 315]
[-294, 192, 315]
[-295, 193, 315]
[-295, 193, 315]
[-296, 194, 315]
[-296, 194, 315]
[-297, 195, 315]
[-297, 195, 315]
[-298, 196, 315]
[-298, 196, 315]
[-299, 197, 315]
[-299, 197, 315]
[-300, 198, 316]
[-300, 198, 316]
[-301, 199, 316]
[-301, 199, 316]
[-302, 200, 316]
[-302, 200, 316]
[-303, 201, 316]
[-303, 201, 316]
[-303, 202, 316]
[-304, 202, 317]
[-304, 203, 317]
[-305, 203, 317]
[-305, 203, 317]
[-306, 204, 317]
[-306, 204, 317]
[-307, 205, 317]
[-307, 205, 318]
[-307, 206, 318]
[-308, 206, 318]
[-308, 207, 318]
[-309, 207, 318]
[-309, 207, 318]
[-310, 208, 319]
[-310, 208, 319]
[-310, 209, 319]
[-311, 209, 319]
[-311, 209, 320]
[-312, 210, 320]
[-312, 210, 320]
[-313, 211, 320]
[-313, 211, 320]
[-313, 211, 321]
[-314, 212, 321]
[-314, 212, 321]
[-314, 213, 321]
[-315, 213, 322]
[-315, 213, 322]
[-316, 214, 322]
[-316, 214, 322]
[-316, 214, 323]
[-317, 215, 323]
[-317, 215, 323]
[-317, 215, 324]
[-318, 216, 324]
[-318, 216, 324]
[-318, 216, 324]
[-319, 217, 325]
[-319, 217, 325]
[-319, 217, 325]
[-320, 218, 326]
[-320, 218, 326]
[-320, 218, 326]
[-321, 219, 327]
[-321, 219, 327]
[-321, 219, 327]
[-322, 220, 328]
[-322, 220, 328]
[-322, 220, 328]
[-322, 220, 329]
[-323, 221, 329]
[-323, 221, 329]
[-323, 221, 330]
[-324, 222, 330]
[-324, 222, 331]
[-324, 222, 331]
[-324, 222, 331]
[-325, 223, 332]
[-325, 223, 332]
[-325, 223, 333]
[-325, 223, 333]
[-325, 223, 333]
[-326, 224, 334]
[-326, 224, 334]
[-326, 224, 335]
[-326, 224, 335]
[-327, 225, 335]
[-327, 225, 336]
[-327, 225, 336]
[-327, 225, 337]
[-327, 225, 337]
[-327, 225, 338]
[-328, 226, 338]
[-328, 226, 339]
[-328, 226, 339]
[-328, 226, 339]
[-328, 226, 340]
[-328, 226, 340]
[-329, 227, 341]
[-329, 227, 341]
[-329, 227, 342]
[-329, 227, 342]
[-329, 227, 343]
[-329, 227, 343]
[-329, 227, 344]
[-329, 227, 344]
[-329, 227, 345]
[-329, 227, 345]
[-330, 228, 346]
[-330, 228, 346]
[-330, 228, 347]
[-330, 228, 347]
[-330, 228, 348]
[-330, 228, 348]
[-330, 228, 349]
[-330, 228, 349]
[-330, 228, 350]
[-330, 228, 350]
[-330, 228, 351]
[-330, 228, 351]
[-330, 228, 352]
