# Curve Parameters (NORTH-FIRST)
# y_end: 226
# loops: 0
# A (north bulge): 40
# B (lateral wiggle): 0
# samples: 350
#
# Analysis Results
# max_grade: 0.977099
# length_3d: 220.72
# length_2d: 176.04
# min_horiz_step: 0.124768
# min_chunk_z: 20
# status: OK
#
# Coordinates (x, y, z)
#==================================================

[-199, 98, 410]
[-199, 98, 410]
[-199, 98, 409]
[-199, 98, 409]
[-199, 98, 409]
[-199, 98, 408]
[-199, 98, 408]
[-199, 98, 407]
[-199, 98, 407]
[-199, 98, 407]
[-199, 98, 406]
[-199, 98, 406]
[-199, 98, 405]
[-200, 99, 405]
[-200, 99, 405]
[-200, 99, 404]
[-200, 99, 404]
[-200, 99, 404]
[-200, 99, 403]
[-200, 99, 403]
[-200, 99, 402]
[-200, 99, 402]
[-200, 99, 401]
[-201, 100, 401]
[-201, 100, 401]
[-201, 100, 400]
[-201, 100, 400]
[-201, 100, 399]
[-201, 100, 399]
[-202, 101, 399]
[-202, 101, 398]
[-202, 101, 398]
[-202, 101, 397]
[-202, 101, 397]
[-202, 101, 396]
[-203, 102, 396]
[-203, 102, 396]
[-203, 102, 395]
[-203, 102, 395]
[-204, 102, 394]
[-204, 103, 394]
[-204, 103, 393]
[-204, 103, 393]
[-204, 103, 392]
[-205, 104, 392]
[-205, 104, 392]
[-205, 104, 391]
[-205, 104, 391]
[-206, 105, 390]
[-206, 105, 390]
[-206, 105, 389]
[-207, 105, 389]
[-207, 106, 388]
[-207, 106, 388]
[-207, 106, 388]
[-208, 107, 387]
[-208, 107, 387]
[-208, 107, 386]
[-209, 107, 386]
[-209, 108, 385]
[-209, 108, 385]
[-210, 108, 384]
[-210, 109, 384]
[-210, 109, 384]
[-211, 109, 383]
[-211, 110, 383]
[-211, 110, 382]
[-212, 110, 382]
[-212, 111, 381]
[-212, 111, 381]
[-213, 111, 380]
[-213, 112, 380]
[-213, 112, 379]
[-214, 112, 379]
[-214, 113, 379]
[-215, 113, 378]
[-215, 114, 378]
[-215, 114, 377]
[-216, 114, 377]
[-216, 115, 376]
[-216, 115, 376]
[-217, 115, 375]
[-217, 116, 375]
[-218, 116, 375]
[-218, 117, 374]
[-219, 117, 374]
[-219, 117, 373]
[-219, 118, 373]
[-220, 118, 372]
[-220, 119, 372]
[-221, 119, 371]
[-221, 120, 371]
[-222, 120, 371]
[-222, 120, 370]
[-222, 121, 370]
[-223, 121, 369]
[-223, 122, 369]
[-224, 122, 368]
[-224, 123, 368]
[-225, 123, 368]
[-225, 124, 367]
[-226, 124, 367]
[-226, 124, 366]
[-226, 125, 366]
[-227, 125, 365]
[-227, 126, 365]
[-228, 126, 365]
[-228, 127, 364]
[-229, 127, 364]
[-229, 128, 363]
[-230, 128, 363]
[-230, 129, 362]
[-231, 129, 362]
[-231, 130, 362]
[-232, 130, 361]
[-232, 131, 361]
[-233, 131, 360]
[-233, 132, 360]
[-234, 132, 360]
[-234, 132, 359]
[-235, 133, 359]
[-235, 133, 358]
[-236, 134, 358]
[-236, 134, 358]
[-237, 135, 357]
[-237, 135, 357]
[-238, 136, 357]
[-238, 137, 356]
[-239, 137, 356]
[-239, 138, 355]
[-240, 138, 355]
[-241, 139, 355]
[-241, 139, 354]
[-242, 140, 354]
[-242, 140, 354]
[-243, 141, 353]
[-243, 141, 353]
[-244, 142, 352]
[-244, 142, 352]
[-245, 143, 352]
[-245, 143, 351]
[-246, 144, 351]
[-246, 144, 351]
[-247, 145, 350]
[-248, 145, 350]
[-248, 146, 350]
[-249, 146, 349]
[-249, 147, 349]
[-250, 148, 349]
[-250, 148, 348]
[-251, 149, 348]
[-251, 149, 348]
[-252, 150, 347]
[-252, 150, 347]
[-253, 151, 347]
[-254, 151, 346]
[-254, 152, 346]
[-255, 152, 346]
[-255, 153, 346]
[-256, 153, 345]
[-256, 154, 345]
[-257, 155, 345]
[-257, 155, 344]
[-258, 156, 344]
[-259, 156, 344]
[-259, 157, 344]
[-260, 157, 343]
[-260, 158, 343]
[-261, 158, 343]
[-261, 159, 342]
[-262, 160, 342]
[-263, 160, 342]
[-263, 161, 342]
[-264, 161, 341]
[-264, 162, 341]
[-265, 162, 341]
[-265, 163, 341]
[-266, 163, 340]
[-266, 164, 340]
[-267, 164, 340]
[-268, 165, 340]
[-268, 166, 339]
[-269, 166, 339]
[-269, 167, 339]
[-270, 167, 339]
[-270, 168, 339]
[-271, 168, 338]
[-272, 169, 338]
[-272, 169, 338]
[-273, 170, 338]
[-273, 171, 338]
[-274, 171, 337]
[-274, 172, 337]
[-275, 172, 337]
[-275, 173, 337]
[-276, 173, 337]
[-277, 174, 336]
[-277, 174, 336]
[-278, 175, 336]
[-278, 175, 336]
[-279, 176, 336]
[-279, 176, 336]
[-280, 177, 335]
[-280, 178, 335]
[-281, 178, 335]
[-281, 179, 335]
[-282, 179, 335]
[-283, 180, 335]
[-283, 180, 335]
[-284, 181, 334]
[-284, 181, 334]
[-285, 182, 334]
[-285, 182, 334]
[-286, 183, 334]
[-286, 183, 334]
[-287, 184, 334]
[-287, 184, 334]
[-288, 185, 334]
[-288, 185, 333]
[-289, 186, 333]
[-290, 186, 333]
[-290, 187, 333]
[-291, 187, 333]
[-291, 188, 333]
[-292, 189, 333]
[-292, 189, 333]
[-293, 190, 333]
[-293, 190, 333]
[-294, 191, 333]
[-294, 191, 333]
[-295, 192, 333]
[-295, 192, 332]
[-296, 192, 332]
[-296, 193, 332]
[-297, 193, 332]
[-297, 194, 332]
[-298, 194, 332]
[-298, 195, 332]
[-299, 195, 332]
[-299, 196, 332]
[-300, 196, 332]
[-300, 197, 332]
[-301, 197, 332]
[-301, 198, 332]
[-302, 198, 332]
[-302, 199, 332]
[-303, 199, 332]
[-303, 200, 332]
[-303, 200, 332]
[-304, 200, 332]
[-304, 201, 332]
[-305, 201, 332]
[-305, 202, 332]
[-306, 202, 332]
[-306, 203, 332]
[-307, 203, 332]
[-307, 204, 332]
[-307, 204, 332]
[-308, 204, 333]
[-308, 205, 333]
[-309, 205, 333]
[-309, 206, 333]
[-310, 206, 333]
[-310, 207, 333]
[-310, 207, 333]
[-311, 207, 333]
[-311, 208, 333]
[-312, 208, 333]
[-312, 209, 333]
[-313, 209, 333]
[-313, 209, 333]
[-313, 210, 334]
[-314, 210, 334]
[-314, 210, 334]
[-314, 211, 334]
[-315, 211, 334]
[-315, 212, 334]
[-316, 212, 334]
[-316, 212, 334]
[-316, 213, 334]
[-317, 213, 335]
[-317, 213, 335]
[-317, 214, 335]
[-318, 214, 335]
[-318, 214, 335]
[-318, 215, 335]
[-319, 215, 335]
[-319, 215, 336]
[-319, 216, 336]
[-320, 216, 336]
[-320, 216, 336]
[-320, 217, 336]
[-321, 217, 337]
[-321, 217, 337]
[-321, 217, 337]
[-322, 218, 337]
[-322, 218, 337]
[-322, 218, 337]
[-322, 219, 338]
[-323, 219, 338]
[-323, 219, 338]
[-323, 219, 338]
[-324, 220, 338]
[-324, 220, 339]
[-324, 220, 339]
[-324, 220, 339]
[-325, 221, 339]
[-325, 221, 340]
[-325, 221, 340]
[-325, 221, 340]
[-325, 222, 340]
[-326, 222, 340]
[-326, 222, 341]
[-326, 222, 341]
[-326, 222, 341]
[-327, 223, 341]
[-327, 223, 342]
[-327, 223, 342]
[-327, 223, 342]
[-327, 223, 343]
[-327, 223, 343]
[-328, 224, 343]
[-328, 224, 343]
[-328, 224, 344]
[-328, 224, 344]
[-328, 224, 344]
[-328, 224, 344]
[-329, 225, 345]
[-329, 225, 345]
[-329, 225, 345]
[-329, 225, 346]
[-329, 225, 346]
[-329, 225, 346]
[-329, 225, 347]
[-329, 225, 347]
[-329, 225, 347]
[-329, 225, 348]
[-330, 226, 348]
[-330, 226, 348]
[-330, 226, 349]
[-330, 226, 349]
[-330, 226, 349]
[-330, 226, 350]
[-330, 226, 350]
[-330, 226, 350]
[-330, 226, 351]
[-330, 226, 351]
[-330, 226, 351]
[-330, 226, 352]
[-330, 226, 352]
