# Curve Parameters (NORTH-FIRST)
# y_end: 226
# loops: 0
# A (north bulge): 60
# B (lateral wiggle): 0
# samples: 350
#
# Analysis Results
# max_grade: 0.977099
# length_3d: 245.39
# length_2d: 203.42
# min_horiz_step: 0.176149
# min_chunk_z: 19
# status: OK
#
# Coordinates (x, y, z)
#==================================================

[-199, 98, 410]
[-199, 98, 409]
[-199, 98, 409]
[-199, 98, 408]
[-199, 98, 408]
[-199, 98, 407]
[-199, 98, 407]
[-199, 98, 406]
[-199, 98, 406]
[-199, 98, 405]
[-199, 98, 404]
[-199, 98, 404]
[-199, 98, 403]
[-200, 99, 403]
[-200, 99, 402]
[-200, 99, 402]
[-200, 99, 401]
[-200, 99, 400]
[-200, 99, 400]
[-200, 99, 399]
[-200, 99, 399]
[-200, 99, 398]
[-200, 99, 398]
[-201, 100, 397]
[-201, 100, 396]
[-201, 100, 396]
[-201, 100, 395]
[-201, 100, 395]
[-201, 100, 394]
[-202, 101, 393]
[-202, 101, 393]
[-202, 101, 392]
[-202, 101, 392]
[-202, 101, 391]
[-202, 101, 390]
[-203, 102, 390]
[-203, 102, 389]
[-203, 102, 389]
[-203, 102, 388]
[-204, 102, 387]
[-204, 103, 387]
[-204, 103, 386]
[-204, 103, 386]
[-204, 103, 385]
[-205, 104, 384]
[-205, 104, 384]
[-205, 104, 383]
[-205, 104, 382]
[-206, 105, 382]
[-206, 105, 381]
[-206, 105, 381]
[-207, 105, 380]
[-207, 106, 379]
[-207, 106, 379]
[-207, 106, 378]
[-208, 107, 378]
[-208, 107, 377]
[-208, 107, 376]
[-209, 107, 376]
[-209, 108, 375]
[-209, 108, 375]
[-210, 108, 374]
[-210, 109, 373]
[-210, 109, 373]
[-211, 109, 372]
[-211, 110, 372]
[-211, 110, 371]
[-212, 110, 370]
[-212, 111, 370]
[-212, 111, 369]
[-213, 111, 369]
[-213, 112, 368]
[-213, 112, 367]
[-214, 112, 367]
[-214, 113, 366]
[-215, 113, 366]
[-215, 114, 365]
[-215, 114, 364]
[-216, 114, 364]
[-216, 115, 363]
[-216, 115, 363]
[-217, 115, 362]
[-217, 116, 362]
[-218, 116, 361]
[-218, 117, 360]
[-219, 117, 360]
[-219, 117, 359]
[-219, 118, 359]
[-220, 118, 358]
[-220, 119, 358]
[-221, 119, 357]
[-221, 120, 356]
[-222, 120, 356]
[-222, 120, 355]
[-222, 121, 355]
[-223, 121, 354]
[-223, 122, 354]
[-224, 122, 353]
[-224, 123, 353]
[-225, 123, 352]
[-225, 124, 351]
[-226, 124, 351]
[-226, 124, 350]
[-226, 125, 350]
[-227, 125, 349]
[-227, 126, 349]
[-228, 126, 348]
[-228, 127, 348]
[-229, 127, 347]
[-229, 128, 347]
[-230, 128, 346]
[-230, 129, 346]
[-231, 129, 345]
[-231, 130, 345]
[-232, 130, 344]
[-232, 131, 344]
[-233, 131, 343]
[-233, 132, 343]
[-234, 132, 342]
[-234, 132, 342]
[-235, 133, 341]
[-235, 133, 341]
[-236, 134, 340]
[-236, 134, 340]
[-237, 135, 339]
[-237, 135, 339]
[-238, 136, 338]
[-238, 137, 338]
[-239, 137, 337]
[-239, 138, 337]
[-240, 138, 337]
[-241, 139, 336]
[-241, 139, 336]
[-242, 140, 335]
[-242, 140, 335]
[-243, 141, 334]
[-243, 141, 334]
[-244, 142, 334]
[-244, 142, 333]
[-245, 143, 333]
[-245, 143, 332]
[-246, 144, 332]
[-246, 144, 332]
[-247, 145, 331]
[-248, 145, 331]
[-248, 146, 330]
[-249, 146, 330]
[-249, 147, 330]
[-250, 148, 329]
[-250, 148, 329]
[-251, 149, 329]
[-251, 149, 328]
[-252, 150, 328]
[-252, 150, 327]
[-253, 151, 327]
[-254, 151, 327]
[-254, 152, 326]
[-255, 152, 326]
[-255, 153, 326]
[-256, 153, 325]
[-256, 154, 325]
[-257, 155, 325]
[-257, 155, 324]
[-258, 156, 324]
[-259, 156, 324]
[-259, 157, 324]
[-260, 157, 323]
[-260, 158, 323]
[-261, 158, 323]
[-261, 159, 322]
[-262, 160, 322]
[-263, 160, 322]
[-263, 161, 322]
[-264, 161, 321]
[-264, 162, 321]
[-265, 162, 321]
[-265, 163, 321]
[-266, 163, 320]
[-266, 164, 320]
[-267, 164, 320]
[-268, 165, 320]
[-268, 166, 319]
[-269, 166, 319]
[-269, 167, 319]
[-270, 167, 319]
[-270, 168, 319]
[-271, 168, 318]
[-272, 169, 318]
[-272, 169, 318]
[-273, 170, 318]
[-273, 171, 318]
[-274, 171, 318]
[-274, 172, 317]
[-275, 172, 317]
[-275, 173, 317]
[-276, 173, 317]
[-277, 174, 317]
[-277, 174, 317]
[-278, 175, 317]
[-278, 175, 316]
[-279, 176, 316]
[-279, 176, 316]
[-280, 177, 316]
[-280, 178, 316]
[-281, 178, 316]
[-281, 179, 316]
[-282, 179, 316]
[-283, 180, 316]
[-283, 180, 315]
[-284, 181, 315]
[-284, 181, 315]
[-285, 182, 315]
[-285, 182, 315]
[-286, 183, 315]
[-286, 183, 315]
[-287, 184, 315]
[-287, 184, 315]
[-288, 185, 315]
[-288, 185, 315]
[-289, 186, 315]
[-290, 186, 315]
[-290, 187, 315]
[-291, 187, 315]
[-291, 188, 315]
[-292, 189, 315]
[-292, 189, 315]
[-293, 190, 315]
[-293, 190, 315]
[-294, 191, 315]
[-294, 191, 315]
[-295, 192, 315]
[-295, 192, 315]
[-296, 192, 315]
[-296, 193, 315]
[-297, 193, 315]
[-297, 194, 315]
[-298, 194, 315]
[-298, 195, 315]
[-299, 195, 315]
[-299, 196, 315]
[-300, 196, 316]
[-300, 197, 316]
[-301, 197, 316]
[-301, 198, 316]
[-302, 198, 316]
[-302, 199, 316]
[-303, 199, 316]
[-303, 200, 316]
[-303, 200, 316]
[-304, 200, 317]
[-304, 201, 317]
[-305, 201, 317]
[-305, 202, 317]
[-306, 202, 317]
[-306, 203, 317]
[-307, 203, 317]
[-307, 204, 318]
[-307, 204, 318]
[-308, 204, 318]
[-308, 205, 318]
[-309, 205, 318]
[-309, 206, 318]
[-310, 206, 319]
[-310, 207, 319]
[-310, 207, 319]
[-311, 207, 319]
[-311, 208, 320]
[-312, 208, 320]
[-312, 209, 320]
[-313, 209, 320]
[-313, 209, 320]
[-313, 210, 321]
[-314, 210, 321]
[-314, 210, 321]
[-314, 211, 321]
[-315, 211, 322]
[-315, 212, 322]
[-316, 212, 322]
[-316, 212, 322]
[-316, 213, 323]
[-317, 213, 323]
[-317, 213, 323]
[-317, 214, 324]
[-318, 214, 324]
[-318, 214, 324]
[-318, 215, 324]
[-319, 215, 325]
[-319, 215, 325]
[-319, 216, 325]
[-320, 216, 326]
[-320, 216, 326]
[-320, 217, 326]
[-321, 217, 327]
[-321, 217, 327]
[-321, 217, 327]
[-322, 218, 328]
[-322, 218, 328]
[-322, 218, 328]
[-322, 219, 329]
[-323, 219, 329]
[-323, 219, 329]
[-323, 219, 330]
[-324, 220, 330]
[-324, 220, 331]
[-324, 220, 331]
[-324, 220, 331]
[-325, 221, 332]
[-325, 221, 332]
[-325, 221, 333]
[-325, 221, 333]
[-325, 222, 333]
[-326, 222, 334]
[-326, 222, 334]
[-326, 222, 335]
[-326, 222, 335]
[-327, 223, 335]
[-327, 223, 336]
[-327, 223, 336]
[-327, 223, 337]
[-327, 223, 337]
[-327, 223, 338]
[-328, 224, 338]
[-328, 224, 339]
[-328, 224, 339]
[-328, 224, 339]
[-328, 224, 340]
[-328, 224, 340]
[-329, 225, 341]
[-329, 225, 341]
[-329, 225, 342]
[-329, 225, 342]
[-329, 225, 343]
[-329, 225, 343]
[-329, 225, 344]
[-329, 225, 344]
[-329, 225, 345]
[-329, 225, 345]
[-330, 226, 346]
[-330, 226, 346]
[-330, 226, 347]
[-330, 226, 347]
[-330, 226, 348]
[-330, 226, 348]
[-330, 226, 349]
[-330, 226, 349]
[-330, 226, 350]
[-330, 226, 350]
[-330, 226, 351]
[-330, 226, 351]
[-330, 226, 352]
