# Curve Parameters (NORTH-FIRST)
# y_end: 226
# loops: 1
# A (north bulge): 80
# B (lateral wiggle): 10
# samples: 350
#
# Analysis Results
# max_grade: 0.965961
# length_3d: 277.43
# length_2d: 239.66
# min_horiz_step: 0.179128
# min_chunk_z: 18
# status: OK
#
# Coordinates (x, y, z)
#==================================================

[-199, 98, 410]
[-199, 98, 409]
[-199, 98, 409]
[-199, 98, 408]
[-199, 98, 407]
[-199, 98, 406]
[-199, 98, 406]
[-199, 98, 405]
[-199, 98, 404]
[-199, 98, 403]
[-199, 98, 403]
[-199, 98, 402]
[-199, 98, 401]
[-200, 99, 400]
[-200, 99, 400]
[-200, 99, 399]
[-200, 99, 398]
[-200, 99, 397]
[-200, 99, 397]
[-200, 99, 396]
[-200, 99, 395]
[-200, 99, 394]
[-200, 99, 394]
[-200, 100, 393]
[-201, 100, 392]
[-201, 100, 391]
[-201, 100, 391]
[-201, 100, 390]
[-201, 100, 389]
[-201, 101, 388]
[-201, 101, 387]
[-202, 101, 387]
[-202, 101, 386]
[-202, 101, 385]
[-202, 101, 384]
[-202, 102, 384]
[-202, 102, 383]
[-202, 102, 382]
[-203, 102, 381]
[-203, 102, 380]
[-203, 103, 380]
[-203, 103, 379]
[-203, 103, 378]
[-203, 103, 377]
[-204, 104, 377]
[-204, 104, 376]
[-204, 104, 375]
[-204, 104, 374]
[-204, 105, 374]
[-205, 105, 373]
[-205, 105, 372]
[-205, 105, 371]
[-205, 106, 370]
[-205, 106, 370]
[-206, 106, 369]
[-206, 107, 368]
[-206, 107, 367]
[-206, 107, 367]
[-207, 107, 366]
[-207, 108, 365]
[-207, 108, 364]
[-207, 108, 364]
[-207, 109, 363]
[-208, 109, 362]
[-208, 109, 361]
[-208, 110, 361]
[-208, 110, 360]
[-209, 110, 359]
[-209, 111, 358]
[-209, 111, 358]
[-209, 111, 357]
[-210, 112, 356]
[-210, 112, 355]
[-210, 112, 355]
[-210, 113, 354]
[-211, 113, 353]
[-211, 114, 352]
[-211, 114, 352]
[-212, 114, 351]
[-212, 115, 350]
[-212, 115, 349]
[-212, 115, 349]
[-213, 116, 348]
[-213, 116, 347]
[-213, 117, 347]
[-214, 117, 346]
[-214, 117, 345]
[-214, 118, 345]
[-215, 118, 344]
[-215, 119, 343]
[-215, 119, 342]
[-216, 120, 342]
[-216, 120, 341]
[-216, 120, 340]
[-217, 121, 340]
[-217, 121, 339]
[-218, 122, 338]
[-218, 122, 338]
[-218, 123, 337]
[-219, 123, 336]
[-219, 124, 336]
[-220, 124, 335]
[-220, 124, 334]
[-220, 125, 334]
[-221, 125, 333]
[-221, 126, 333]
[-222, 126, 332]
[-222, 127, 331]
[-223, 127, 331]
[-223, 128, 330]
[-223, 128, 329]
[-224, 129, 329]
[-224, 129, 328]
[-225, 130, 328]
[-225, 130, 327]
[-226, 131, 326]
[-226, 131, 326]
[-227, 132, 325]
[-227, 132, 325]
[-228, 132, 324]
[-228, 133, 324]
[-229, 133, 323]
[-229, 134, 322]
[-230, 134, 322]
[-230, 135, 321]
[-231, 135, 321]
[-232, 136, 320]
[-232, 137, 320]
[-233, 137, 319]
[-233, 138, 319]
[-234, 138, 318]
[-234, 139, 318]
[-235, 139, 317]
[-236, 140, 317]
[-236, 140, 316]
[-237, 141, 316]
[-238, 141, 315]
[-238, 142, 315]
[-239, 142, 314]
[-239, 143, 314]
[-240, 143, 313]
[-241, 144, 313]
[-241, 144, 312]
[-242, 145, 312]
[-243, 145, 312]
[-243, 146, 311]
[-244, 146, 311]
[-245, 147, 310]
[-245, 148, 310]
[-246, 148, 309]
[-247, 149, 309]
[-247, 149, 309]
[-248, 150, 308]
[-249, 150, 308]
[-250, 151, 307]
[-250, 151, 307]
[-251, 152, 307]
[-252, 152, 306]
[-252, 153, 306]
[-253, 153, 306]
[-254, 154, 305]
[-255, 155, 305]
[-255, 155, 305]
[-256, 156, 304]
[-257, 156, 304]
[-257, 157, 304]
[-258, 157, 303]
[-259, 158, 303]
[-260, 158, 303]
[-260, 159, 302]
[-261, 160, 302]
[-262, 160, 302]
[-263, 161, 302]
[-263, 161, 301]
[-264, 162, 301]
[-265, 162, 301]
[-266, 163, 301]
[-266, 163, 300]
[-267, 164, 300]
[-268, 164, 300]
[-269, 165, 300]
[-269, 166, 300]
[-270, 166, 299]
[-271, 167, 299]
[-272, 167, 299]
[-272, 168, 299]
[-273, 168, 299]
[-274, 169, 298]
[-274, 169, 298]
[-275, 170, 298]
[-276, 171, 298]
[-277, 171, 298]
[-277, 172, 298]
[-278, 172, 298]
[-279, 173, 297]
[-279, 173, 297]
[-280, 174, 297]
[-281, 174, 297]
[-282, 175, 297]
[-282, 175, 297]
[-283, 176, 297]
[-284, 176, 297]
[-284, 177, 297]
[-285, 178, 297]
[-286, 178, 297]
[-286, 179, 296]
[-287, 179, 296]
[-288, 180, 296]
[-288, 180, 296]
[-289, 181, 296]
[-290, 181, 296]
[-290, 182, 296]
[-291, 182, 296]
[-291, 183, 296]
[-292, 183, 296]
[-293, 184, 296]
[-293, 184, 296]
[-294, 185, 296]
[-295, 185, 296]
[-295, 186, 296]
[-296, 186, 297]
[-296, 187, 297]
[-297, 187, 297]
[-297, 188, 297]
[-298, 189, 297]
[-299, 189, 297]
[-299, 190, 297]
[-300, 190, 297]
[-300, 191, 297]
[-301, 191, 297]
[-301, 192, 297]
[-302, 192, 298]
[-302, 192, 298]
[-303, 193, 298]
[-303, 193, 298]
[-304, 194, 298]
[-304, 194, 298]
[-305, 195, 298]
[-305, 195, 299]
[-306, 196, 299]
[-306, 196, 299]
[-306, 197, 299]
[-307, 197, 299]
[-307, 198, 300]
[-308, 198, 300]
[-308, 199, 300]
[-309, 199, 300]
[-309, 200, 300]
[-309, 200, 301]
[-310, 200, 301]
[-310, 201, 301]
[-311, 201, 301]
[-311, 202, 302]
[-311, 202, 302]
[-312, 203, 302]
[-312, 203, 302]
[-313, 204, 303]
[-313, 204, 303]
[-313, 204, 303]
[-314, 205, 304]
[-314, 205, 304]
[-314, 206, 304]
[-315, 206, 305]
[-315, 207, 305]
[-315, 207, 305]
[-316, 207, 306]
[-316, 208, 306]
[-316, 208, 306]
[-317, 209, 307]
[-317, 209, 307]
[-317, 209, 307]
[-317, 210, 308]
[-318, 210, 308]
[-318, 210, 308]
[-318, 211, 309]
[-319, 211, 309]
[-319, 212, 310]
[-319, 212, 310]
[-319, 212, 311]
[-320, 213, 311]
[-320, 213, 311]
[-320, 213, 312]
[-320, 214, 312]
[-321, 214, 313]
[-321, 214, 313]
[-321, 215, 314]
[-321, 215, 314]
[-322, 215, 314]
[-322, 216, 315]
[-322, 216, 315]
[-322, 216, 316]
[-322, 217, 316]
[-323, 217, 317]
[-323, 217, 317]
[-323, 217, 318]
[-323, 218, 318]
[-324, 218, 319]
[-324, 218, 319]
[-324, 219, 320]
[-324, 219, 320]
[-324, 219, 321]
[-325, 219, 321]
[-325, 220, 322]
[-325, 220, 323]
[-325, 220, 323]
[-325, 220, 324]
[-326, 221, 324]
[-326, 221, 325]
[-326, 221, 325]
[-326, 221, 326]
[-326, 222, 326]
[-326, 222, 327]
[-327, 222, 328]
[-327, 222, 328]
[-327, 222, 329]
[-327, 223, 329]
[-327, 223, 330]
[-327, 223, 331]
[-327, 223, 331]
[-328, 223, 332]
[-328, 223, 332]
[-328, 224, 333]
[-328, 224, 334]
[-328, 224, 334]
[-328, 224, 335]
[-328, 224, 336]
[-329, 224, 336]
[-329, 225, 337]
[-329, 225, 338]
[-329, 225, 338]
[-329, 225, 339]
[-329, 225, 340]
[-329, 225, 340]
[-329, 225, 341]
[-329, 225, 342]
[-329, 225, 342]
[-329, 225, 343]
[-330, 226, 344]
[-330, 226, 344]
[-330, 226, 345]
[-330, 226, 346]
[-330, 226, 346]
[-330, 226, 347]
[-330, 226, 348]
[-330, 226, 348]
[-330, 226, 349]
[-330, 226, 350]
[-330, 226, 351]
[-330, 226, 351]
[-330, 226, 352]
