# Curve Parameters (NORTH-FIRST)
# y_end: 222
# loops: 0
# A (north bulge): 80
# B (lateral wiggle): 0
# samples: 350
#
# Analysis Results
# max_grade: 0.946564
# length_3d: 271.31
# length_2d: 234.07
# min_horiz_step: 0.201207
# min_chunk_z: 18
# status: OK
#
# Coordinates (x, y, z)
#==================================================

[-199, 98, 410]
[-199, 98, 409]
[-199, 98, 409]
[-199, 98, 408]
[-199, 98, 407]
[-199, 98, 406]
[-199, 98, 406]
[-199, 98, 405]
[-199, 98, 404]
[-199, 98, 403]
[-199, 98, 403]
[-199, 98, 402]
[-199, 98, 401]
[-200, 99, 400]
[-200, 99, 400]
[-200, 99, 399]
[-200, 99, 398]
[-200, 99, 397]
[-200, 99, 397]
[-200, 99, 396]
[-200, 99, 395]
[-200, 99, 394]
[-200, 99, 394]
[-201, 100, 393]
[-201, 100, 392]
[-201, 100, 391]
[-201, 100, 391]
[-201, 100, 390]
[-201, 100, 389]
[-202, 100, 388]
[-202, 101, 387]
[-202, 101, 387]
[-202, 101, 386]
[-202, 101, 385]
[-202, 101, 384]
[-203, 101, 384]
[-203, 102, 383]
[-203, 102, 382]
[-203, 102, 381]
[-204, 102, 380]
[-204, 103, 380]
[-204, 103, 379]
[-204, 103, 378]
[-204, 103, 377]
[-205, 103, 377]
[-205, 104, 376]
[-205, 104, 375]
[-205, 104, 374]
[-206, 104, 374]
[-206, 105, 373]
[-206, 105, 372]
[-207, 105, 371]
[-207, 105, 370]
[-207, 106, 370]
[-207, 106, 369]
[-208, 106, 368]
[-208, 107, 367]
[-208, 107, 367]
[-209, 107, 366]
[-209, 107, 365]
[-209, 108, 364]
[-210, 108, 364]
[-210, 108, 363]
[-210, 109, 362]
[-211, 109, 361]
[-211, 109, 361]
[-211, 110, 360]
[-212, 110, 359]
[-212, 110, 358]
[-212, 111, 358]
[-213, 111, 357]
[-213, 111, 356]
[-213, 112, 355]
[-214, 112, 355]
[-214, 112, 354]
[-215, 113, 353]
[-215, 113, 352]
[-215, 113, 352]
[-216, 114, 351]
[-216, 114, 350]
[-216, 115, 349]
[-217, 115, 349]
[-217, 115, 348]
[-218, 116, 347]
[-218, 116, 347]
[-219, 116, 346]
[-219, 117, 345]
[-219, 117, 345]
[-220, 118, 344]
[-220, 118, 343]
[-221, 118, 342]
[-221, 119, 342]
[-222, 119, 341]
[-222, 120, 340]
[-222, 120, 340]
[-223, 121, 339]
[-223, 121, 338]
[-224, 121, 338]
[-224, 122, 337]
[-225, 122, 336]
[-225, 123, 336]
[-226, 123, 335]
[-226, 124, 334]
[-226, 124, 334]
[-227, 124, 333]
[-227, 125, 333]
[-228, 125, 332]
[-228, 126, 331]
[-229, 126, 331]
[-229, 127, 330]
[-230, 127, 329]
[-230, 128, 329]
[-231, 128, 328]
[-231, 129, 328]
[-232, 129, 327]
[-232, 130, 326]
[-233, 130, 326]
[-233, 130, 325]
[-234, 131, 325]
[-234, 131, 324]
[-235, 132, 324]
[-235, 132, 323]
[-236, 133, 322]
[-236, 133, 322]
[-237, 134, 321]
[-237, 134, 321]
[-238, 135, 320]
[-238, 135, 320]
[-239, 136, 319]
[-239, 136, 319]
[-240, 137, 318]
[-241, 137, 318]
[-241, 138, 317]
[-242, 138, 317]
[-242, 139, 316]
[-243, 139, 316]
[-243, 140, 315]
[-244, 140, 315]
[-244, 141, 314]
[-245, 141, 314]
[-245, 142, 313]
[-246, 142, 313]
[-246, 143, 312]
[-247, 143, 312]
[-248, 144, 312]
[-248, 144, 311]
[-249, 145, 311]
[-249, 145, 310]
[-250, 146, 310]
[-250, 147, 309]
[-251, 147, 309]
[-251, 148, 309]
[-252, 148, 308]
[-252, 149, 308]
[-253, 149, 307]
[-254, 150, 307]
[-254, 150, 307]
[-255, 151, 306]
[-255, 151, 306]
[-256, 152, 306]
[-256, 152, 305]
[-257, 153, 305]
[-257, 153, 305]
[-258, 154, 304]
[-259, 154, 304]
[-259, 155, 304]
[-260, 155, 303]
[-260, 156, 303]
[-261, 157, 303]
[-261, 157, 302]
[-262, 158, 302]
[-263, 158, 302]
[-263, 159, 302]
[-264, 159, 301]
[-264, 160, 301]
[-265, 160, 301]
[-265, 161, 301]
[-266, 161, 300]
[-266, 162, 300]
[-267, 162, 300]
[-268, 163, 300]
[-268, 163, 300]
[-269, 164, 299]
[-269, 165, 299]
[-270, 165, 299]
[-270, 166, 299]
[-271, 166, 299]
[-272, 167, 298]
[-272, 167, 298]
[-273, 168, 298]
[-273, 168, 298]
[-274, 169, 298]
[-274, 169, 298]
[-275, 170, 298]
[-275, 170, 297]
[-276, 171, 297]
[-277, 171, 297]
[-277, 172, 297]
[-278, 172, 297]
[-278, 173, 297]
[-279, 173, 297]
[-279, 174, 297]
[-280, 175, 297]
[-280, 175, 297]
[-281, 176, 297]
[-281, 176, 296]
[-282, 177, 296]
[-283, 177, 296]
[-283, 178, 296]
[-284, 178, 296]
[-284, 179, 296]
[-285, 179, 296]
[-285, 180, 296]
[-286, 180, 296]
[-286, 181, 296]
[-287, 181, 296]
[-287, 182, 296]
[-288, 182, 296]
[-288, 183, 296]
[-289, 183, 296]
[-290, 184, 297]
[-290, 184, 297]
[-291, 185, 297]
[-291, 185, 297]
[-292, 186, 297]
[-292, 186, 297]
[-293, 187, 297]
[-293, 187, 297]
[-294, 188, 297]
[-294, 188, 297]
[-295, 189, 297]
[-295, 189, 298]
[-296, 190, 298]
[-296, 190, 298]
[-297, 190, 298]
[-297, 191, 298]
[-298, 191, 298]
[-298, 192, 298]
[-299, 192, 299]
[-299, 193, 299]
[-300, 193, 299]
[-300, 194, 299]
[-301, 194, 299]
[-301, 195, 300]
[-302, 195, 300]
[-302, 196, 300]
[-303, 196, 300]
[-303, 196, 300]
[-303, 197, 301]
[-304, 197, 301]
[-304, 198, 301]
[-305, 198, 301]
[-305, 199, 302]
[-306, 199, 302]
[-306, 199, 302]
[-307, 200, 302]
[-307, 200, 303]
[-307, 201, 303]
[-308, 201, 303]
[-308, 202, 304]
[-309, 202, 304]
[-309, 202, 304]
[-310, 203, 305]
[-310, 203, 305]
[-310, 204, 305]
[-311, 204, 306]
[-311, 204, 306]
[-312, 205, 306]
[-312, 205, 307]
[-313, 205, 307]
[-313, 206, 307]
[-313, 206, 308]
[-314, 207, 308]
[-314, 207, 308]
[-314, 207, 309]
[-315, 208, 309]
[-315, 208, 310]
[-316, 208, 310]
[-316, 209, 311]
[-316, 209, 311]
[-317, 209, 311]
[-317, 210, 312]
[-317, 210, 312]
[-318, 210, 313]
[-318, 211, 313]
[-318, 211, 314]
[-319, 211, 314]
[-319, 212, 314]
[-319, 212, 315]
[-320, 212, 315]
[-320, 213, 316]
[-320, 213, 316]
[-321, 213, 317]
[-321, 213, 317]
[-321, 214, 318]
[-322, 214, 318]
[-322, 214, 319]
[-322, 215, 319]
[-322, 215, 320]
[-323, 215, 320]
[-323, 215, 321]
[-323, 216, 321]
[-324, 216, 322]
[-324, 216, 323]
[-324, 216, 323]
[-324, 217, 324]
[-325, 217, 324]
[-325, 217, 325]
[-325, 217, 325]
[-325, 217, 326]
[-325, 218, 326]
[-326, 218, 327]
[-326, 218, 328]
[-326, 218, 328]
[-326, 219, 329]
[-327, 219, 329]
[-327, 219, 330]
[-327, 219, 331]
[-327, 219, 331]
[-327, 219, 332]
[-327, 220, 332]
[-328, 220, 333]
[-328, 220, 334]
[-328, 220, 334]
[-328, 220, 335]
[-328, 220, 336]
[-328, 220, 336]
[-329, 221, 337]
[-329, 221, 338]
[-329, 221, 338]
[-329, 221, 339]
[-329, 221, 340]
[-329, 221, 340]
[-329, 221, 341]
[-329, 221, 342]
[-329, 221, 342]
[-329, 221, 343]
[-330, 222, 344]
[-330, 222, 344]
[-330, 222, 345]
[-330, 222, 346]
[-330, 222, 346]
[-330, 222, 347]
[-330, 222, 348]
[-330, 222, 348]
[-330, 222, 349]
[-330, 222, 350]
[-330, 222, 351]
[-330, 222, 351]
[-330, 222, 352]
