# Curve Parameters (NORTH-FIRST)
# y_end: 228
# loops: 0
# A (north bulge): 80
# B (lateral wiggle): 0
# samples: 350
#
# Analysis Results
# max_grade: 0.992365
# length_3d: 274.61
# length_2d: 234.07
# min_horiz_step: 0.201207
# min_chunk_z: 18
# status: OK
#
# Coordinates (x, y, z)
#==================================================

[-199, 98, 410]
[-199, 98, 409]
[-199, 98, 409]
[-199, 98, 408]
[-199, 98, 407]
[-199, 98, 406]
[-199, 98, 406]
[-199, 98, 405]
[-199, 98, 404]
[-199, 98, 403]
[-199, 98, 403]
[-199, 98, 402]
[-199, 98, 401]
[-200, 99, 400]
[-200, 99, 400]
[-200, 99, 399]
[-200, 99, 398]
[-200, 99, 397]
[-200, 99, 397]
[-200, 99, 396]
[-200, 99, 395]
[-200, 99, 394]
[-200, 99, 394]
[-201, 100, 393]
[-201, 100, 392]
[-201, 100, 391]
[-201, 100, 391]
[-201, 100, 390]
[-201, 100, 389]
[-202, 101, 388]
[-202, 101, 387]
[-202, 101, 387]
[-202, 101, 386]
[-202, 101, 385]
[-202, 101, 384]
[-203, 102, 384]
[-203, 102, 383]
[-203, 102, 382]
[-203, 102, 381]
[-204, 103, 380]
[-204, 103, 380]
[-204, 103, 379]
[-204, 103, 378]
[-204, 103, 377]
[-205, 104, 377]
[-205, 104, 376]
[-205, 104, 375]
[-205, 104, 374]
[-206, 105, 374]
[-206, 105, 373]
[-206, 105, 372]
[-207, 106, 371]
[-207, 106, 370]
[-207, 106, 370]
[-207, 106, 369]
[-208, 107, 368]
[-208, 107, 367]
[-208, 107, 367]
[-209, 108, 366]
[-209, 108, 365]
[-209, 108, 364]
[-210, 109, 364]
[-210, 109, 363]
[-210, 109, 362]
[-211, 110, 361]
[-211, 110, 361]
[-211, 110, 360]
[-212, 111, 359]
[-212, 111, 358]
[-212, 111, 358]
[-213, 112, 357]
[-213, 112, 356]
[-213, 112, 355]
[-214, 113, 355]
[-214, 113, 354]
[-215, 113, 353]
[-215, 114, 352]
[-215, 114, 352]
[-216, 115, 351]
[-216, 115, 350]
[-216, 115, 349]
[-217, 116, 349]
[-217, 116, 348]
[-218, 117, 347]
[-218, 117, 347]
[-219, 117, 346]
[-219, 118, 345]
[-219, 118, 345]
[-220, 119, 344]
[-220, 119, 343]
[-221, 119, 342]
[-221, 120, 342]
[-222, 120, 341]
[-222, 121, 340]
[-222, 121, 340]
[-223, 122, 339]
[-223, 122, 338]
[-224, 123, 338]
[-224, 123, 337]
[-225, 123, 336]
[-225, 124, 336]
[-226, 124, 335]
[-226, 125, 334]
[-226, 125, 334]
[-227, 126, 333]
[-227, 126, 333]
[-228, 127, 332]
[-228, 127, 331]
[-229, 128, 331]
[-229, 128, 330]
[-230, 129, 329]
[-230, 129, 329]
[-231, 130, 328]
[-231, 130, 328]
[-232, 131, 327]
[-232, 131, 326]
[-233, 132, 326]
[-233, 132, 325]
[-234, 133, 325]
[-234, 133, 324]
[-235, 134, 324]
[-235, 134, 323]
[-236, 135, 322]
[-236, 135, 322]
[-237, 136, 321]
[-237, 136, 321]
[-238, 137, 320]
[-238, 137, 320]
[-239, 138, 319]
[-239, 138, 319]
[-240, 139, 318]
[-241, 139, 318]
[-241, 140, 317]
[-242, 140, 317]
[-242, 141, 316]
[-243, 141, 316]
[-243, 142, 315]
[-244, 142, 315]
[-244, 143, 314]
[-245, 143, 314]
[-245, 144, 313]
[-246, 145, 313]
[-246, 145, 312]
[-247, 146, 312]
[-248, 146, 312]
[-248, 147, 311]
[-249, 147, 311]
[-249, 148, 310]
[-250, 148, 310]
[-250, 149, 309]
[-251, 149, 309]
[-251, 150, 309]
[-252, 150, 308]
[-252, 151, 308]
[-253, 152, 307]
[-254, 152, 307]
[-254, 153, 307]
[-255, 153, 306]
[-255, 154, 306]
[-256, 154, 306]
[-256, 155, 305]
[-257, 155, 305]
[-257, 156, 305]
[-258, 157, 304]
[-259, 157, 304]
[-259, 158, 304]
[-260, 158, 303]
[-260, 159, 303]
[-261, 159, 303]
[-261, 160, 302]
[-262, 160, 302]
[-263, 161, 302]
[-263, 162, 302]
[-264, 162, 301]
[-264, 163, 301]
[-265, 163, 301]
[-265, 164, 301]
[-266, 164, 300]
[-266, 165, 300]
[-267, 166, 300]
[-268, 166, 300]
[-268, 167, 300]
[-269, 167, 299]
[-269, 168, 299]
[-270, 168, 299]
[-270, 169, 299]
[-271, 169, 299]
[-272, 170, 298]
[-272, 171, 298]
[-273, 171, 298]
[-273, 172, 298]
[-274, 172, 298]
[-274, 173, 298]
[-275, 173, 298]
[-275, 174, 297]
[-276, 174, 297]
[-277, 175, 297]
[-277, 176, 297]
[-278, 176, 297]
[-278, 177, 297]
[-279, 177, 297]
[-279, 178, 297]
[-280, 178, 297]
[-280, 179, 297]
[-281, 179, 297]
[-281, 180, 296]
[-282, 180, 296]
[-283, 181, 296]
[-283, 181, 296]
[-284, 182, 296]
[-284, 183, 296]
[-285, 183, 296]
[-285, 184, 296]
[-286, 184, 296]
[-286, 185, 296]
[-287, 185, 296]
[-287, 186, 296]
[-288, 186, 296]
[-288, 187, 296]
[-289, 187, 296]
[-290, 188, 297]
[-290, 188, 297]
[-291, 189, 297]
[-291, 189, 297]
[-292, 190, 297]
[-292, 190, 297]
[-293, 191, 297]
[-293, 191, 297]
[-294, 192, 297]
[-294, 192, 297]
[-295, 193, 297]
[-295, 193, 298]
[-296, 194, 298]
[-296, 194, 298]
[-297, 195, 298]
[-297, 195, 298]
[-298, 196, 298]
[-298, 196, 298]
[-299, 197, 299]
[-299, 197, 299]
[-300, 198, 299]
[-300, 198, 299]
[-301, 199, 299]
[-301, 199, 300]
[-302, 200, 300]
[-302, 200, 300]
[-303, 201, 300]
[-303, 201, 300]
[-303, 202, 301]
[-304, 202, 301]
[-304, 203, 301]
[-305, 203, 301]
[-305, 203, 302]
[-306, 204, 302]
[-306, 204, 302]
[-307, 205, 302]
[-307, 205, 303]
[-307, 206, 303]
[-308, 206, 303]
[-308, 207, 304]
[-309, 207, 304]
[-309, 207, 304]
[-310, 208, 305]
[-310, 208, 305]
[-310, 209, 305]
[-311, 209, 306]
[-311, 209, 306]
[-312, 210, 306]
[-312, 210, 307]
[-313, 211, 307]
[-313, 211, 307]
[-313, 211, 308]
[-314, 212, 308]
[-314, 212, 308]
[-314, 213, 309]
[-315, 213, 309]
[-315, 213, 310]
[-316, 214, 310]
[-316, 214, 311]
[-316, 214, 311]
[-317, 215, 311]
[-317, 215, 312]
[-317, 215, 312]
[-318, 216, 313]
[-318, 216, 313]
[-318, 216, 314]
[-319, 217, 314]
[-319, 217, 314]
[-319, 217, 315]
[-320, 218, 315]
[-320, 218, 316]
[-320, 218, 316]
[-321, 219, 317]
[-321, 219, 317]
[-321, 219, 318]
[-322, 220, 318]
[-322, 220, 319]
[-322, 220, 319]
[-322, 220, 320]
[-323, 221, 320]
[-323, 221, 321]
[-323, 221, 321]
[-324, 222, 322]
[-324, 222, 323]
[-324, 222, 323]
[-324, 222, 324]
[-325, 223, 324]
[-325, 223, 325]
[-325, 223, 325]
[-325, 223, 326]
[-325, 223, 326]
[-326, 224, 327]
[-326, 224, 328]
[-326, 224, 328]
[-326, 224, 329]
[-327, 225, 329]
[-327, 225, 330]
[-327, 225, 331]
[-327, 225, 331]
[-327, 225, 332]
[-327, 225, 332]
[-328, 226, 333]
[-328, 226, 334]
[-328, 226, 334]
[-328, 226, 335]
[-328, 226, 336]
[-328, 226, 336]
[-329, 227, 337]
[-329, 227, 338]
[-329, 227, 338]
[-329, 227, 339]
[-329, 227, 340]
[-329, 227, 340]
[-329, 227, 341]
[-329, 227, 342]
[-329, 227, 342]
[-329, 227, 343]
[-330, 228, 344]
[-330, 228, 344]
[-330, 228, 345]
[-330, 228, 346]
[-330, 228, 346]
[-330, 228, 347]
[-330, 228, 348]
[-330, 228, 348]
[-330, 228, 349]
[-330, 228, 350]
[-330, 228, 351]
[-330, 228, 351]
[-330, 228, 352]
