# Curve Parameters (NORTH-FIRST)
# y_end: 230
# loops: 1
# A (north bulge): 80
# B (lateral wiggle): 10
# samples: 350
#
# Analysis Results
# max_grade: 0.996147
# length_3d: 279.59
# length_2d: 239.66
# min_horiz_step: 0.179128
# min_chunk_z: 18
# status: OK
#
# Coordinates (x, y, z)
#==================================================

[-199, 98, 410]
[-199, 98, 409]
[-199, 98, 409]
[-199, 98, 408]
[-199, 98, 407]
[-199, 98, 406]
[-199, 98, 406]
[-199, 98, 405]
[-199, 98, 404]
[-199, 98, 403]
[-199, 98, 403]
[-199, 98, 402]
[-199, 98, 401]
[-200, 99, 400]
[-200, 99, 400]
[-200, 99, 399]
[-200, 99, 398]
[-200, 99, 397]
[-200, 99, 397]
[-200, 99, 396]
[-200, 99, 395]
[-200, 99, 394]
[-200, 100, 394]
[-200, 100, 393]
[-201, 100, 392]
[-201, 100, 391]
[-201, 100, 391]
[-201, 100, 390]
[-201, 100, 389]
[-201, 101, 388]
[-201, 101, 387]
[-202, 101, 387]
[-202, 101, 386]
[-202, 101, 385]
[-202, 102, 384]
[-202, 102, 384]
[-202, 102, 383]
[-202, 102, 382]
[-203, 102, 381]
[-203, 103, 380]
[-203, 103, 380]
[-203, 103, 379]
[-203, 103, 378]
[-203, 104, 377]
[-204, 104, 377]
[-204, 104, 376]
[-204, 104, 375]
[-204, 105, 374]
[-204, 105, 374]
[-205, 105, 373]
[-205, 105, 372]
[-205, 106, 371]
[-205, 106, 370]
[-205, 106, 370]
[-206, 107, 369]
[-206, 107, 368]
[-206, 107, 367]
[-206, 107, 367]
[-207, 108, 366]
[-207, 108, 365]
[-207, 108, 364]
[-207, 109, 364]
[-207, 109, 363]
[-208, 109, 362]
[-208, 110, 361]
[-208, 110, 361]
[-208, 110, 360]
[-209, 111, 359]
[-209, 111, 358]
[-209, 111, 358]
[-209, 112, 357]
[-210, 112, 356]
[-210, 113, 355]
[-210, 113, 355]
[-210, 113, 354]
[-211, 114, 353]
[-211, 114, 352]
[-211, 114, 352]
[-212, 115, 351]
[-212, 115, 350]
[-212, 116, 349]
[-212, 116, 349]
[-213, 116, 348]
[-213, 117, 347]
[-213, 117, 347]
[-214, 118, 346]
[-214, 118, 345]
[-214, 119, 345]
[-215, 119, 344]
[-215, 119, 343]
[-215, 120, 342]
[-216, 120, 342]
[-216, 121, 341]
[-216, 121, 340]
[-217, 122, 340]
[-217, 122, 339]
[-218, 122, 338]
[-218, 123, 338]
[-218, 123, 337]
[-219, 124, 336]
[-219, 124, 336]
[-220, 125, 335]
[-220, 125, 334]
[-220, 126, 334]
[-221, 126, 333]
[-221, 127, 333]
[-222, 127, 332]
[-222, 128, 331]
[-223, 128, 331]
[-223, 129, 330]
[-223, 129, 329]
[-224, 130, 329]
[-224, 130, 328]
[-225, 131, 328]
[-225, 131, 327]
[-226, 132, 326]
[-226, 132, 326]
[-227, 133, 325]
[-227, 133, 325]
[-228, 134, 324]
[-228, 134, 324]
[-229, 135, 323]
[-229, 135, 322]
[-230, 136, 322]
[-230, 136, 321]
[-231, 137, 321]
[-232, 137, 320]
[-232, 138, 320]
[-233, 138, 319]
[-233, 139, 319]
[-234, 139, 318]
[-234, 140, 318]
[-235, 140, 317]
[-236, 141, 317]
[-236, 141, 316]
[-237, 142, 316]
[-238, 143, 315]
[-238, 143, 315]
[-239, 144, 314]
[-239, 144, 314]
[-240, 145, 313]
[-241, 145, 313]
[-241, 146, 312]
[-242, 146, 312]
[-243, 147, 312]
[-243, 147, 311]
[-244, 148, 311]
[-245, 149, 310]
[-245, 149, 310]
[-246, 150, 309]
[-247, 150, 309]
[-247, 151, 309]
[-248, 151, 308]
[-249, 152, 308]
[-250, 152, 307]
[-250, 153, 307]
[-251, 154, 307]
[-252, 154, 306]
[-252, 155, 306]
[-253, 155, 306]
[-254, 156, 305]
[-255, 156, 305]
[-255, 157, 305]
[-256, 157, 304]
[-257, 158, 304]
[-257, 159, 304]
[-258, 159, 303]
[-259, 160, 303]
[-260, 160, 303]
[-260, 161, 302]
[-261, 161, 302]
[-262, 162, 302]
[-263, 163, 302]
[-263, 163, 301]
[-264, 164, 301]
[-265, 164, 301]
[-266, 165, 301]
[-266, 165, 300]
[-267, 166, 300]
[-268, 167, 300]
[-269, 167, 300]
[-269, 168, 300]
[-270, 168, 299]
[-271, 169, 299]
[-272, 169, 299]
[-272, 170, 299]
[-273, 171, 299]
[-274, 171, 298]
[-274, 172, 298]
[-275, 172, 298]
[-276, 173, 298]
[-277, 173, 298]
[-277, 174, 298]
[-278, 174, 298]
[-279, 175, 297]
[-279, 176, 297]
[-280, 176, 297]
[-281, 177, 297]
[-282, 177, 297]
[-282, 178, 297]
[-283, 178, 297]
[-284, 179, 297]
[-284, 179, 297]
[-285, 180, 297]
[-286, 181, 297]
[-286, 181, 296]
[-287, 182, 296]
[-288, 182, 296]
[-288, 183, 296]
[-289, 183, 296]
[-290, 184, 296]
[-290, 184, 296]
[-291, 185, 296]
[-291, 185, 296]
[-292, 186, 296]
[-293, 187, 296]
[-293, 187, 296]
[-294, 188, 296]
[-295, 188, 296]
[-295, 189, 296]
[-296, 189, 297]
[-296, 190, 297]
[-297, 190, 297]
[-297, 191, 297]
[-298, 191, 297]
[-299, 192, 297]
[-299, 192, 297]
[-300, 193, 297]
[-300, 193, 297]
[-301, 194, 297]
[-301, 194, 297]
[-302, 195, 298]
[-302, 195, 298]
[-303, 196, 298]
[-303, 196, 298]
[-304, 197, 298]
[-304, 197, 298]
[-305, 198, 298]
[-305, 198, 299]
[-306, 199, 299]
[-306, 199, 299]
[-306, 200, 299]
[-307, 200, 299]
[-307, 201, 300]
[-308, 201, 300]
[-308, 202, 300]
[-309, 202, 300]
[-309, 203, 300]
[-309, 203, 301]
[-310, 204, 301]
[-310, 204, 301]
[-311, 205, 301]
[-311, 205, 302]
[-311, 206, 302]
[-312, 206, 302]
[-312, 206, 302]
[-313, 207, 303]
[-313, 207, 303]
[-313, 208, 303]
[-314, 208, 304]
[-314, 209, 304]
[-314, 209, 304]
[-315, 209, 305]
[-315, 210, 305]
[-315, 210, 305]
[-316, 211, 306]
[-316, 211, 306]
[-316, 212, 306]
[-317, 212, 307]
[-317, 212, 307]
[-317, 213, 307]
[-317, 213, 308]
[-318, 214, 308]
[-318, 214, 308]
[-318, 214, 309]
[-319, 215, 309]
[-319, 215, 310]
[-319, 215, 310]
[-319, 216, 311]
[-320, 216, 311]
[-320, 217, 311]
[-320, 217, 312]
[-320, 217, 312]
[-321, 218, 313]
[-321, 218, 313]
[-321, 218, 314]
[-321, 219, 314]
[-322, 219, 314]
[-322, 219, 315]
[-322, 220, 315]
[-322, 220, 316]
[-322, 220, 316]
[-323, 221, 317]
[-323, 221, 317]
[-323, 221, 318]
[-323, 221, 318]
[-324, 222, 319]
[-324, 222, 319]
[-324, 222, 320]
[-324, 223, 320]
[-324, 223, 321]
[-325, 223, 321]
[-325, 223, 322]
[-325, 224, 323]
[-325, 224, 323]
[-325, 224, 324]
[-326, 224, 324]
[-326, 225, 325]
[-326, 225, 325]
[-326, 225, 326]
[-326, 225, 326]
[-326, 226, 327]
[-327, 226, 328]
[-327, 226, 328]
[-327, 226, 329]
[-327, 226, 329]
[-327, 227, 330]
[-327, 227, 331]
[-327, 227, 331]
[-328, 227, 332]
[-328, 227, 332]
[-328, 228, 333]
[-328, 228, 334]
[-328, 228, 334]
[-328, 228, 335]
[-328, 228, 336]
[-329, 228, 336]
[-329, 228, 337]
[-329, 229, 338]
[-329, 229, 338]
[-329, 229, 339]
[-329, 229, 340]
[-329, 229, 340]
[-329, 229, 341]
[-329, 229, 342]
[-329, 229, 342]
[-329, 229, 343]
[-330, 230, 344]
[-330, 230, 344]
[-330, 230, 345]
[-330, 230, 346]
[-330, 230, 346]
[-330, 230, 347]
[-330, 230, 348]
[-330, 230, 348]
[-330, 230, 349]
[-330, 230, 350]
[-330, 230, 351]
[-330, 230, 351]
[-330, 230, 352]
