# Curve Parameters (NORTH-FIRST)
# y_end: 224
# loops: 0
# A (north bulge): 40
# B (lateral wiggle): 0
# samples: 350
#
# Analysis Results
# max_grade: 0.961832
# length_3d: 219.49
# length_2d: 176.04
# min_horiz_step: 0.124768
# min_chunk_z: 20
# status: OK
#
# Coordinates (x, y, z)
#==================================================

[-199, 98, 410]
[-199, 98, 410]
[-199, 98, 409]
[-199, 98, 409]
[-199, 98, 409]
[-199, 98, 408]
[-199, 98, 408]
[-199, 98, 407]
[-199, 98, 407]
[-199, 98, 407]
[-199, 98, 406]
[-199, 98, 406]
[-199, 98, 405]
[-200, 99, 405]
[-200, 99, 405]
[-200, 99, 404]
[-200, 99, 404]
[-200, 99, 404]
[-200, 99, 403]
[-200, 99, 403]
[-200, 99, 402]
[-200, 99, 402]
[-200, 99, 401]
[-201, 100, 401]
[-201, 100, 401]
[-201, 100, 400]
[-201, 100, 400]
[-201, 100, 399]
[-201, 100, 399]
[-202, 100, 399]
[-202, 101, 398]
[-202, 101, 398]
[-202, 101, 397]
[-202, 101, 397]
[-202, 101, 396]
[-203, 102, 396]
[-203, 102, 396]
[-203, 102, 395]
[-203, 102, 395]
[-204, 102, 394]
[-204, 103, 394]
[-204, 103, 393]
[-204, 103, 393]
[-204, 103, 392]
[-205, 104, 392]
[-205, 104, 392]
[-205, 104, 391]
[-205, 104, 391]
[-206, 104, 390]
[-206, 105, 390]
[-206, 105, 389]
[-207, 105, 389]
[-207, 106, 388]
[-207, 106, 388]
[-207, 106, 388]
[-208, 106, 387]
[-208, 107, 387]
[-208, 107, 386]
[-209, 107, 386]
[-209, 108, 385]
[-209, 108, 385]
[-210, 108, 384]
[-210, 109, 384]
[-210, 109, 384]
[-211, 109, 383]
[-211, 109, 383]
[-211, 110, 382]
[-212, 110, 382]
[-212, 110, 381]
[-212, 111, 381]
[-213, 111, 380]
[-213, 112, 380]
[-213, 112, 379]
[-214, 112, 379]
[-214, 113, 379]
[-215, 113, 378]
[-215, 113, 378]
[-215, 114, 377]
[-216, 114, 377]
[-216, 114, 376]
[-216, 115, 376]
[-217, 115, 375]
[-217, 116, 375]
[-218, 116, 375]
[-218, 116, 374]
[-219, 117, 374]
[-219, 117, 373]
[-219, 118, 373]
[-220, 118, 372]
[-220, 118, 372]
[-221, 119, 371]
[-221, 119, 371]
[-222, 120, 371]
[-222, 120, 370]
[-222, 120, 370]
[-223, 121, 369]
[-223, 121, 369]
[-224, 122, 368]
[-224, 122, 368]
[-225, 123, 368]
[-225, 123, 367]
[-226, 124, 367]
[-226, 124, 366]
[-226, 124, 366]
[-227, 125, 365]
[-227, 125, 365]
[-228, 126, 365]
[-228, 126, 364]
[-229, 127, 364]
[-229, 127, 363]
[-230, 128, 363]
[-230, 128, 362]
[-231, 129, 362]
[-231, 129, 362]
[-232, 130, 361]
[-232, 130, 361]
[-233, 131, 360]
[-233, 131, 360]
[-234, 131, 360]
[-234, 132, 359]
[-235, 132, 359]
[-235, 133, 358]
[-236, 133, 358]
[-236, 134, 358]
[-237, 134, 357]
[-237, 135, 357]
[-238, 135, 357]
[-238, 136, 356]
[-239, 136, 356]
[-239, 137, 355]
[-240, 137, 355]
[-241, 138, 355]
[-241, 138, 354]
[-242, 139, 354]
[-242, 139, 354]
[-243, 140, 353]
[-243, 140, 353]
[-244, 141, 352]
[-244, 142, 352]
[-245, 142, 352]
[-245, 143, 351]
[-246, 143, 351]
[-246, 144, 351]
[-247, 144, 350]
[-248, 145, 350]
[-248, 145, 350]
[-249, 146, 349]
[-249, 146, 349]
[-250, 147, 349]
[-250, 147, 348]
[-251, 148, 348]
[-251, 148, 348]
[-252, 149, 347]
[-252, 149, 347]
[-253, 150, 347]
[-254, 150, 346]
[-254, 151, 346]
[-255, 152, 346]
[-255, 152, 346]
[-256, 153, 345]
[-256, 153, 345]
[-257, 154, 345]
[-257, 154, 344]
[-258, 155, 344]
[-259, 155, 344]
[-259, 156, 344]
[-260, 156, 343]
[-260, 157, 343]
[-261, 157, 343]
[-261, 158, 342]
[-262, 159, 342]
[-263, 159, 342]
[-263, 160, 342]
[-264, 160, 341]
[-264, 161, 341]
[-265, 161, 341]
[-265, 162, 341]
[-266, 162, 340]
[-266, 163, 340]
[-267, 163, 340]
[-268, 164, 340]
[-268, 165, 339]
[-269, 165, 339]
[-269, 166, 339]
[-270, 166, 339]
[-270, 167, 339]
[-271, 167, 338]
[-272, 168, 338]
[-272, 168, 338]
[-273, 169, 338]
[-273, 169, 338]
[-274, 170, 337]
[-274, 170, 337]
[-275, 171, 337]
[-275, 172, 337]
[-276, 172, 337]
[-277, 173, 336]
[-277, 173, 336]
[-278, 174, 336]
[-278, 174, 336]
[-279, 175, 336]
[-279, 175, 336]
[-280, 176, 335]
[-280, 176, 335]
[-281, 177, 335]
[-281, 177, 335]
[-282, 178, 335]
[-283, 178, 335]
[-283, 179, 335]
[-284, 179, 334]
[-284, 180, 334]
[-285, 180, 334]
[-285, 181, 334]
[-286, 182, 334]
[-286, 182, 334]
[-287, 183, 334]
[-287, 183, 334]
[-288, 184, 334]
[-288, 184, 333]
[-289, 185, 333]
[-290, 185, 333]
[-290, 186, 333]
[-291, 186, 333]
[-291, 187, 333]
[-292, 187, 333]
[-292, 188, 333]
[-293, 188, 333]
[-293, 189, 333]
[-294, 189, 333]
[-294, 190, 333]
[-295, 190, 333]
[-295, 191, 332]
[-296, 191, 332]
[-296, 191, 332]
[-297, 192, 332]
[-297, 192, 332]
[-298, 193, 332]
[-298, 193, 332]
[-299, 194, 332]
[-299, 194, 332]
[-300, 195, 332]
[-300, 195, 332]
[-301, 196, 332]
[-301, 196, 332]
[-302, 197, 332]
[-302, 197, 332]
[-303, 198, 332]
[-303, 198, 332]
[-303, 198, 332]
[-304, 199, 332]
[-304, 199, 332]
[-305, 200, 332]
[-305, 200, 332]
[-306, 201, 332]
[-306, 201, 332]
[-307, 202, 332]
[-307, 202, 332]
[-307, 202, 332]
[-308, 203, 333]
[-308, 203, 333]
[-309, 204, 333]
[-309, 204, 333]
[-310, 204, 333]
[-310, 205, 333]
[-310, 205, 333]
[-311, 206, 333]
[-311, 206, 333]
[-312, 206, 333]
[-312, 207, 333]
[-313, 207, 333]
[-313, 208, 333]
[-313, 208, 334]
[-314, 208, 334]
[-314, 209, 334]
[-314, 209, 334]
[-315, 209, 334]
[-315, 210, 334]
[-316, 210, 334]
[-316, 210, 334]
[-316, 211, 334]
[-317, 211, 335]
[-317, 212, 335]
[-317, 212, 335]
[-318, 212, 335]
[-318, 213, 335]
[-318, 213, 335]
[-319, 213, 335]
[-319, 213, 336]
[-319, 214, 336]
[-320, 214, 336]
[-320, 214, 336]
[-320, 215, 336]
[-321, 215, 337]
[-321, 215, 337]
[-321, 216, 337]
[-322, 216, 337]
[-322, 216, 337]
[-322, 216, 337]
[-322, 217, 338]
[-323, 217, 338]
[-323, 217, 338]
[-323, 218, 338]
[-324, 218, 338]
[-324, 218, 339]
[-324, 218, 339]
[-324, 218, 339]
[-325, 219, 339]
[-325, 219, 340]
[-325, 219, 340]
[-325, 219, 340]
[-325, 220, 340]
[-326, 220, 340]
[-326, 220, 341]
[-326, 220, 341]
[-326, 220, 341]
[-327, 221, 341]
[-327, 221, 342]
[-327, 221, 342]
[-327, 221, 342]
[-327, 221, 343]
[-327, 222, 343]
[-328, 222, 343]
[-328, 222, 343]
[-328, 222, 344]
[-328, 222, 344]
[-328, 222, 344]
[-328, 222, 344]
[-329, 223, 345]
[-329, 223, 345]
[-329, 223, 345]
[-329, 223, 346]
[-329, 223, 346]
[-329, 223, 346]
[-329, 223, 347]
[-329, 223, 347]
[-329, 223, 347]
[-329, 223, 348]
[-330, 224, 348]
[-330, 224, 348]
[-330, 224, 349]
[-330, 224, 349]
[-330, 224, 349]
[-330, 224, 350]
[-330, 224, 350]
[-330, 224, 350]
[-330, 224, 351]
[-330, 224, 351]
[-330, 224, 351]
[-330, 224, 352]
[-330, 224, 352]
