# Curve Parameters (NORTH-FIRST)
# y_end: 224
# loops: 1
# A (north bulge): 80
# B (lateral wiggle): 10
# samples: 350
#
# Analysis Results
# max_grade: 0.950868
# length_3d: 276.36
# length_2d: 239.66
# min_horiz_step: 0.179128
# min_chunk_z: 18
# status: OK
#
# Coordinates (x, y, z)
#==================================================

[-199, 98, 410]
[-199, 98, 409]
[-199, 98, 409]
[-199, 98, 408]
[-199, 98, 407]
[-199, 98, 406]
[-199, 98, 406]
[-199, 98, 405]
[-199, 98, 404]
[-199, 98, 403]
[-199, 98, 403]
[-199, 98, 402]
[-199, 98, 401]
[-200, 99, 400]
[-200, 99, 400]
[-200, 99, 399]
[-200, 99, 398]
[-200, 99, 397]
[-200, 99, 397]
[-200, 99, 396]
[-200, 99, 395]
[-200, 99, 394]
[-200, 99, 394]
[-200, 100, 393]
[-201, 100, 392]
[-201, 100, 391]
[-201, 100, 391]
[-201, 100, 390]
[-201, 100, 389]
[-201, 100, 388]
[-201, 101, 387]
[-202, 101, 387]
[-202, 101, 386]
[-202, 101, 385]
[-202, 101, 384]
[-202, 102, 384]
[-202, 102, 383]
[-202, 102, 382]
[-203, 102, 381]
[-203, 102, 380]
[-203, 103, 380]
[-203, 103, 379]
[-203, 103, 378]
[-203, 103, 377]
[-204, 104, 377]
[-204, 104, 376]
[-204, 104, 375]
[-204, 104, 374]
[-204, 104, 374]
[-205, 105, 373]
[-205, 105, 372]
[-205, 105, 371]
[-205, 106, 370]
[-205, 106, 370]
[-206, 106, 369]
[-206, 106, 368]
[-206, 107, 367]
[-206, 107, 367]
[-207, 107, 366]
[-207, 108, 365]
[-207, 108, 364]
[-207, 108, 364]
[-207, 109, 363]
[-208, 109, 362]
[-208, 109, 361]
[-208, 109, 361]
[-208, 110, 360]
[-209, 110, 359]
[-209, 110, 358]
[-209, 111, 358]
[-209, 111, 357]
[-210, 112, 356]
[-210, 112, 355]
[-210, 112, 355]
[-210, 113, 354]
[-211, 113, 353]
[-211, 113, 352]
[-211, 114, 352]
[-212, 114, 351]
[-212, 114, 350]
[-212, 115, 349]
[-212, 115, 349]
[-213, 116, 348]
[-213, 116, 347]
[-213, 116, 347]
[-214, 117, 346]
[-214, 117, 345]
[-214, 118, 345]
[-215, 118, 344]
[-215, 118, 343]
[-215, 119, 342]
[-216, 119, 342]
[-216, 120, 341]
[-216, 120, 340]
[-217, 120, 340]
[-217, 121, 339]
[-218, 121, 338]
[-218, 122, 338]
[-218, 122, 337]
[-219, 123, 336]
[-219, 123, 336]
[-220, 124, 335]
[-220, 124, 334]
[-220, 124, 334]
[-221, 125, 333]
[-221, 125, 333]
[-222, 126, 332]
[-222, 126, 331]
[-223, 127, 331]
[-223, 127, 330]
[-223, 128, 329]
[-224, 128, 329]
[-224, 129, 328]
[-225, 129, 328]
[-225, 130, 327]
[-226, 130, 326]
[-226, 131, 326]
[-227, 131, 325]
[-227, 131, 325]
[-228, 132, 324]
[-228, 132, 324]
[-229, 133, 323]
[-229, 133, 322]
[-230, 134, 322]
[-230, 134, 321]
[-231, 135, 321]
[-232, 135, 320]
[-232, 136, 320]
[-233, 136, 319]
[-233, 137, 319]
[-234, 137, 318]
[-234, 138, 318]
[-235, 138, 317]
[-236, 139, 317]
[-236, 139, 316]
[-237, 140, 316]
[-238, 140, 315]
[-238, 141, 315]
[-239, 142, 314]
[-239, 142, 314]
[-240, 143, 313]
[-241, 143, 313]
[-241, 144, 312]
[-242, 144, 312]
[-243, 145, 312]
[-243, 145, 311]
[-244, 146, 311]
[-245, 146, 310]
[-245, 147, 310]
[-246, 147, 309]
[-247, 148, 309]
[-247, 148, 309]
[-248, 149, 308]
[-249, 149, 308]
[-250, 150, 307]
[-250, 150, 307]
[-251, 151, 307]
[-252, 152, 306]
[-252, 152, 306]
[-253, 153, 306]
[-254, 153, 305]
[-255, 154, 305]
[-255, 154, 305]
[-256, 155, 304]
[-257, 155, 304]
[-257, 156, 304]
[-258, 156, 303]
[-259, 157, 303]
[-260, 157, 303]
[-260, 158, 302]
[-261, 159, 302]
[-262, 159, 302]
[-263, 160, 302]
[-263, 160, 301]
[-264, 161, 301]
[-265, 161, 301]
[-266, 162, 301]
[-266, 162, 300]
[-267, 163, 300]
[-268, 163, 300]
[-269, 164, 300]
[-269, 165, 300]
[-270, 165, 299]
[-271, 166, 299]
[-272, 166, 299]
[-272, 167, 299]
[-273, 167, 299]
[-274, 168, 298]
[-274, 168, 298]
[-275, 169, 298]
[-276, 169, 298]
[-277, 170, 298]
[-277, 170, 298]
[-278, 171, 298]
[-279, 172, 297]
[-279, 172, 297]
[-280, 173, 297]
[-281, 173, 297]
[-282, 174, 297]
[-282, 174, 297]
[-283, 175, 297]
[-284, 175, 297]
[-284, 176, 297]
[-285, 176, 297]
[-286, 177, 297]
[-286, 177, 296]
[-287, 178, 296]
[-288, 178, 296]
[-288, 179, 296]
[-289, 179, 296]
[-290, 180, 296]
[-290, 180, 296]
[-291, 181, 296]
[-291, 182, 296]
[-292, 182, 296]
[-293, 183, 296]
[-293, 183, 296]
[-294, 184, 296]
[-295, 184, 296]
[-295, 185, 296]
[-296, 185, 297]
[-296, 186, 297]
[-297, 186, 297]
[-297, 187, 297]
[-298, 187, 297]
[-299, 188, 297]
[-299, 188, 297]
[-300, 189, 297]
[-300, 189, 297]
[-301, 190, 297]
[-301, 190, 297]
[-302, 191, 298]
[-302, 191, 298]
[-303, 191, 298]
[-303, 192, 298]
[-304, 192, 298]
[-304, 193, 298]
[-305, 193, 298]
[-305, 194, 299]
[-306, 194, 299]
[-306, 195, 299]
[-306, 195, 299]
[-307, 196, 299]
[-307, 196, 300]
[-308, 197, 300]
[-308, 197, 300]
[-309, 198, 300]
[-309, 198, 300]
[-309, 198, 301]
[-310, 199, 301]
[-310, 199, 301]
[-311, 200, 301]
[-311, 200, 302]
[-311, 201, 302]
[-312, 201, 302]
[-312, 202, 302]
[-313, 202, 303]
[-313, 202, 303]
[-313, 203, 303]
[-314, 203, 304]
[-314, 204, 304]
[-314, 204, 304]
[-315, 204, 305]
[-315, 205, 305]
[-315, 205, 305]
[-316, 206, 306]
[-316, 206, 306]
[-316, 206, 306]
[-317, 207, 307]
[-317, 207, 307]
[-317, 208, 307]
[-317, 208, 308]
[-318, 208, 308]
[-318, 209, 308]
[-318, 209, 309]
[-319, 209, 309]
[-319, 210, 310]
[-319, 210, 310]
[-319, 210, 311]
[-320, 211, 311]
[-320, 211, 311]
[-320, 212, 312]
[-320, 212, 312]
[-321, 212, 313]
[-321, 213, 313]
[-321, 213, 314]
[-321, 213, 314]
[-322, 213, 314]
[-322, 214, 315]
[-322, 214, 315]
[-322, 214, 316]
[-322, 215, 316]
[-323, 215, 317]
[-323, 215, 317]
[-323, 216, 318]
[-323, 216, 318]
[-324, 216, 319]
[-324, 216, 319]
[-324, 217, 320]
[-324, 217, 320]
[-324, 217, 321]
[-325, 218, 321]
[-325, 218, 322]
[-325, 218, 323]
[-325, 218, 323]
[-325, 218, 324]
[-326, 219, 324]
[-326, 219, 325]
[-326, 219, 325]
[-326, 219, 326]
[-326, 220, 326]
[-326, 220, 327]
[-327, 220, 328]
[-327, 220, 328]
[-327, 220, 329]
[-327, 221, 329]
[-327, 221, 330]
[-327, 221, 331]
[-327, 221, 331]
[-328, 221, 332]
[-328, 222, 332]
[-328, 222, 333]
[-328, 222, 334]
[-328, 222, 334]
[-328, 222, 335]
[-328, 222, 336]
[-329, 222, 336]
[-329, 223, 337]
[-329, 223, 338]
[-329, 223, 338]
[-329, 223, 339]
[-329, 223, 340]
[-329, 223, 340]
[-329, 223, 341]
[-329, 223, 342]
[-329, 223, 342]
[-329, 223, 343]
[-330, 224, 344]
[-330, 224, 344]
[-330, 224, 345]
[-330, 224, 346]
[-330, 224, 346]
[-330, 224, 347]
[-330, 224, 348]
[-330, 224, 348]
[-330, 224, 349]
[-330, 224, 350]
[-330, 224, 351]
[-330, 224, 351]
[-330, 224, 352]
