# Curve Parameters (NORTH-FIRST)
# y_end: 222
# loops: 0
# A (north bulge): 40
# B (lateral wiggle): 0
# samples: 350
#
# Analysis Results
# max_grade: 0.946565
# length_3d: 218.27
# length_2d: 176.04
# min_horiz_step: 0.124768
# min_chunk_z: 20
# status: OK
#
# Coordinates (x, y, z)
#==================================================

[-199, 98, 410]
[-199, 98, 410]
[-199, 98, 409]
[-199, 98, 409]
[-199, 98, 409]
[-199, 98, 408]
[-199, 98, 408]
[-199, 98, 407]
[-199, 98, 407]
[-199, 98, 407]
[-199, 98, 406]
[-199, 98, 406]
[-199, 98, 405]
[-200, 99, 405]
[-200, 99, 405]
[-200, 99, 404]
[-200, 99, 404]
[-200, 99, 404]
[-200, 99, 403]
[-200, 99, 403]
[-200, 99, 402]
[-200, 99, 402]
[-200, 99, 401]
[-201, 100, 401]
[-201, 100, 401]
[-201, 100, 400]
[-201, 100, 400]
[-201, 100, 399]
[-201, 100, 399]
[-202, 100, 399]
[-202, 101, 398]
[-202, 101, 398]
[-202, 101, 397]
[-202, 101, 397]
[-202, 101, 396]
[-203, 101, 396]
[-203, 102, 396]
[-203, 102, 395]
[-203, 102, 395]
[-204, 102, 394]
[-204, 103, 394]
[-204, 103, 393]
[-204, 103, 393]
[-204, 103, 392]
[-205, 103, 392]
[-205, 104, 392]
[-205, 104, 391]
[-205, 104, 391]
[-206, 104, 390]
[-206, 105, 390]
[-206, 105, 389]
[-207, 105, 389]
[-207, 105, 388]
[-207, 106, 388]
[-207, 106, 388]
[-208, 106, 387]
[-208, 107, 387]
[-208, 107, 386]
[-209, 107, 386]
[-209, 107, 385]
[-209, 108, 385]
[-210, 108, 384]
[-210, 108, 384]
[-210, 109, 384]
[-211, 109, 383]
[-211, 109, 383]
[-211, 110, 382]
[-212, 110, 382]
[-212, 110, 381]
[-212, 111, 381]
[-213, 111, 380]
[-213, 111, 380]
[-213, 112, 379]
[-214, 112, 379]
[-214, 112, 379]
[-215, 113, 378]
[-215, 113, 378]
[-215, 113, 377]
[-216, 114, 377]
[-216, 114, 376]
[-216, 115, 376]
[-217, 115, 375]
[-217, 115, 375]
[-218, 116, 375]
[-218, 116, 374]
[-219, 116, 374]
[-219, 117, 373]
[-219, 117, 373]
[-220, 118, 372]
[-220, 118, 372]
[-221, 118, 371]
[-221, 119, 371]
[-222, 119, 371]
[-222, 120, 370]
[-222, 120, 370]
[-223, 121, 369]
[-223, 121, 369]
[-224, 121, 368]
[-224, 122, 368]
[-225, 122, 368]
[-225, 123, 367]
[-226, 123, 367]
[-226, 124, 366]
[-226, 124, 366]
[-227, 124, 365]
[-227, 125, 365]
[-228, 125, 365]
[-228, 126, 364]
[-229, 126, 364]
[-229, 127, 363]
[-230, 127, 363]
[-230, 128, 362]
[-231, 128, 362]
[-231, 129, 362]
[-232, 129, 361]
[-232, 130, 361]
[-233, 130, 360]
[-233, 130, 360]
[-234, 131, 360]
[-234, 131, 359]
[-235, 132, 359]
[-235, 132, 358]
[-236, 133, 358]
[-236, 133, 358]
[-237, 134, 357]
[-237, 134, 357]
[-238, 135, 357]
[-238, 135, 356]
[-239, 136, 356]
[-239, 136, 355]
[-240, 137, 355]
[-241, 137, 355]
[-241, 138, 354]
[-242, 138, 354]
[-242, 139, 354]
[-243, 139, 353]
[-243, 140, 353]
[-244, 140, 352]
[-244, 141, 352]
[-245, 141, 352]
[-245, 142, 351]
[-246, 142, 351]
[-246, 143, 351]
[-247, 143, 350]
[-248, 144, 350]
[-248, 144, 350]
[-249, 145, 349]
[-249, 145, 349]
[-250, 146, 349]
[-250, 147, 348]
[-251, 147, 348]
[-251, 148, 348]
[-252, 148, 347]
[-252, 149, 347]
[-253, 149, 347]
[-254, 150, 346]
[-254, 150, 346]
[-255, 151, 346]
[-255, 151, 346]
[-256, 152, 345]
[-256, 152, 345]
[-257, 153, 345]
[-257, 153, 344]
[-258, 154, 344]
[-259, 154, 344]
[-259, 155, 344]
[-260, 155, 343]
[-260, 156, 343]
[-261, 157, 343]
[-261, 157, 342]
[-262, 158, 342]
[-263, 158, 342]
[-263, 159, 342]
[-264, 159, 341]
[-264, 160, 341]
[-265, 160, 341]
[-265, 161, 341]
[-266, 161, 340]
[-266, 162, 340]
[-267, 162, 340]
[-268, 163, 340]
[-268, 163, 339]
[-269, 164, 339]
[-269, 165, 339]
[-270, 165, 339]
[-270, 166, 339]
[-271, 166, 338]
[-272, 167, 338]
[-272, 167, 338]
[-273, 168, 338]
[-273, 168, 338]
[-274, 169, 337]
[-274, 169, 337]
[-275, 170, 337]
[-275, 170, 337]
[-276, 171, 337]
[-277, 171, 336]
[-277, 172, 336]
[-278, 172, 336]
[-278, 173, 336]
[-279, 173, 336]
[-279, 174, 336]
[-280, 175, 335]
[-280, 175, 335]
[-281, 176, 335]
[-281, 176, 335]
[-282, 177, 335]
[-283, 177, 335]
[-283, 178, 335]
[-284, 178, 334]
[-284, 179, 334]
[-285, 179, 334]
[-285, 180, 334]
[-286, 180, 334]
[-286, 181, 334]
[-287, 181, 334]
[-287, 182, 334]
[-288, 182, 334]
[-288, 183, 333]
[-289, 183, 333]
[-290, 184, 333]
[-290, 184, 333]
[-291, 185, 333]
[-291, 185, 333]
[-292, 186, 333]
[-292, 186, 333]
[-293, 187, 333]
[-293, 187, 333]
[-294, 188, 333]
[-294, 188, 333]
[-295, 189, 333]
[-295, 189, 332]
[-296, 190, 332]
[-296, 190, 332]
[-297, 190, 332]
[-297, 191, 332]
[-298, 191, 332]
[-298, 192, 332]
[-299, 192, 332]
[-299, 193, 332]
[-300, 193, 332]
[-300, 194, 332]
[-301, 194, 332]
[-301, 195, 332]
[-302, 195, 332]
[-302, 196, 332]
[-303, 196, 332]
[-303, 196, 332]
[-303, 197, 332]
[-304, 197, 332]
[-304, 198, 332]
[-305, 198, 332]
[-305, 199, 332]
[-306, 199, 332]
[-306, 199, 332]
[-307, 200, 332]
[-307, 200, 332]
[-307, 201, 332]
[-308, 201, 333]
[-308, 202, 333]
[-309, 202, 333]
[-309, 202, 333]
[-310, 203, 333]
[-310, 203, 333]
[-310, 204, 333]
[-311, 204, 333]
[-311, 204, 333]
[-312, 205, 333]
[-312, 205, 333]
[-313, 205, 333]
[-313, 206, 333]
[-313, 206, 334]
[-314, 207, 334]
[-314, 207, 334]
[-314, 207, 334]
[-315, 208, 334]
[-315, 208, 334]
[-316, 208, 334]
[-316, 209, 334]
[-316, 209, 334]
[-317, 209, 335]
[-317, 210, 335]
[-317, 210, 335]
[-318, 210, 335]
[-318, 211, 335]
[-318, 211, 335]
[-319, 211, 335]
[-319, 212, 336]
[-319, 212, 336]
[-320, 212, 336]
[-320, 213, 336]
[-320, 213, 336]
[-321, 213, 337]
[-321, 213, 337]
[-321, 214, 337]
[-322, 214, 337]
[-322, 214, 337]
[-322, 215, 337]
[-322, 215, 338]
[-323, 215, 338]
[-323, 215, 338]
[-323, 216, 338]
[-324, 216, 338]
[-324, 216, 339]
[-324, 216, 339]
[-324, 217, 339]
[-325, 217, 339]
[-325, 217, 340]
[-325, 217, 340]
[-325, 217, 340]
[-325, 218, 340]
[-326, 218, 340]
[-326, 218, 341]
[-326, 218, 341]
[-326, 219, 341]
[-327, 219, 341]
[-327, 219, 342]
[-327, 219, 342]
[-327, 219, 342]
[-327, 219, 343]
[-327, 220, 343]
[-328, 220, 343]
[-328, 220, 343]
[-328, 220, 344]
[-328, 220, 344]
[-328, 220, 344]
[-328, 220, 344]
[-329, 221, 345]
[-329, 221, 345]
[-329, 221, 345]
[-329, 221, 346]
[-329, 221, 346]
[-329, 221, 346]
[-329, 221, 347]
[-329, 221, 347]
[-329, 221, 347]
[-329, 221, 348]
[-330, 222, 348]
[-330, 222, 348]
[-330, 222, 349]
[-330, 222, 349]
[-330, 222, 349]
[-330, 222, 350]
[-330, 222, 350]
[-330, 222, 350]
[-330, 222, 351]
[-330, 222, 351]
[-330, 222, 351]
[-330, 222, 352]
[-330, 222, 352]
