# Curve Parameters (NORTH-FIRST)
# y_end: 228
# loops: 1
# A (north bulge): 80
# B (lateral wiggle): 10
# samples: 350
#
# Analysis Results
# max_grade: 0.981054
# length_3d: 278.50
# length_2d: 239.66
# min_horiz_step: 0.179128
# min_chunk_z: 18
# status: OK
#
# Coordinates (x, y, z)
#==================================================

[-199, 98, 410]
[-199, 98, 409]
[-199, 98, 409]
[-199, 98, 408]
[-199, 98, 407]
[-199, 98, 406]
[-199, 98, 406]
[-199, 98, 405]
[-199, 98, 404]
[-199, 98, 403]
[-199, 98, 403]
[-199, 98, 402]
[-199, 98, 401]
[-200, 99, 400]
[-200, 99, 400]
[-200, 99, 399]
[-200, 99, 398]
[-200, 99, 397]
[-200, 99, 397]
[-200, 99, 396]
[-200, 99, 395]
[-200, 99, 394]
[-200, 99, 394]
[-200, 100, 393]
[-201, 100, 392]
[-201, 100, 391]
[-201, 100, 391]
[-201, 100, 390]
[-201, 100, 389]
[-201, 101, 388]
[-201, 101, 387]
[-202, 101, 387]
[-202, 101, 386]
[-202, 101, 385]
[-202, 101, 384]
[-202, 102, 384]
[-202, 102, 383]
[-202, 102, 382]
[-203, 102, 381]
[-203, 103, 380]
[-203, 103, 380]
[-203, 103, 379]
[-203, 103, 378]
[-203, 103, 377]
[-204, 104, 377]
[-204, 104, 376]
[-204, 104, 375]
[-204, 104, 374]
[-204, 105, 374]
[-205, 105, 373]
[-205, 105, 372]
[-205, 106, 371]
[-205, 106, 370]
[-205, 106, 370]
[-206, 106, 369]
[-206, 107, 368]
[-206, 107, 367]
[-206, 107, 367]
[-207, 108, 366]
[-207, 108, 365]
[-207, 108, 364]
[-207, 109, 364]
[-207, 109, 363]
[-208, 109, 362]
[-208, 110, 361]
[-208, 110, 361]
[-208, 110, 360]
[-209, 111, 359]
[-209, 111, 358]
[-209, 111, 358]
[-209, 112, 357]
[-210, 112, 356]
[-210, 112, 355]
[-210, 113, 355]
[-210, 113, 354]
[-211, 113, 353]
[-211, 114, 352]
[-211, 114, 352]
[-212, 115, 351]
[-212, 115, 350]
[-212, 115, 349]
[-212, 116, 349]
[-213, 116, 348]
[-213, 117, 347]
[-213, 117, 347]
[-214, 117, 346]
[-214, 118, 345]
[-214, 118, 345]
[-215, 119, 344]
[-215, 119, 343]
[-215, 119, 342]
[-216, 120, 342]
[-216, 120, 341]
[-216, 121, 340]
[-217, 121, 340]
[-217, 122, 339]
[-218, 122, 338]
[-218, 123, 338]
[-218, 123, 337]
[-219, 123, 336]
[-219, 124, 336]
[-220, 124, 335]
[-220, 125, 334]
[-220, 125, 334]
[-221, 126, 333]
[-221, 126, 333]
[-222, 127, 332]
[-222, 127, 331]
[-223, 128, 331]
[-223, 128, 330]
[-223, 129, 329]
[-224, 129, 329]
[-224, 130, 328]
[-225, 130, 328]
[-225, 131, 327]
[-226, 131, 326]
[-226, 132, 326]
[-227, 132, 325]
[-227, 133, 325]
[-228, 133, 324]
[-228, 134, 324]
[-229, 134, 323]
[-229, 135, 322]
[-230, 135, 322]
[-230, 136, 321]
[-231, 136, 321]
[-232, 137, 320]
[-232, 137, 320]
[-233, 138, 319]
[-233, 138, 319]
[-234, 139, 318]
[-234, 139, 318]
[-235, 140, 317]
[-236, 140, 317]
[-236, 141, 316]
[-237, 141, 316]
[-238, 142, 315]
[-238, 142, 315]
[-239, 143, 314]
[-239, 143, 314]
[-240, 144, 313]
[-241, 145, 313]
[-241, 145, 312]
[-242, 146, 312]
[-243, 146, 312]
[-243, 147, 311]
[-244, 147, 311]
[-245, 148, 310]
[-245, 148, 310]
[-246, 149, 309]
[-247, 149, 309]
[-247, 150, 309]
[-248, 150, 308]
[-249, 151, 308]
[-250, 152, 307]
[-250, 152, 307]
[-251, 153, 307]
[-252, 153, 306]
[-252, 154, 306]
[-253, 154, 306]
[-254, 155, 305]
[-255, 155, 305]
[-255, 156, 305]
[-256, 157, 304]
[-257, 157, 304]
[-257, 158, 304]
[-258, 158, 303]
[-259, 159, 303]
[-260, 159, 303]
[-260, 160, 302]
[-261, 160, 302]
[-262, 161, 302]
[-263, 162, 302]
[-263, 162, 301]
[-264, 163, 301]
[-265, 163, 301]
[-266, 164, 301]
[-266, 164, 300]
[-267, 165, 300]
[-268, 166, 300]
[-269, 166, 300]
[-269, 167, 300]
[-270, 167, 299]
[-271, 168, 299]
[-272, 168, 299]
[-272, 169, 299]
[-273, 169, 299]
[-274, 170, 298]
[-274, 171, 298]
[-275, 171, 298]
[-276, 172, 298]
[-277, 172, 298]
[-277, 173, 298]
[-278, 173, 298]
[-279, 174, 297]
[-279, 174, 297]
[-280, 175, 297]
[-281, 176, 297]
[-282, 176, 297]
[-282, 177, 297]
[-283, 177, 297]
[-284, 178, 297]
[-284, 178, 297]
[-285, 179, 297]
[-286, 179, 297]
[-286, 180, 296]
[-287, 180, 296]
[-288, 181, 296]
[-288, 181, 296]
[-289, 182, 296]
[-290, 183, 296]
[-290, 183, 296]
[-291, 184, 296]
[-291, 184, 296]
[-292, 185, 296]
[-293, 185, 296]
[-293, 186, 296]
[-294, 186, 296]
[-295, 187, 296]
[-295, 187, 296]
[-296, 188, 297]
[-296, 188, 297]
[-297, 189, 297]
[-297, 189, 297]
[-298, 190, 297]
[-299, 190, 297]
[-299, 191, 297]
[-300, 191, 297]
[-300, 192, 297]
[-301, 192, 297]
[-301, 193, 297]
[-302, 193, 298]
[-302, 194, 298]
[-303, 194, 298]
[-303, 195, 298]
[-304, 195, 298]
[-304, 196, 298]
[-305, 196, 298]
[-305, 197, 299]
[-306, 197, 299]
[-306, 198, 299]
[-306, 198, 299]
[-307, 199, 299]
[-307, 199, 300]
[-308, 200, 300]
[-308, 200, 300]
[-309, 201, 300]
[-309, 201, 300]
[-309, 202, 301]
[-310, 202, 301]
[-310, 203, 301]
[-311, 203, 301]
[-311, 203, 302]
[-311, 204, 302]
[-312, 204, 302]
[-312, 205, 302]
[-313, 205, 303]
[-313, 206, 303]
[-313, 206, 303]
[-314, 207, 304]
[-314, 207, 304]
[-314, 207, 304]
[-315, 208, 305]
[-315, 208, 305]
[-315, 209, 305]
[-316, 209, 306]
[-316, 209, 306]
[-316, 210, 306]
[-317, 210, 307]
[-317, 211, 307]
[-317, 211, 307]
[-317, 211, 308]
[-318, 212, 308]
[-318, 212, 308]
[-318, 213, 309]
[-319, 213, 309]
[-319, 213, 310]
[-319, 214, 310]
[-319, 214, 311]
[-320, 214, 311]
[-320, 215, 311]
[-320, 215, 312]
[-320, 215, 312]
[-321, 216, 313]
[-321, 216, 313]
[-321, 216, 314]
[-321, 217, 314]
[-322, 217, 314]
[-322, 217, 315]
[-322, 218, 315]
[-322, 218, 316]
[-322, 218, 316]
[-323, 219, 317]
[-323, 219, 317]
[-323, 219, 318]
[-323, 220, 318]
[-324, 220, 319]
[-324, 220, 319]
[-324, 220, 320]
[-324, 221, 320]
[-324, 221, 321]
[-325, 221, 321]
[-325, 222, 322]
[-325, 222, 323]
[-325, 222, 323]
[-325, 222, 324]
[-326, 223, 324]
[-326, 223, 325]
[-326, 223, 325]
[-326, 223, 326]
[-326, 223, 326]
[-326, 224, 327]
[-327, 224, 328]
[-327, 224, 328]
[-327, 224, 329]
[-327, 225, 329]
[-327, 225, 330]
[-327, 225, 331]
[-327, 225, 331]
[-328, 225, 332]
[-328, 225, 332]
[-328, 226, 333]
[-328, 226, 334]
[-328, 226, 334]
[-328, 226, 335]
[-328, 226, 336]
[-329, 226, 336]
[-329, 227, 337]
[-329, 227, 338]
[-329, 227, 338]
[-329, 227, 339]
[-329, 227, 340]
[-329, 227, 340]
[-329, 227, 341]
[-329, 227, 342]
[-329, 227, 342]
[-329, 227, 343]
[-330, 228, 344]
[-330, 228, 344]
[-330, 228, 345]
[-330, 228, 346]
[-330, 228, 346]
[-330, 228, 347]
[-330, 228, 348]
[-330, 228, 348]
[-330, 228, 349]
[-330, 228, 350]
[-330, 228, 351]
[-330, 228, 351]
[-330, 228, 352]
