# Curve Parameters (NORTH-FIRST)
# y_end: 222
# loops: 0
# A (north bulge): 60
# B (lateral wiggle): 0
# samples: 350
#
# Analysis Results
# max_grade: 0.946564
# length_3d: 243.08
# length_2d: 203.42
# min_horiz_step: 0.176149
# min_chunk_z: 19
# status: OK
#
# Coordinates (x, y, z)
#==================================================

[-199, 98, 410]
[-199, 98, 409]
[-199, 98, 409]
[-199, 98, 408]
[-199, 98, 408]
[-199, 98, 407]
[-199, 98, 407]
[-199, 98, 406]
[-199, 98, 406]
[-199, 98, 405]
[-199, 98, 404]
[-199, 98, 404]
[-199, 98, 403]
[-200, 99, 403]
[-200, 99, 402]
[-200, 99, 402]
[-200, 99, 401]
[-200, 99, 400]
[-200, 99, 400]
[-200, 99, 399]
[-200, 99, 399]
[-200, 99, 398]
[-200, 99, 398]
[-201, 100, 397]
[-201, 100, 396]
[-201, 100, 396]
[-201, 100, 395]
[-201, 100, 395]
[-201, 100, 394]
[-202, 100, 393]
[-202, 101, 393]
[-202, 101, 392]
[-202, 101, 392]
[-202, 101, 391]
[-202, 101, 390]
[-203, 101, 390]
[-203, 102, 389]
[-203, 102, 389]
[-203, 102, 388]
[-204, 102, 387]
[-204, 103, 387]
[-204, 103, 386]
[-204, 103, 386]
[-204, 103, 385]
[-205, 103, 384]
[-205, 104, 384]
[-205, 104, 383]
[-205, 104, 382]
[-206, 104, 382]
[-206, 105, 381]
[-206, 105, 381]
[-207, 105, 380]
[-207, 105, 379]
[-207, 106, 379]
[-207, 106, 378]
[-208, 106, 378]
[-208, 107, 377]
[-208, 107, 376]
[-209, 107, 376]
[-209, 107, 375]
[-209, 108, 375]
[-210, 108, 374]
[-210, 108, 373]
[-210, 109, 373]
[-211, 109, 372]
[-211, 109, 372]
[-211, 110, 371]
[-212, 110, 370]
[-212, 110, 370]
[-212, 111, 369]
[-213, 111, 369]
[-213, 111, 368]
[-213, 112, 367]
[-214, 112, 367]
[-214, 112, 366]
[-215, 113, 366]
[-215, 113, 365]
[-215, 113, 364]
[-216, 114, 364]
[-216, 114, 363]
[-216, 115, 363]
[-217, 115, 362]
[-217, 115, 362]
[-218, 116, 361]
[-218, 116, 360]
[-219, 116, 360]
[-219, 117, 359]
[-219, 117, 359]
[-220, 118, 358]
[-220, 118, 358]
[-221, 118, 357]
[-221, 119, 356]
[-222, 119, 356]
[-222, 120, 355]
[-222, 120, 355]
[-223, 121, 354]
[-223, 121, 354]
[-224, 121, 353]
[-224, 122, 353]
[-225, 122, 352]
[-225, 123, 351]
[-226, 123, 351]
[-226, 124, 350]
[-226, 124, 350]
[-227, 124, 349]
[-227, 125, 349]
[-228, 125, 348]
[-228, 126, 348]
[-229, 126, 347]
[-229, 127, 347]
[-230, 127, 346]
[-230, 128, 346]
[-231, 128, 345]
[-231, 129, 345]
[-232, 129, 344]
[-232, 130, 344]
[-233, 130, 343]
[-233, 130, 343]
[-234, 131, 342]
[-234, 131, 342]
[-235, 132, 341]
[-235, 132, 341]
[-236, 133, 340]
[-236, 133, 340]
[-237, 134, 339]
[-237, 134, 339]
[-238, 135, 338]
[-238, 135, 338]
[-239, 136, 337]
[-239, 136, 337]
[-240, 137, 337]
[-241, 137, 336]
[-241, 138, 336]
[-242, 138, 335]
[-242, 139, 335]
[-243, 139, 334]
[-243, 140, 334]
[-244, 140, 334]
[-244, 141, 333]
[-245, 141, 333]
[-245, 142, 332]
[-246, 142, 332]
[-246, 143, 332]
[-247, 143, 331]
[-248, 144, 331]
[-248, 144, 330]
[-249, 145, 330]
[-249, 145, 330]
[-250, 146, 329]
[-250, 147, 329]
[-251, 147, 329]
[-251, 148, 328]
[-252, 148, 328]
[-252, 149, 327]
[-253, 149, 327]
[-254, 150, 327]
[-254, 150, 326]
[-255, 151, 326]
[-255, 151, 326]
[-256, 152, 325]
[-256, 152, 325]
[-257, 153, 325]
[-257, 153, 324]
[-258, 154, 324]
[-259, 154, 324]
[-259, 155, 324]
[-260, 155, 323]
[-260, 156, 323]
[-261, 157, 323]
[-261, 157, 322]
[-262, 158, 322]
[-263, 158, 322]
[-263, 159, 322]
[-264, 159, 321]
[-264, 160, 321]
[-265, 160, 321]
[-265, 161, 321]
[-266, 161, 320]
[-266, 162, 320]
[-267, 162, 320]
[-268, 163, 320]
[-268, 163, 319]
[-269, 164, 319]
[-269, 165, 319]
[-270, 165, 319]
[-270, 166, 319]
[-271, 166, 318]
[-272, 167, 318]
[-272, 167, 318]
[-273, 168, 318]
[-273, 168, 318]
[-274, 169, 318]
[-274, 169, 317]
[-275, 170, 317]
[-275, 170, 317]
[-276, 171, 317]
[-277, 171, 317]
[-277, 172, 317]
[-278, 172, 317]
[-278, 173, 316]
[-279, 173, 316]
[-279, 174, 316]
[-280, 175, 316]
[-280, 175, 316]
[-281, 176, 316]
[-281, 176, 316]
[-282, 177, 316]
[-283, 177, 316]
[-283, 178, 315]
[-284, 178, 315]
[-284, 179, 315]
[-285, 179, 315]
[-285, 180, 315]
[-286, 180, 315]
[-286, 181, 315]
[-287, 181, 315]
[-287, 182, 315]
[-288, 182, 315]
[-288, 183, 315]
[-289, 183, 315]
[-290, 184, 315]
[-290, 184, 315]
[-291, 185, 315]
[-291, 185, 315]
[-292, 186, 315]
[-292, 186, 315]
[-293, 187, 315]
[-293, 187, 315]
[-294, 188, 315]
[-294, 188, 315]
[-295, 189, 315]
[-295, 189, 315]
[-296, 190, 315]
[-296, 190, 315]
[-297, 190, 315]
[-297, 191, 315]
[-298, 191, 315]
[-298, 192, 315]
[-299, 192, 315]
[-299, 193, 315]
[-300, 193, 316]
[-300, 194, 316]
[-301, 194, 316]
[-301, 195, 316]
[-302, 195, 316]
[-302, 196, 316]
[-303, 196, 316]
[-303, 196, 316]
[-303, 197, 316]
[-304, 197, 317]
[-304, 198, 317]
[-305, 198, 317]
[-305, 199, 317]
[-306, 199, 317]
[-306, 199, 317]
[-307, 200, 317]
[-307, 200, 318]
[-307, 201, 318]
[-308, 201, 318]
[-308, 202, 318]
[-309, 202, 318]
[-309, 202, 318]
[-310, 203, 319]
[-310, 203, 319]
[-310, 204, 319]
[-311, 204, 319]
[-311, 204, 320]
[-312, 205, 320]
[-312, 205, 320]
[-313, 205, 320]
[-313, 206, 320]
[-313, 206, 321]
[-314, 207, 321]
[-314, 207, 321]
[-314, 207, 321]
[-315, 208, 322]
[-315, 208, 322]
[-316, 208, 322]
[-316, 209, 322]
[-316, 209, 323]
[-317, 209, 323]
[-317, 210, 323]
[-317, 210, 324]
[-318, 210, 324]
[-318, 211, 324]
[-318, 211, 324]
[-319, 211, 325]
[-319, 212, 325]
[-319, 212, 325]
[-320, 212, 326]
[-320, 213, 326]
[-320, 213, 326]
[-321, 213, 327]
[-321, 213, 327]
[-321, 214, 327]
[-322, 214, 328]
[-322, 214, 328]
[-322, 215, 328]
[-322, 215, 329]
[-323, 215, 329]
[-323, 215, 329]
[-323, 216, 330]
[-324, 216, 330]
[-324, 216, 331]
[-324, 216, 331]
[-324, 217, 331]
[-325, 217, 332]
[-325, 217, 332]
[-325, 217, 333]
[-325, 217, 333]
[-325, 218, 333]
[-326, 218, 334]
[-326, 218, 334]
[-326, 218, 335]
[-326, 219, 335]
[-327, 219, 335]
[-327, 219, 336]
[-327, 219, 336]
[-327, 219, 337]
[-327, 219, 337]
[-327, 220, 338]
[-328, 220, 338]
[-328, 220, 339]
[-328, 220, 339]
[-328, 220, 339]
[-328, 220, 340]
[-328, 220, 340]
[-329, 221, 341]
[-329, 221, 341]
[-329, 221, 342]
[-329, 221, 342]
[-329, 221, 343]
[-329, 221, 343]
[-329, 221, 344]
[-329, 221, 344]
[-329, 221, 345]
[-329, 221, 345]
[-330, 222, 346]
[-330, 222, 346]
[-330, 222, 347]
[-330, 222, 347]
[-330, 222, 348]
[-330, 222, 348]
[-330, 222, 349]
[-330, 222, 349]
[-330, 222, 350]
[-330, 222, 350]
[-330, 222, 351]
[-330, 222, 351]
[-330, 222, 352]
