# Curve Parameters (NORTH-FIRST)
# y_end: 224
# loops: 0
# A (north bulge): 80
# B (lateral wiggle): 0
# samples: 350
#
# Analysis Results
# max_grade: 0.961831
# length_3d: 272.40
# length_2d: 234.07
# min_horiz_step: 0.201207
# min_chunk_z: 18
# status: OK
#
# Coordinates (x, y, z)
#==================================================

[-199, 98, 410]
[-199, 98, 409]
[-199, 98, 409]
[-199, 98, 408]
[-199, 98, 407]
[-199, 98, 406]
[-199, 98, 406]
[-199, 98, 405]
[-199, 98, 404]
[-199, 98, 403]
[-199, 98, 403]
[-199, 98, 402]
[-199, 98, 401]
[-200, 99, 400]
[-200, 99, 400]
[-200, 99, 399]
[-200, 99, 398]
[-200, 99, 397]
[-200, 99, 397]
[-200, 99, 396]
[-200, 99, 395]
[-200, 99, 394]
[-200, 99, 394]
[-201, 100, 393]
[-201, 100, 392]
[-201, 100, 391]
[-201, 100, 391]
[-201, 100, 390]
[-201, 100, 389]
[-202, 100, 388]
[-202, 101, 387]
[-202, 101, 387]
[-202, 101, 386]
[-202, 101, 385]
[-202, 101, 384]
[-203, 102, 384]
[-203, 102, 383]
[-203, 102, 382]
[-203, 102, 381]
[-204, 102, 380]
[-204, 103, 380]
[-204, 103, 379]
[-204, 103, 378]
[-204, 103, 377]
[-205, 104, 377]
[-205, 104, 376]
[-205, 104, 375]
[-205, 104, 374]
[-206, 104, 374]
[-206, 105, 373]
[-206, 105, 372]
[-207, 105, 371]
[-207, 106, 370]
[-207, 106, 370]
[-207, 106, 369]
[-208, 106, 368]
[-208, 107, 367]
[-208, 107, 367]
[-209, 107, 366]
[-209, 108, 365]
[-209, 108, 364]
[-210, 108, 364]
[-210, 109, 363]
[-210, 109, 362]
[-211, 109, 361]
[-211, 109, 361]
[-211, 110, 360]
[-212, 110, 359]
[-212, 110, 358]
[-212, 111, 358]
[-213, 111, 357]
[-213, 112, 356]
[-213, 112, 355]
[-214, 112, 355]
[-214, 113, 354]
[-215, 113, 353]
[-215, 113, 352]
[-215, 114, 352]
[-216, 114, 351]
[-216, 114, 350]
[-216, 115, 349]
[-217, 115, 349]
[-217, 116, 348]
[-218, 116, 347]
[-218, 116, 347]
[-219, 117, 346]
[-219, 117, 345]
[-219, 118, 345]
[-220, 118, 344]
[-220, 118, 343]
[-221, 119, 342]
[-221, 119, 342]
[-222, 120, 341]
[-222, 120, 340]
[-222, 120, 340]
[-223, 121, 339]
[-223, 121, 338]
[-224, 122, 338]
[-224, 122, 337]
[-225, 123, 336]
[-225, 123, 336]
[-226, 124, 335]
[-226, 124, 334]
[-226, 124, 334]
[-227, 125, 333]
[-227, 125, 333]
[-228, 126, 332]
[-228, 126, 331]
[-229, 127, 331]
[-229, 127, 330]
[-230, 128, 329]
[-230, 128, 329]
[-231, 129, 328]
[-231, 129, 328]
[-232, 130, 327]
[-232, 130, 326]
[-233, 131, 326]
[-233, 131, 325]
[-234, 131, 325]
[-234, 132, 324]
[-235, 132, 324]
[-235, 133, 323]
[-236, 133, 322]
[-236, 134, 322]
[-237, 134, 321]
[-237, 135, 321]
[-238, 135, 320]
[-238, 136, 320]
[-239, 136, 319]
[-239, 137, 319]
[-240, 137, 318]
[-241, 138, 318]
[-241, 138, 317]
[-242, 139, 317]
[-242, 139, 316]
[-243, 140, 316]
[-243, 140, 315]
[-244, 141, 315]
[-244, 142, 314]
[-245, 142, 314]
[-245, 143, 313]
[-246, 143, 313]
[-246, 144, 312]
[-247, 144, 312]
[-248, 145, 312]
[-248, 145, 311]
[-249, 146, 311]
[-249, 146, 310]
[-250, 147, 310]
[-250, 147, 309]
[-251, 148, 309]
[-251, 148, 309]
[-252, 149, 308]
[-252, 149, 308]
[-253, 150, 307]
[-254, 150, 307]
[-254, 151, 307]
[-255, 152, 306]
[-255, 152, 306]
[-256, 153, 306]
[-256, 153, 305]
[-257, 154, 305]
[-257, 154, 305]
[-258, 155, 304]
[-259, 155, 304]
[-259, 156, 304]
[-260, 156, 303]
[-260, 157, 303]
[-261, 157, 303]
[-261, 158, 302]
[-262, 159, 302]
[-263, 159, 302]
[-263, 160, 302]
[-264, 160, 301]
[-264, 161, 301]
[-265, 161, 301]
[-265, 162, 301]
[-266, 162, 300]
[-266, 163, 300]
[-267, 163, 300]
[-268, 164, 300]
[-268, 165, 300]
[-269, 165, 299]
[-269, 166, 299]
[-270, 166, 299]
[-270, 167, 299]
[-271, 167, 299]
[-272, 168, 298]
[-272, 168, 298]
[-273, 169, 298]
[-273, 169, 298]
[-274, 170, 298]
[-274, 170, 298]
[-275, 171, 298]
[-275, 172, 297]
[-276, 172, 297]
[-277, 173, 297]
[-277, 173, 297]
[-278, 174, 297]
[-278, 174, 297]
[-279, 175, 297]
[-279, 175, 297]
[-280, 176, 297]
[-280, 176, 297]
[-281, 177, 297]
[-281, 177, 296]
[-282, 178, 296]
[-283, 178, 296]
[-283, 179, 296]
[-284, 179, 296]
[-284, 180, 296]
[-285, 180, 296]
[-285, 181, 296]
[-286, 182, 296]
[-286, 182, 296]
[-287, 183, 296]
[-287, 183, 296]
[-288, 184, 296]
[-288, 184, 296]
[-289, 185, 296]
[-290, 185, 297]
[-290, 186, 297]
[-291, 186, 297]
[-291, 187, 297]
[-292, 187, 297]
[-292, 188, 297]
[-293, 188, 297]
[-293, 189, 297]
[-294, 189, 297]
[-294, 190, 297]
[-295, 190, 297]
[-295, 191, 298]
[-296, 191, 298]
[-296, 191, 298]
[-297, 192, 298]
[-297, 192, 298]
[-298, 193, 298]
[-298, 193, 298]
[-299, 194, 299]
[-299, 194, 299]
[-300, 195, 299]
[-300, 195, 299]
[-301, 196, 299]
[-301, 196, 300]
[-302, 197, 300]
[-302, 197, 300]
[-303, 198, 300]
[-303, 198, 300]
[-303, 198, 301]
[-304, 199, 301]
[-304, 199, 301]
[-305, 200, 301]
[-305, 200, 302]
[-306, 201, 302]
[-306, 201, 302]
[-307, 202, 302]
[-307, 202, 303]
[-307, 202, 303]
[-308, 203, 303]
[-308, 203, 304]
[-309, 204, 304]
[-309, 204, 304]
[-310, 204, 305]
[-310, 205, 305]
[-310, 205, 305]
[-311, 206, 306]
[-311, 206, 306]
[-312, 206, 306]
[-312, 207, 307]
[-313, 207, 307]
[-313, 208, 307]
[-313, 208, 308]
[-314, 208, 308]
[-314, 209, 308]
[-314, 209, 309]
[-315, 209, 309]
[-315, 210, 310]
[-316, 210, 310]
[-316, 210, 311]
[-316, 211, 311]
[-317, 211, 311]
[-317, 212, 312]
[-317, 212, 312]
[-318, 212, 313]
[-318, 213, 313]
[-318, 213, 314]
[-319, 213, 314]
[-319, 213, 314]
[-319, 214, 315]
[-320, 214, 315]
[-320, 214, 316]
[-320, 215, 316]
[-321, 215, 317]
[-321, 215, 317]
[-321, 216, 318]
[-322, 216, 318]
[-322, 216, 319]
[-322, 216, 319]
[-322, 217, 320]
[-323, 217, 320]
[-323, 217, 321]
[-323, 218, 321]
[-324, 218, 322]
[-324, 218, 323]
[-324, 218, 323]
[-324, 218, 324]
[-325, 219, 324]
[-325, 219, 325]
[-325, 219, 325]
[-325, 219, 326]
[-325, 220, 326]
[-326, 220, 327]
[-326, 220, 328]
[-326, 220, 328]
[-326, 220, 329]
[-327, 221, 329]
[-327, 221, 330]
[-327, 221, 331]
[-327, 221, 331]
[-327, 221, 332]
[-327, 222, 332]
[-328, 222, 333]
[-328, 222, 334]
[-328, 222, 334]
[-328, 222, 335]
[-328, 222, 336]
[-328, 222, 336]
[-329, 223, 337]
[-329, 223, 338]
[-329, 223, 338]
[-329, 223, 339]
[-329, 223, 340]
[-329, 223, 340]
[-329, 223, 341]
[-329, 223, 342]
[-329, 223, 342]
[-329, 223, 343]
[-330, 224, 344]
[-330, 224, 344]
[-330, 224, 345]
[-330, 224, 346]
[-330, 224, 346]
[-330, 224, 347]
[-330, 224, 348]
[-330, 224, 348]
[-330, 224, 349]
[-330, 224, 350]
[-330, 224, 351]
[-330, 224, 351]
[-330, 224, 352]
