# Curve Parameters (NORTH-FIRST)
# y_end: 224
# loops: 0
# A (north bulge): 60
# B (lateral wiggle): 0
# samples: 350
#
# Analysis Results
# max_grade: 0.961832
# length_3d: 244.23
# length_2d: 203.42
# min_horiz_step: 0.176149
# min_chunk_z: 19
# status: OK
#
# Coordinates (x, y, z)
#==================================================

[-199, 98, 410]
[-199, 98, 409]
[-199, 98, 409]
[-199, 98, 408]
[-199, 98, 408]
[-199, 98, 407]
[-199, 98, 407]
[-199, 98, 406]
[-199, 98, 406]
[-199, 98, 405]
[-199, 98, 404]
[-199, 98, 404]
[-199, 98, 403]
[-200, 99, 403]
[-200, 99, 402]
[-200, 99, 402]
[-200, 99, 401]
[-200, 99, 400]
[-200, 99, 400]
[-200, 99, 399]
[-200, 99, 399]
[-200, 99, 398]
[-200, 99, 398]
[-201, 100, 397]
[-201, 100, 396]
[-201, 100, 396]
[-201, 100, 395]
[-201, 100, 395]
[-201, 100, 394]
[-202, 100, 393]
[-202, 101, 393]
[-202, 101, 392]
[-202, 101, 392]
[-202, 101, 391]
[-202, 101, 390]
[-203, 102, 390]
[-203, 102, 389]
[-203, 102, 389]
[-203, 102, 388]
[-204, 102, 387]
[-204, 103, 387]
[-204, 103, 386]
[-204, 103, 386]
[-204, 103, 385]
[-205, 104, 384]
[-205, 104, 384]
[-205, 104, 383]
[-205, 104, 382]
[-206, 104, 382]
[-206, 105, 381]
[-206, 105, 381]
[-207, 105, 380]
[-207, 106, 379]
[-207, 106, 379]
[-207, 106, 378]
[-208, 106, 378]
[-208, 107, 377]
[-208, 107, 376]
[-209, 107, 376]
[-209, 108, 375]
[-209, 108, 375]
[-210, 108, 374]
[-210, 109, 373]
[-210, 109, 373]
[-211, 109, 372]
[-211, 109, 372]
[-211, 110, 371]
[-212, 110, 370]
[-212, 110, 370]
[-212, 111, 369]
[-213, 111, 369]
[-213, 112, 368]
[-213, 112, 367]
[-214, 112, 367]
[-214, 113, 366]
[-215, 113, 366]
[-215, 113, 365]
[-215, 114, 364]
[-216, 114, 364]
[-216, 114, 363]
[-216, 115, 363]
[-217, 115, 362]
[-217, 116, 362]
[-218, 116, 361]
[-218, 116, 360]
[-219, 117, 360]
[-219, 117, 359]
[-219, 118, 359]
[-220, 118, 358]
[-220, 118, 358]
[-221, 119, 357]
[-221, 119, 356]
[-222, 120, 356]
[-222, 120, 355]
[-222, 120, 355]
[-223, 121, 354]
[-223, 121, 354]
[-224, 122, 353]
[-224, 122, 353]
[-225, 123, 352]
[-225, 123, 351]
[-226, 124, 351]
[-226, 124, 350]
[-226, 124, 350]
[-227, 125, 349]
[-227, 125, 349]
[-228, 126, 348]
[-228, 126, 348]
[-229, 127, 347]
[-229, 127, 347]
[-230, 128, 346]
[-230, 128, 346]
[-231, 129, 345]
[-231, 129, 345]
[-232, 130, 344]
[-232, 130, 344]
[-233, 131, 343]
[-233, 131, 343]
[-234, 131, 342]
[-234, 132, 342]
[-235, 132, 341]
[-235, 133, 341]
[-236, 133, 340]
[-236, 134, 340]
[-237, 134, 339]
[-237, 135, 339]
[-238, 135, 338]
[-238, 136, 338]
[-239, 136, 337]
[-239, 137, 337]
[-240, 137, 337]
[-241, 138, 336]
[-241, 138, 336]
[-242, 139, 335]
[-242, 139, 335]
[-243, 140, 334]
[-243, 140, 334]
[-244, 141, 334]
[-244, 142, 333]
[-245, 142, 333]
[-245, 143, 332]
[-246, 143, 332]
[-246, 144, 332]
[-247, 144, 331]
[-248, 145, 331]
[-248, 145, 330]
[-249, 146, 330]
[-249, 146, 330]
[-250, 147, 329]
[-250, 147, 329]
[-251, 148, 329]
[-251, 148, 328]
[-252, 149, 328]
[-252, 149, 327]
[-253, 150, 327]
[-254, 150, 327]
[-254, 151, 326]
[-255, 152, 326]
[-255, 152, 326]
[-256, 153, 325]
[-256, 153, 325]
[-257, 154, 325]
[-257, 154, 324]
[-258, 155, 324]
[-259, 155, 324]
[-259, 156, 324]
[-260, 156, 323]
[-260, 157, 323]
[-261, 157, 323]
[-261, 158, 322]
[-262, 159, 322]
[-263, 159, 322]
[-263, 160, 322]
[-264, 160, 321]
[-264, 161, 321]
[-265, 161, 321]
[-265, 162, 321]
[-266, 162, 320]
[-266, 163, 320]
[-267, 163, 320]
[-268, 164, 320]
[-268, 165, 319]
[-269, 165, 319]
[-269, 166, 319]
[-270, 166, 319]
[-270, 167, 319]
[-271, 167, 318]
[-272, 168, 318]
[-272, 168, 318]
[-273, 169, 318]
[-273, 169, 318]
[-274, 170, 318]
[-274, 170, 317]
[-275, 171, 317]
[-275, 172, 317]
[-276, 172, 317]
[-277, 173, 317]
[-277, 173, 317]
[-278, 174, 317]
[-278, 174, 316]
[-279, 175, 316]
[-279, 175, 316]
[-280, 176, 316]
[-280, 176, 316]
[-281, 177, 316]
[-281, 177, 316]
[-282, 178, 316]
[-283, 178, 316]
[-283, 179, 315]
[-284, 179, 315]
[-284, 180, 315]
[-285, 180, 315]
[-285, 181, 315]
[-286, 182, 315]
[-286, 182, 315]
[-287, 183, 315]
[-287, 183, 315]
[-288, 184, 315]
[-288, 184, 315]
[-289, 185, 315]
[-290, 185, 315]
[-290, 186, 315]
[-291, 186, 315]
[-291, 187, 315]
[-292, 187, 315]
[-292, 188, 315]
[-293, 188, 315]
[-293, 189, 315]
[-294, 189, 315]
[-294, 190, 315]
[-295, 190, 315]
[-295, 191, 315]
[-296, 191, 315]
[-296, 191, 315]
[-297, 192, 315]
[-297, 192, 315]
[-298, 193, 315]
[-298, 193, 315]
[-299, 194, 315]
[-299, 194, 315]
[-300, 195, 316]
[-300, 195, 316]
[-301, 196, 316]
[-301, 196, 316]
[-302, 197, 316]
[-302, 197, 316]
[-303, 198, 316]
[-303, 198, 316]
[-303, 198, 316]
[-304, 199, 317]
[-304, 199, 317]
[-305, 200, 317]
[-305, 200, 317]
[-306, 201, 317]
[-306, 201, 317]
[-307, 202, 317]
[-307, 202, 318]
[-307, 202, 318]
[-308, 203, 318]
[-308, 203, 318]
[-309, 204, 318]
[-309, 204, 318]
[-310, 204, 319]
[-310, 205, 319]
[-310, 205, 319]
[-311, 206, 319]
[-311, 206, 320]
[-312, 206, 320]
[-312, 207, 320]
[-313, 207, 320]
[-313, 208, 320]
[-313, 208, 321]
[-314, 208, 321]
[-314, 209, 321]
[-314, 209, 321]
[-315, 209, 322]
[-315, 210, 322]
[-316, 210, 322]
[-316, 210, 322]
[-316, 211, 323]
[-317, 211, 323]
[-317, 212, 323]
[-317, 212, 324]
[-318, 212, 324]
[-318, 213, 324]
[-318, 213, 324]
[-319, 213, 325]
[-319, 213, 325]
[-319, 214, 325]
[-320, 214, 326]
[-320, 214, 326]
[-320, 215, 326]
[-321, 215, 327]
[-321, 215, 327]
[-321, 216, 327]
[-322, 216, 328]
[-322, 216, 328]
[-322, 216, 328]
[-322, 217, 329]
[-323, 217, 329]
[-323, 217, 329]
[-323, 218, 330]
[-324, 218, 330]
[-324, 218, 331]
[-324, 218, 331]
[-324, 218, 331]
[-325, 219, 332]
[-325, 219, 332]
[-325, 219, 333]
[-325, 219, 333]
[-325, 220, 333]
[-326, 220, 334]
[-326, 220, 334]
[-326, 220, 335]
[-326, 220, 335]
[-327, 221, 335]
[-327, 221, 336]
[-327, 221, 336]
[-327, 221, 337]
[-327, 221, 337]
[-327, 222, 338]
[-328, 222, 338]
[-328, 222, 339]
[-328, 222, 339]
[-328, 222, 339]
[-328, 222, 340]
[-328, 222, 340]
[-329, 223, 341]
[-329, 223, 341]
[-329, 223, 342]
[-329, 223, 342]
[-329, 223, 343]
[-329, 223, 343]
[-329, 223, 344]
[-329, 223, 344]
[-329, 223, 345]
[-329, 223, 345]
[-330, 224, 346]
[-330, 224, 346]
[-330, 224, 347]
[-330, 224, 347]
[-330, 224, 348]
[-330, 224, 348]
[-330, 224, 349]
[-330, 224, 349]
[-330, 224, 350]
[-330, 224, 350]
[-330, 224, 351]
[-330, 224, 351]
[-330, 224, 352]
