# Curve Parameters (NORTH-FIRST)
# y_end: 228
# loops: 0
# A (north bulge): 40
# B (lateral wiggle): 0
# samples: 350
#
# Analysis Results
# max_grade: 0.992366
# length_3d: 221.96
# length_2d: 176.04
# min_horiz_step: 0.124768
# min_chunk_z: 20
# status: OK
#
# Coordinates (x, y, z)
#==================================================

[-199, 98, 410]
[-199, 98, 410]
[-199, 98, 409]
[-199, 98, 409]
[-199, 98, 409]
[-199, 98, 408]
[-199, 98, 408]
[-199, 98, 407]
[-199, 98, 407]
[-199, 98, 407]
[-199, 98, 406]
[-199, 98, 406]
[-199, 98, 405]
[-200, 99, 405]
[-200, 99, 405]
[-200, 99, 404]
[-200, 99, 404]
[-200, 99, 404]
[-200, 99, 403]
[-200, 99, 403]
[-200, 99, 402]
[-200, 99, 402]
[-200, 99, 401]
[-201, 100, 401]
[-201, 100, 401]
[-201, 100, 400]
[-201, 100, 400]
[-201, 100, 399]
[-201, 100, 399]
[-202, 101, 399]
[-202, 101, 398]
[-202, 101, 398]
[-202, 101, 397]
[-202, 101, 397]
[-202, 101, 396]
[-203, 102, 396]
[-203, 102, 396]
[-203, 102, 395]
[-203, 102, 395]
[-204, 103, 394]
[-204, 103, 394]
[-204, 103, 393]
[-204, 103, 393]
[-204, 103, 392]
[-205, 104, 392]
[-205, 104, 392]
[-205, 104, 391]
[-205, 104, 391]
[-206, 105, 390]
[-206, 105, 390]
[-206, 105, 389]
[-207, 106, 389]
[-207, 106, 388]
[-207, 106, 388]
[-207, 106, 388]
[-208, 107, 387]
[-208, 107, 387]
[-208, 107, 386]
[-209, 108, 386]
[-209, 108, 385]
[-209, 108, 385]
[-210, 109, 384]
[-210, 109, 384]
[-210, 109, 384]
[-211, 110, 383]
[-211, 110, 383]
[-211, 110, 382]
[-212, 111, 382]
[-212, 111, 381]
[-212, 111, 381]
[-213, 112, 380]
[-213, 112, 380]
[-213, 112, 379]
[-214, 113, 379]
[-214, 113, 379]
[-215, 113, 378]
[-215, 114, 378]
[-215, 114, 377]
[-216, 115, 377]
[-216, 115, 376]
[-216, 115, 376]
[-217, 116, 375]
[-217, 116, 375]
[-218, 117, 375]
[-218, 117, 374]
[-219, 117, 374]
[-219, 118, 373]
[-219, 118, 373]
[-220, 119, 372]
[-220, 119, 372]
[-221, 119, 371]
[-221, 120, 371]
[-222, 120, 371]
[-222, 121, 370]
[-222, 121, 370]
[-223, 122, 369]
[-223, 122, 369]
[-224, 123, 368]
[-224, 123, 368]
[-225, 123, 368]
[-225, 124, 367]
[-226, 124, 367]
[-226, 125, 366]
[-226, 125, 366]
[-227, 126, 365]
[-227, 126, 365]
[-228, 127, 365]
[-228, 127, 364]
[-229, 128, 364]
[-229, 128, 363]
[-230, 129, 363]
[-230, 129, 362]
[-231, 130, 362]
[-231, 130, 362]
[-232, 131, 361]
[-232, 131, 361]
[-233, 132, 360]
[-233, 132, 360]
[-234, 133, 360]
[-234, 133, 359]
[-235, 134, 359]
[-235, 134, 358]
[-236, 135, 358]
[-236, 135, 358]
[-237, 136, 357]
[-237, 136, 357]
[-238, 137, 357]
[-238, 137, 356]
[-239, 138, 356]
[-239, 138, 355]
[-240, 139, 355]
[-241, 139, 355]
[-241, 140, 354]
[-242, 140, 354]
[-242, 141, 354]
[-243, 141, 353]
[-243, 142, 353]
[-244, 142, 352]
[-244, 143, 352]
[-245, 143, 352]
[-245, 144, 351]
[-246, 145, 351]
[-246, 145, 351]
[-247, 146, 350]
[-248, 146, 350]
[-248, 147, 350]
[-249, 147, 349]
[-249, 148, 349]
[-250, 148, 349]
[-250, 149, 348]
[-251, 149, 348]
[-251, 150, 348]
[-252, 150, 347]
[-252, 151, 347]
[-253, 152, 347]
[-254, 152, 346]
[-254, 153, 346]
[-255, 153, 346]
[-255, 154, 346]
[-256, 154, 345]
[-256, 155, 345]
[-257, 155, 345]
[-257, 156, 344]
[-258, 157, 344]
[-259, 157, 344]
[-259, 158, 344]
[-260, 158, 343]
[-260, 159, 343]
[-261, 159, 343]
[-261, 160, 342]
[-262, 160, 342]
[-263, 161, 342]
[-263, 162, 342]
[-264, 162, 341]
[-264, 163, 341]
[-265, 163, 341]
[-265, 164, 341]
[-266, 164, 340]
[-266, 165, 340]
[-267, 166, 340]
[-268, 166, 340]
[-268, 167, 339]
[-269, 167, 339]
[-269, 168, 339]
[-270, 168, 339]
[-270, 169, 339]
[-271, 169, 338]
[-272, 170, 338]
[-272, 171, 338]
[-273, 171, 338]
[-273, 172, 338]
[-274, 172, 337]
[-274, 173, 337]
[-275, 173, 337]
[-275, 174, 337]
[-276, 174, 337]
[-277, 175, 336]
[-277, 176, 336]
[-278, 176, 336]
[-278, 177, 336]
[-279, 177, 336]
[-279, 178, 336]
[-280, 178, 335]
[-280, 179, 335]
[-281, 179, 335]
[-281, 180, 335]
[-282, 180, 335]
[-283, 181, 335]
[-283, 181, 335]
[-284, 182, 334]
[-284, 183, 334]
[-285, 183, 334]
[-285, 184, 334]
[-286, 184, 334]
[-286, 185, 334]
[-287, 185, 334]
[-287, 186, 334]
[-288, 186, 334]
[-288, 187, 333]
[-289, 187, 333]
[-290, 188, 333]
[-290, 188, 333]
[-291, 189, 333]
[-291, 189, 333]
[-292, 190, 333]
[-292, 190, 333]
[-293, 191, 333]
[-293, 191, 333]
[-294, 192, 333]
[-294, 192, 333]
[-295, 193, 333]
[-295, 193, 332]
[-296, 194, 332]
[-296, 194, 332]
[-297, 195, 332]
[-297, 195, 332]
[-298, 196, 332]
[-298, 196, 332]
[-299, 197, 332]
[-299, 197, 332]
[-300, 198, 332]
[-300, 198, 332]
[-301, 199, 332]
[-301, 199, 332]
[-302, 200, 332]
[-302, 200, 332]
[-303, 201, 332]
[-303, 201, 332]
[-303, 202, 332]
[-304, 202, 332]
[-304, 203, 332]
[-305, 203, 332]
[-305, 203, 332]
[-306, 204, 332]
[-306, 204, 332]
[-307, 205, 332]
[-307, 205, 332]
[-307, 206, 332]
[-308, 206, 333]
[-308, 207, 333]
[-309, 207, 333]
[-309, 207, 333]
[-310, 208, 333]
[-310, 208, 333]
[-310, 209, 333]
[-311, 209, 333]
[-311, 209, 333]
[-312, 210, 333]
[-312, 210, 333]
[-313, 211, 333]
[-313, 211, 333]
[-313, 211, 334]
[-314, 212, 334]
[-314, 212, 334]
[-314, 213, 334]
[-315, 213, 334]
[-315, 213, 334]
[-316, 214, 334]
[-316, 214, 334]
[-316, 214, 334]
[-317, 215, 335]
[-317, 215, 335]
[-317, 215, 335]
[-318, 216, 335]
[-318, 216, 335]
[-318, 216, 335]
[-319, 217, 335]
[-319, 217, 336]
[-319, 217, 336]
[-320, 218, 336]
[-320, 218, 336]
[-320, 218, 336]
[-321, 219, 337]
[-321, 219, 337]
[-321, 219, 337]
[-322, 220, 337]
[-322, 220, 337]
[-322, 220, 337]
[-322, 220, 338]
[-323, 221, 338]
[-323, 221, 338]
[-323, 221, 338]
[-324, 222, 338]
[-324, 222, 339]
[-324, 222, 339]
[-324, 222, 339]
[-325, 223, 339]
[-325, 223, 340]
[-325, 223, 340]
[-325, 223, 340]
[-325, 223, 340]
[-326, 224, 340]
[-326, 224, 341]
[-326, 224, 341]
[-326, 224, 341]
[-327, 225, 341]
[-327, 225, 342]
[-327, 225, 342]
[-327, 225, 342]
[-327, 225, 343]
[-327, 225, 343]
[-328, 226, 343]
[-328, 226, 343]
[-328, 226, 344]
[-328, 226, 344]
[-328, 226, 344]
[-328, 226, 344]
[-329, 227, 345]
[-329, 227, 345]
[-329, 227, 345]
[-329, 227, 346]
[-329, 227, 346]
[-329, 227, 346]
[-329, 227, 347]
[-329, 227, 347]
[-329, 227, 347]
[-329, 227, 348]
[-330, 228, 348]
[-330, 228, 348]
[-330, 228, 349]
[-330, 228, 349]
[-330, 228, 349]
[-330, 228, 350]
[-330, 228, 350]
[-330, 228, 350]
[-330, 228, 351]
[-330, 228, 351]
[-330, 228, 351]
[-330, 228, 352]
[-330, 228, 352]
