# Curve Parameters (NORTH-FIRST)
# y_end: 226
# loops: 0
# A (north bulge): 80
# B (lateral wiggle): 0
# samples: 350
#
# Analysis Results
# max_grade: 0.977098
# length_3d: 273.50
# length_2d: 234.07
# min_horiz_step: 0.201207
# min_chunk_z: 18
# status: OK
#
# Coordinates (x, y, z)
#==================================================

[-199, 98, 410]
[-199, 98, 409]
[-199, 98, 409]
[-199, 98, 408]
[-199, 98, 407]
[-199, 98, 406]
[-199, 98, 406]
[-199, 98, 405]
[-199, 98, 404]
[-199, 98, 403]
[-199, 98, 403]
[-199, 98, 402]
[-199, 98, 401]
[-200, 99, 400]
[-200, 99, 400]
[-200, 99, 399]
[-200, 99, 398]
[-200, 99, 397]
[-200, 99, 397]
[-200, 99, 396]
[-200, 99, 395]
[-200, 99, 394]
[-200, 99, 394]
[-201, 100, 393]
[-201, 100, 392]
[-201, 100, 391]
[-201, 100, 391]
[-201, 100, 390]
[-201, 100, 389]
[-202, 101, 388]
[-202, 101, 387]
[-202, 101, 387]
[-202, 101, 386]
[-202, 101, 385]
[-202, 101, 384]
[-203, 102, 384]
[-203, 102, 383]
[-203, 102, 382]
[-203, 102, 381]
[-204, 102, 380]
[-204, 103, 380]
[-204, 103, 379]
[-204, 103, 378]
[-204, 103, 377]
[-205, 104, 377]
[-205, 104, 376]
[-205, 104, 375]
[-205, 104, 374]
[-206, 105, 374]
[-206, 105, 373]
[-206, 105, 372]
[-207, 105, 371]
[-207, 106, 370]
[-207, 106, 370]
[-207, 106, 369]
[-208, 107, 368]
[-208, 107, 367]
[-208, 107, 367]
[-209, 107, 366]
[-209, 108, 365]
[-209, 108, 364]
[-210, 108, 364]
[-210, 109, 363]
[-210, 109, 362]
[-211, 109, 361]
[-211, 110, 361]
[-211, 110, 360]
[-212, 110, 359]
[-212, 111, 358]
[-212, 111, 358]
[-213, 111, 357]
[-213, 112, 356]
[-213, 112, 355]
[-214, 112, 355]
[-214, 113, 354]
[-215, 113, 353]
[-215, 114, 352]
[-215, 114, 352]
[-216, 114, 351]
[-216, 115, 350]
[-216, 115, 349]
[-217, 115, 349]
[-217, 116, 348]
[-218, 116, 347]
[-218, 117, 347]
[-219, 117, 346]
[-219, 117, 345]
[-219, 118, 345]
[-220, 118, 344]
[-220, 119, 343]
[-221, 119, 342]
[-221, 120, 342]
[-222, 120, 341]
[-222, 120, 340]
[-222, 121, 340]
[-223, 121, 339]
[-223, 122, 338]
[-224, 122, 338]
[-224, 123, 337]
[-225, 123, 336]
[-225, 124, 336]
[-226, 124, 335]
[-226, 124, 334]
[-226, 125, 334]
[-227, 125, 333]
[-227, 126, 333]
[-228, 126, 332]
[-228, 127, 331]
[-229, 127, 331]
[-229, 128, 330]
[-230, 128, 329]
[-230, 129, 329]
[-231, 129, 328]
[-231, 130, 328]
[-232, 130, 327]
[-232, 131, 326]
[-233, 131, 326]
[-233, 132, 325]
[-234, 132, 325]
[-234, 132, 324]
[-235, 133, 324]
[-235, 133, 323]
[-236, 134, 322]
[-236, 134, 322]
[-237, 135, 321]
[-237, 135, 321]
[-238, 136, 320]
[-238, 137, 320]
[-239, 137, 319]
[-239, 138, 319]
[-240, 138, 318]
[-241, 139, 318]
[-241, 139, 317]
[-242, 140, 317]
[-242, 140, 316]
[-243, 141, 316]
[-243, 141, 315]
[-244, 142, 315]
[-244, 142, 314]
[-245, 143, 314]
[-245, 143, 313]
[-246, 144, 313]
[-246, 144, 312]
[-247, 145, 312]
[-248, 145, 312]
[-248, 146, 311]
[-249, 146, 311]
[-249, 147, 310]
[-250, 148, 310]
[-250, 148, 309]
[-251, 149, 309]
[-251, 149, 309]
[-252, 150, 308]
[-252, 150, 308]
[-253, 151, 307]
[-254, 151, 307]
[-254, 152, 307]
[-255, 152, 306]
[-255, 153, 306]
[-256, 153, 306]
[-256, 154, 305]
[-257, 155, 305]
[-257, 155, 305]
[-258, 156, 304]
[-259, 156, 304]
[-259, 157, 304]
[-260, 157, 303]
[-260, 158, 303]
[-261, 158, 303]
[-261, 159, 302]
[-262, 160, 302]
[-263, 160, 302]
[-263, 161, 302]
[-264, 161, 301]
[-264, 162, 301]
[-265, 162, 301]
[-265, 163, 301]
[-266, 163, 300]
[-266, 164, 300]
[-267, 164, 300]
[-268, 165, 300]
[-268, 166, 300]
[-269, 166, 299]
[-269, 167, 299]
[-270, 167, 299]
[-270, 168, 299]
[-271, 168, 299]
[-272, 169, 298]
[-272, 169, 298]
[-273, 170, 298]
[-273, 171, 298]
[-274, 171, 298]
[-274, 172, 298]
[-275, 172, 298]
[-275, 173, 297]
[-276, 173, 297]
[-277, 174, 297]
[-277, 174, 297]
[-278, 175, 297]
[-278, 175, 297]
[-279, 176, 297]
[-279, 176, 297]
[-280, 177, 297]
[-280, 178, 297]
[-281, 178, 297]
[-281, 179, 296]
[-282, 179, 296]
[-283, 180, 296]
[-283, 180, 296]
[-284, 181, 296]
[-284, 181, 296]
[-285, 182, 296]
[-285, 182, 296]
[-286, 183, 296]
[-286, 183, 296]
[-287, 184, 296]
[-287, 184, 296]
[-288, 185, 296]
[-288, 185, 296]
[-289, 186, 296]
[-290, 186, 297]
[-290, 187, 297]
[-291, 187, 297]
[-291, 188, 297]
[-292, 189, 297]
[-292, 189, 297]
[-293, 190, 297]
[-293, 190, 297]
[-294, 191, 297]
[-294, 191, 297]
[-295, 192, 297]
[-295, 192, 298]
[-296, 192, 298]
[-296, 193, 298]
[-297, 193, 298]
[-297, 194, 298]
[-298, 194, 298]
[-298, 195, 298]
[-299, 195, 299]
[-299, 196, 299]
[-300, 196, 299]
[-300, 197, 299]
[-301, 197, 299]
[-301, 198, 300]
[-302, 198, 300]
[-302, 199, 300]
[-303, 199, 300]
[-303, 200, 300]
[-303, 200, 301]
[-304, 200, 301]
[-304, 201, 301]
[-305, 201, 301]
[-305, 202, 302]
[-306, 202, 302]
[-306, 203, 302]
[-307, 203, 302]
[-307, 204, 303]
[-307, 204, 303]
[-308, 204, 303]
[-308, 205, 304]
[-309, 205, 304]
[-309, 206, 304]
[-310, 206, 305]
[-310, 207, 305]
[-310, 207, 305]
[-311, 207, 306]
[-311, 208, 306]
[-312, 208, 306]
[-312, 209, 307]
[-313, 209, 307]
[-313, 209, 307]
[-313, 210, 308]
[-314, 210, 308]
[-314, 210, 308]
[-314, 211, 309]
[-315, 211, 309]
[-315, 212, 310]
[-316, 212, 310]
[-316, 212, 311]
[-316, 213, 311]
[-317, 213, 311]
[-317, 213, 312]
[-317, 214, 312]
[-318, 214, 313]
[-318, 214, 313]
[-318, 215, 314]
[-319, 215, 314]
[-319, 215, 314]
[-319, 216, 315]
[-320, 216, 315]
[-320, 216, 316]
[-320, 217, 316]
[-321, 217, 317]
[-321, 217, 317]
[-321, 217, 318]
[-322, 218, 318]
[-322, 218, 319]
[-322, 218, 319]
[-322, 219, 320]
[-323, 219, 320]
[-323, 219, 321]
[-323, 219, 321]
[-324, 220, 322]
[-324, 220, 323]
[-324, 220, 323]
[-324, 220, 324]
[-325, 221, 324]
[-325, 221, 325]
[-325, 221, 325]
[-325, 221, 326]
[-325, 222, 326]
[-326, 222, 327]
[-326, 222, 328]
[-326, 222, 328]
[-326, 222, 329]
[-327, 223, 329]
[-327, 223, 330]
[-327, 223, 331]
[-327, 223, 331]
[-327, 223, 332]
[-327, 223, 332]
[-328, 224, 333]
[-328, 224, 334]
[-328, 224, 334]
[-328, 224, 335]
[-328, 224, 336]
[-328, 224, 336]
[-329, 225, 337]
[-329, 225, 338]
[-329, 225, 338]
[-329, 225, 339]
[-329, 225, 340]
[-329, 225, 340]
[-329, 225, 341]
[-329, 225, 342]
[-329, 225, 342]
[-329, 225, 343]
[-330, 226, 344]
[-330, 226, 344]
[-330, 226, 345]
[-330, 226, 346]
[-330, 226, 346]
[-330, 226, 347]
[-330, 226, 348]
[-330, 226, 348]
[-330, 226, 349]
[-330, 226, 350]
[-330, 226, 351]
[-330, 226, 351]
[-330, 226, 352]
